# r  chir_mag  chir_re  chir_im
0.000000000000000000e+00 1.490749418758383418e-02 -1.490749418758383418e-02 0.000000000000000000e+00
3.067961575771282340e-02 1.498340690580276038e-02 -1.487021180068360399e-02 1.838282760531665533e-03
6.135923151542564680e-02 1.519543553439220256e-02 -1.472656666071172141e-02 3.745596810587505446e-03
9.203884727313846326e-02 1.550539821231088425e-02 -1.440158692024243181e-02 5.745578117216379281e-03
1.227184630308512936e-01 1.587410788747421753e-02 -1.382449337035812978e-02 7.801966692834266977e-03
1.533980787885641239e-01 1.628370348799039816e-02 -1.297038310825409345e-02 9.845210069364057973e-03
1.840776945462769265e-01 1.675043688168885436e-02 -1.186635070237171581e-02 1.182230335999565063e-02
2.147573103039897569e-01 1.732209735854281160e-02 -1.055513849162596253e-02 1.373477733060976189e-02
2.454369260617025872e-01 1.805950946662174261e-02 -9.038298490747951122e-03 1.563505812484058607e-02
2.761165418194154175e-01 1.900843939940544472e-02 -7.237122622127322227e-03 1.757682635042976532e-02
3.067961575771282479e-01 2.017507280953764748e-02 -5.002131272867464673e-03 1.954513355286032969e-02
3.374757733348410782e-01 2.151807152585466162e-02 -2.174230735891357919e-03 2.140794532174683865e-02
3.681553890925538530e-01 2.296037292265017127e-02 1.330840027285222493e-03 2.292177108272706529e-02
3.988350048502666834e-01 2.441281802447352323e-02 5.459077992095370813e-03 2.379462442175289683e-02
4.295146206079795137e-01 2.579832248539946221e-02 1.001015733125275829e-02 2.377709387760064755e-02
4.601942363656923440e-01 2.706858117367265046e-02 1.468874652779145543e-02 2.273650835546214485e-02
4.908738521234051744e-01 2.820966102510958501e-02 1.918668447300812124e-02 2.067984801890033336e-02
5.215534678811180047e-01 2.923601751198938101e-02 2.325269526948626000e-02 1.772165011125547557e-02
5.522330836388308350e-01 3.017535655111645843e-02 2.671823338803048370e-02 1.402455516619832004e-02
5.829126993965436654e-01 3.105009606302639932e-02 2.947876833880846634e-02 9.752470597240015318e-03
6.135923151542564957e-01 3.186375010979060340e-02 3.145912714990938691e-02 5.061806992074559947e-03
6.442719309119693261e-01 3.259992543834071277e-02 3.259968698011427718e-02 1.246891492532805636e-04
6.749515466696821564e-01 3.323674943002810633e-02 3.288115465922242242e-02 -4.848832947294567410e-03
7.056311624273949867e-01 3.377247043978175156e-02 3.237185012648247096e-02 -9.625127479389001400e-03
7.363107781851077061e-01 3.425200389159428066e-02 3.125669398141493749e-02 -1.400781396014269889e-02
7.669903939428205364e-01 3.478125239740430252e-02 2.981121303083698881e-02 -1.791722902577286280e-02
7.976700097005333667e-01 3.551738665035357456e-02 2.831803520499260110e-02 -2.143766863722625440e-02
8.283496254582461971e-01 3.663241125157260664e-02 2.696683543417034354e-02 -2.479361491938435191e-02
8.590292412159590274e-01 3.826683275097363113e-02 2.580014621121427473e-02 -2.826133302360229332e-02
8.897088569736718577e-01 4.050989245656780313e-02 2.474527100224821127e-02 -3.207371119574382867e-02
9.203884727313846881e-01 4.343924748284466730e-02 2.371221903161043268e-02 -3.639641315394634424e-02
9.510680884890975184e-01 4.721811972716167399e-02 2.267369504609640513e-02 -4.141804417793285703e-02
9.817477042468103487e-01 5.220344948534567930e-02 2.162206748309798351e-02 -4.751511692004339871e-02
1.012427320004523068e+00 5.898925294259079605e-02 2.034910951370198784e-02 -5.536827344900976944e-02
1.043106935762236009e+00 6.832039911859409675e-02 1.810539023580619647e-02 -6.587770320930418089e-02
1.073786551519948729e+00 8.089334275863657719e-02 1.331235046819606929e-02 -7.979043945033878482e-02
1.104466167277661670e+00 9.716238741226863873e-02 3.547759036557171508e-03 -9.709759489024590018e-02
1.135145783035374389e+00 1.172630040462445955e-01 -1.404544778651090932e-02 -1.164188022375508558e-01
1.165825398793087331e+00 1.410560212097644872e-01 -4.195549265003718081e-02 -1.346719635114235758e-01
1.196505014550800050e+00 1.682328543278743815e-01 -8.133991348380578690e-02 -1.472620512886833044e-01
1.227184630308512991e+00 1.984378247722380084e-01 -1.312661059374879147e-01 -1.488179415673581696e-01
1.257864246066225711e+00 2.313927141355740513e-01 -1.884659343893306804e-01 -1.342504366092862889e-01
1.288543861823938652e+00 2.670161761159326463e-01 -2.476898329486674211e-01 -9.973657785103706708e-02
1.319223477581651371e+00 3.055225576799217579e-01 -3.024427938265423221e-01 -4.327111870147011541e-02
1.349903093339364313e+00 3.474735979960401622e-01 -3.456742706483326155e-01 3.531571769137727135e-02
1.380582709097077032e+00 3.937521042511454850e-01 -3.700292703967803520e-01 1.346070527566492481e-01
1.411262324854789973e+00 4.454372142070887608e-01 -3.675900316158614012e-01 2.515787758480868552e-01
1.441941940612502693e+00 5.035889702218827590e-01 -3.295233406605762583e-01 3.808099511423383432e-01
1.472621556370215412e+00 5.689856113725757503e-01 -2.464384200834360272e-01 5.128476684706714250e-01
1.503301172127928353e+00 6.418790395052805797e-01 -1.102714854214886520e-01 6.323360663912505064e-01
1.533980787885641073e+00 7.218267127831505814e-01 8.200819453118525504e-02 7.171530236407459569e-01
1.564660403643354014e+00 8.076275426433058291e-01 3.235339922901765974e-01 7.399918941913111725e-01
1.595340019401066733e+00 8.973565000384533530e-01 5.932159560339134163e-01 6.733078921771472602e-01
1.626019635158779675e+00 9.884740319944612663e-01 8.542477637702496907e-01 4.973345654797328708e-01
1.656699250916492394e+00 1.077983454357219983e+00 1.057463061659018599e+00 2.093327520830392252e-01
1.687378866674205335e+00 1.162614631995254166e+00 1.150264226954674562e+00 -1.690118064450688851e-01
1.718058482431918055e+00 1.239018365616864070e+00 1.089834798481668310e+00 -5.894290647349401668e-01
1.748738098189630996e+00 1.303959960738370949e+00 8.573056480092242637e-01 -9.825164655619254006e-01
1.779417713947343715e+00 1.354502440809397745e+00 4.683236048642328564e-01 -1.270964147128307298e+00
1.810097329705056657e+00 1.388170781666347997e+00 -2.426360680868511893e-02 -1.387958715688904610e+00
1.840776945462769376e+00 1.403089292766162677e+00 -5.379715446856886407e-01 -1.295857314901430302e+00
1.871456561220482318e+00 1.398085363707346040e+00 -9.777546500684224373e-01 -9.993190323826913746e-01
1.902136176978195037e+00 1.372754407445643698e+00 -1.258576007882613146e+00 -5.481250729018923851e-01
1.932815792735907978e+00 1.327482929505736431e+00 -1.327192631402259737e+00 -2.776053458919070654e-02
1.963495408493620697e+00 1.263429091478453614e+00 -1.176562217822610501e+00 4.603850744609456203e-01
1.994175024251333417e+00 1.182462729676963642e+00 -8.481821746340287849e-01 8.238962954815285400e-01
2.024854640009046136e+00 1.087069348733422203e+00 -4.212649648949824965e-01 1.002125540193311126e+00
2.055534255766759077e+00 9.802249864505780952e-01 8.245272802521554090e-03 9.801903078170320915e-01
2.086213871524472019e+00 8.652509828334303821e-01 3.526118628296070479e-01 7.901418464339499126e-01
2.116893487282184960e+00 7.456597250985287362e-01 5.538202205430352576e-01 4.992910863931751542e-01
2.147573103039897457e+00 6.250050135773199678e-01 5.955351608273733444e-01 1.896553168648336118e-01
2.178252718797610399e+00 5.067558340835059960e-01 5.025788851616000974e-01 -6.493026695920002533e-02
2.208932334555323340e+00 3.942267393866968894e-01 3.290330922024800042e-01 -2.171449890813530459e-01
2.239611950313036282e+00 2.906465882075039420e-01 1.395088861711868411e-01 -2.549759006571742370e-01
2.270291566070748779e+00 1.996359501446444140e-01 -1.014796566853402512e-02 -1.993778608144474995e-01
2.300971181828461720e+00 1.271582192960812596e-01 -8.690411088673576090e-02 -9.282719561387289819e-02
2.331650797586174662e+00 8.741489103789445991e-02 -8.582499190355162566e-02 1.659620257535611432e-02
2.362330413343887603e+00 9.390455727521906937e-02 -2.627550723877237343e-02 9.015355565034648133e-02
2.393010029101600100e+00 1.228106185798334832e-01 5.839091129783550299e-02 1.080414249895365053e-01
2.423689644859313042e+00 1.514247487837406536e-01 1.334207001861178743e-01 7.161264766830655049e-02
2.454369260617025983e+00 1.732747128305084927e-01 1.732710109209784910e-01 -1.132643331917963618e-03
2.485048876374738480e+00 1.873238069555042407e-01 1.673726508373991617e-01 -8.412255585730314678e-02
2.515728492132451422e+00 1.941446591671230071e-01 1.202645594315886607e-01 -1.524092662138501197e-01
2.546408107890164363e+00 1.948692654395449142e-01 4.727019884968198388e-02 -1.890490912796444489e-01
2.577087723647877304e+00 1.908092014952838256e-01 -3.195351089368578257e-02 -1.881146579000023966e-01
2.607767339405589802e+00 1.832719306819014793e-01 -9.954071228656836967e-02 -1.538838756119506879e-01
2.638446955163302743e+00 1.734545250266335270e-01 -1.434917754702529635e-01 -9.745041110539014173e-02
2.669126570921015684e+00 1.623799408310969417e-01 -1.591006420507585783e-01 -3.246892180758281093e-02
2.699806186678728626e+00 1.508637085321918869e-01 -1.481475857770098992e-01 2.849826978133314370e-02
2.730485802436441123e+00 1.395053328813462834e-01 -1.168290051257230427e-01 7.624120581200836966e-02
2.761165418194154064e+00 1.287000728250705661e-01 -7.342625027356775025e-02 1.056990752842325576e-01
2.791845033951867006e+00 1.186664675714539791e-01 -2.637767455618163920e-02 1.156976612161849521e-01
2.822524649709579947e+00 1.094843975082627902e-01 1.701994966028960374e-02 1.081533846502665264e-01
2.853204265467292444e+00 1.011384318432232698e-01 5.136384116761661539e-02 8.712484270410003617e-02
2.883883881225005386e+00 9.356207374541634925e-02 7.352219617353031311e-02 5.786491435545076251e-02
2.914563496982718327e+00 8.668000208451431821e-02 8.272564442041817345e-02 2.588224326827065144e-02
2.945243112740430824e+00 8.044670764829946197e-02 8.034844736813626098e-02 -3.974893329486872857e-03
2.975922728498143766e+00 7.487998690524201584e-02 6.932743534508989391e-02 -2.829698124184972310e-02
3.006602344255856707e+00 7.008559030825198266e-02 5.326359235709847428e-02 -4.555194505257689763e-02
3.037281960013569648e+00 6.626435126856172753e-02 3.541229470943885876e-02 -5.600833538371932652e-02
3.067961575771282146e+00 6.368715367803527705e-02 1.788180562012551753e-02 -6.112523677969460695e-02
3.098641191528995087e+00 6.262482527812703037e-02 1.334420058227905577e-03 -6.261060664315702684e-02
3.129320807286708028e+00 6.324373521564038980e-02 -1.469347652561592450e-02 -6.151318388457230335e-02
3.160000423044420970e+00 6.551782197364981741e-02 -3.099320186173831412e-02 -5.772353449441926937e-02
3.190680038802133467e+00 6.921532301448020397e-02 -4.776075645095573252e-02 -5.009661748293314787e-02
3.221359654559846408e+00 7.396446941021944665e-02 -6.396341745504471876e-02 -3.714059723007921698e-02
3.252039270317559350e+00 7.934725071542068908e-02 -7.728591778383071820e-02 -1.796867019027252252e-02
3.282718886075272291e+00 8.497360700229286690e-02 -8.469286730135916486e-02 6.901602368615858060e-03
3.313398501832984788e+00 9.052290716312688668e-02 -8.338028250474283087e-02 3.524379676898282965e-02
3.344078117590697730e+00 9.576069785241589361e-02 -7.173523818715053790e-02 6.343632126325160492e-02
3.374757733348410671e+00 1.005409039734217747e-01 -4.994236786050203908e-02 8.725957405510932630e-02
3.405437349106123612e+00 1.047990947470608669e-01 -2.004773478538209724e-02 1.028636893649961526e-01
3.436116964863836110e+00 1.085386058547820193e-01 1.447702078525624561e-02 1.075687911528384749e-01
3.466796580621549051e+00 1.118098647038768684e-01 4.944691633204614800e-02 1.002818443705084522e-01
3.497476196379261992e+00 1.146838049430053824e-01 8.067735452312997657e-02 8.150791117035513511e-02
3.528155812136974490e+00 1.172220300703291779e-01 1.045076529563411655e-01 5.309571364400437338e-02
3.558835427894687431e+00 1.194484321229255380e-01 1.180978685538845580e-01 1.791148736578158929e-02
3.589515043652400372e+00 1.213280922967822084e-01 1.195954746250705164e-01 -2.043106530704200119e-02
3.620194659410113314e+00 1.227585001101228201e-01 1.083054370010373274e-01 -5.778911372656066192e-02
3.650874275167825811e+00 1.235753713202555615e-01 8.492303530953834723e-02 -8.977165739114958964e-02
3.681553890925538752e+00 1.235717313720414851e-01 5.175357700241114273e-02 -1.122120317155851366e-01
3.712233506683251694e+00 1.225260435625493832e-01 1.273419424949260789e-02 -1.218625112489806761e-01
3.742913122440964635e+00 1.202339994329286038e-01 -2.693322834921206207e-02 -1.171785638686815151e-01
3.773592738198677132e+00 1.165391079050122070e-01 -6.160875760413966201e-02 -9.892282172365710058e-02
3.804272353956390074e+00 1.113587053069733102e-01 -8.636991435491424285e-02 -7.029224097985570241e-02
3.834951969714103015e+00 1.047037322742617599e-01 -9.817598894809574650e-02 -3.639157520943089169e-02
3.865631585471815956e+00 9.669221540637593093e-02 -9.664231161479069909e-02 -3.106143258559126378e-03
3.896311201229528454e+00 8.755784312546126269e-02 -8.411044087495464505e-02 2.432713769853832655e-02
3.926990816987241395e+00 7.765648811129984008e-02 -6.492931743874839901e-02 4.259945871391673800e-02
3.957670432744954336e+00 6.747486330645528774e-02 -4.414887409562279902e-02 5.102679780579682384e-02
3.988350048502666834e+00 5.764470540838650958e-02 -2.605388563517480049e-02 5.142088199291117157e-02
4.019029664260379775e+00 4.895369762239649980e-02 -1.303532670837024079e-02 4.718627733262158869e-02
4.049709280018092272e+00 4.229511171544483861e-02 -5.176015462594879893e-03 4.197720022765856485e-02
4.080388895775805658e+00 3.840954295162615773e-02 -6.620587677999836222e-04 3.840383663048255874e-02
4.111068511533518155e+00 3.738177233117039033e-02 3.173891107433541962e-03 3.724678936307947857e-02
4.141748127291231540e+00 3.840862859811824959e-02 8.597422737116382219e-03 3.743403629142202926e-02
4.172427743048944038e+00 4.026951386096189189e-02 1.648541136770923302e-02 3.674050841558409303e-02
4.203107358806656535e+00 4.191309743081118866e-02 2.596432184663776538e-02 3.290230580504777125e-02
4.233786974564369920e+00 4.265552430396611638e-02 3.477838042070371949e-02 2.469732797205105926e-02
4.264466590322082418e+00 4.213433786389513686e-02 4.021275893020146569e-02 1.257920690863973366e-02
4.295146206079794915e+00 4.022057872432262260e-02 4.019756026670542187e-02 -1.360551918898692588e-03
4.325825821837508300e+00 3.695136288913334482e-02 3.416948803960175723e-02 -1.406589159903963264e-02
4.356505437595220798e+00 3.248575018104954415e-02 2.337845510938926438e-02 -2.255597041857945739e-02
4.387185053352934183e+00 2.707981648591923501e-02 1.054446660755667745e-02 -2.494254768208703510e-02
4.417864669110646680e+00 2.108832833960408437e-02 -9.917856697597940852e-04 -2.106499355196217102e-02
4.448544284868359178e+00 1.504278556457951631e-02 -8.310944273145862496e-03 -1.253848486981524492e-02
4.479223900626072563e+00 1.003917611464515657e-02 -9.789041601961088676e-03 -2.227043236207342045e-03
4.509903516383785060e+00 8.647525420712769834e-03 -5.525258586310548628e-03 6.652158556158678168e-03
4.540583132141497558e+00 1.181236967526497726e-02 2.784339183440003463e-03 1.147952667389558722e-02
4.571262747899210943e+00 1.656469022236833552e-02 1.244353089454157575e-02 1.093377798565594097e-02
4.601942363656923440e+00 2.125296498165036088e-02 2.059504315093422036e-02 5.247162864102279840e-03
4.632621979414635938e+00 2.534026496211717189e-02 2.501969573540592864e-02 -4.017941470207541006e-03
4.663301595172349323e+00 2.862936619638546676e-02 2.465695667089999946e-02 -1.454905826973343537e-02
4.693981210930061820e+00 3.106528750662201216e-02 1.972379561907611906e-02 -2.400049945826126380e-02
4.724660826687775206e+00 3.268282608147161927e-02 1.144967223870558756e-02 -3.061163383908046057e-02
4.755340442445487703e+00 3.358846805839254407e-02 1.563416050566275974e-03 -3.355206277954439487e-02
4.786020058203200200e+00 3.395096536628385703e-02 -8.271854197508849912e-03 -3.292786779367533334e-02
4.816699673960913586e+00 3.399160083442243074e-02 -1.688849090843991263e-02 -2.949928477306272209e-02
4.847379289718626083e+00 3.396766527601794566e-02 -2.378843243078714031e-02 -2.424691252076169312e-02
4.878058905476338580e+00 3.414306019084633464e-02 -2.903917369074477187e-02 -1.795758754829033729e-02
4.908738521234051966e+00 3.474454672267617006e-02 -3.296481424256787057e-02 -1.097745639559646880e-02
4.939418136991764463e+00 3.591410537404721159e-02 -3.577029085183012352e-02 -3.210803200703056959e-03
4.970097752749476960e+00 3.767921794749611725e-02 -3.725361975124613645e-02 5.647236542281289240e-03
5.000777368507190346e+00 3.995743338292074426e-02 -3.672682659059556959e-02 1.573965346298549992e-02
5.031456984264902843e+00 4.258972192966945652e-02 -3.319269427213038942e-02 2.668575389610437429e-02
5.062136600022616229e+00 4.538191216680138862e-02 -2.573371524733108345e-02 3.738039394501554979e-02
5.092816215780328726e+00 4.813753932669503216e-02 -1.398909633222726774e-02 4.606004642026293588e-02
5.123495831538041223e+00 5.067749322645191679e-02 1.448942443825939263e-03 5.065677531694610936e-02
5.154175447295754608e+00 5.284935419076322582e-02 1.888011230205088181e-02 4.936188405888383701e-02
5.184855063053467106e+00 5.453073245793389756e-02 3.567955200214022876e-02 4.123797220190799501e-02
5.215534678811179603e+00 5.562971360059474485e-02 4.881411294042432153e-02 2.668046875757047048e-02
5.246214294568892988e+00 5.608408366206493745e-02 5.557288638473163733e-02 7.555047258833547975e-03
5.276893910326605486e+00 5.586007698869831228e-02 5.430811406490581444e-02 -1.307581538170687376e-02
5.307573526084318871e+00 5.495091405758216474e-02 4.495710392555207074e-02 -3.159844556921893172e-02
5.338253141842031368e+00 5.337519167641526646e-02 2.916522936404401106e-02 -4.470235432990945362e-02
5.368932757599743866e+00 5.117511595572075273e-02 9.944677958237248955e-03 -5.019956048999248133e-02
5.399612373357457251e+00 4.841455344728795573e-02 -9.051063692596950094e-03 -4.756098434150470705e-02
5.430291989115169748e+00 4.517688220321337822e-02 -2.442982808362779978e-02 -3.800176555645024684e-02
5.460971604872882246e+00 4.156263738855181522e-02 -3.387062320211500777e-02 -2.408804082096744487e-02
5.491651220630595631e+00 3.768695750079124884e-02 -3.659842947891133597e-02 -8.992314793399935544e-03
5.522330836388308128e+00 3.367683325505824860e-02 -3.339314246026144073e-02 4.362010398621479941e-03
5.553010452146020626e+00 2.966810265794276105e-02 -2.615907865314992878e-02 1.399638951088980239e-02
5.583690067903734011e+00 2.580192384243327683e-02 -1.722739314052662216e-02 1.920823259835384086e-02
5.614369683661446508e+00 2.221988697646274519e-02 -8.644261934717401008e-03 2.046949224701908460e-02
5.645049299419159894e+00 1.905572832735645886e-02 -1.683103742004720066e-03 1.898125243179872579e-02
5.675728915176872391e+00 1.642001762030846287e-02 3.283145024873959997e-03 1.608844111145905226e-02
5.706408530934584888e+00 1.437480457408130477e-02 6.561486629668642802e-03 1.278991398531313141e-02
5.737088146692298274e+00 1.290413436851411966e-02 8.715146065938197614e-03 9.516454846739368437e-03
5.767767762450010771e+00 1.190296960855026336e-02 1.014743720530829341e-02 6.221752459427827044e-03
5.798447378207723268e+00 1.120658913458013294e-02 1.087786399164158632e-02 2.694385831805997441e-03
5.829126993965436654e+00 1.064812149534749043e-02 1.059220929159779973e-02 -1.089767728770925067e-03
5.859806609723149151e+00 1.010681135026390669e-02 8.915938245579953930e-03 -4.759588308964125478e-03
5.890486225480861648e+00 9.527571342682518082e-03 5.757112057032409171e-03 -7.591460758818241276e-03
5.921165841238575034e+00 8.918081570779733819e-03 1.535787840993300436e-03 -8.784846874620994353e-03
5.951845456996287531e+00 8.334234769295562409e-03 -2.827385344276694360e-03 -7.839984777070960892e-03
5.982525072754000917e+00 7.857124520662256417e-03 -6.176873619601316694e-03 -4.855989911507787443e-03
