# r  chir_mag  chir_re  chir_im
0.000000000000000000e+00 9.083229775822752872e-02 9.083229775822752872e-02 0.000000000000000000e+00
3.067961575771282340e-02 9.104415441199514847e-02 8.477627790464437041e-02 -3.319669798684387468e-02
6.135923151542564680e-02 9.167089363083011366e-02 6.780973484813049290e-02 -6.168786427573260539e-02
9.203884727313846326e-02 9.271347939045929132e-02 4.308691764234823945e-02 -8.209328102084005596e-02
1.227184630308512936e-01 9.425012703638717404e-02 1.456679644689465140e-02 -9.311764004553518825e-02
1.533980787885641239e-01 9.650479435431413844e-02 -1.431647941224576531e-02 -9.543696218241234930e-02
1.840776945462769265e-01 9.986717302270645136e-02 -4.157093474581306097e-02 -9.080368732549654043e-02
2.147573103039897569e-01 1.048236386519433710e-01 -6.675318456353901420e-02 -8.082083624201924499e-02
2.454369260617025872e-01 1.117981611906967154e-01 -9.024575747870393350e-02 -6.598887862902322321e-02
2.761165418194154175e-01 1.209661551210741565e-01 -1.120812023366786342e-01 -4.550400825795765380e-02
3.067961575771282479e-01 1.321387483827069775e-01 -1.309157941289258720e-01 -1.793609968028291035e-02
3.374757733348410782e-01 1.447702742115025976e-01 -1.437080150125446543e-01 1.750539106755097038e-02
3.681553890925538530e-01 1.580613020128403268e-01 -1.463497666125102847e-01 5.970863427058174799e-02
3.988350048502666834e-01 1.710952114824330905e-01 -1.350640795270609262e-01 1.050298329700959932e-01
4.295146206079795137e-01 1.829661309271191361e-01 -1.080145494974952686e-01 1.476802700542386160e-01
4.601942363656923440e-01 1.928857099210372905e-01 -6.643629809480722237e-02 1.810831725677470583e-01
4.908738521234051744e-01 2.002707353407867652e-01 -1.476306635703042262e-02 1.997258603828692136e-01
5.215534678811180047e-01 2.048152437162704398e-01 4.037459539788409296e-02 2.007963548100722417e-01
5.522330836388308350e-01 2.065471652463160834e-01 9.193907216503859059e-02 1.849565853943049565e-01
5.829126993965436654e-01 2.058639007271058641e-01 1.343921616381090478e-01 1.559445174182666483e-01
6.135923151542564957e-01 2.035332678995611377e-01 1.649970543261454203e-01 1.191711508947091575e-01
6.442719309119693261e-01 2.006359343576200605e-01 1.840479282496224889e-01 7.988202715615727589e-02
6.749515466696821564e-01 1.984192901907087525e-01 1.940066771244135235e-01 4.161278590683693823e-02
7.056311624273949867e-01 1.980502414321944626e-01 1.979733832805396498e-01 5.517032155703443033e-03
7.363107781851077061e-01 2.003168081632107633e-01 1.981700128250125092e-01 -2.924841277113952517e-02
7.669903939428205364e-01 2.054096285505779551e-01 1.950680010937842213e-01 -6.435518977177989708e-02
7.976700097005333667e-01 2.129186024360845420e-01 1.874669985704550679e-01 -1.009477870501400698e-01
8.283496254582461971e-01 2.220594804409831979e-01 1.733839139968899601e-01 -1.387387156522593146e-01
8.590292412159590274e-01 2.320131206025737025e-01 1.512440836058610849e-01 -1.759412268513770028e-01
8.897088569736718577e-01 2.422406353907732290e-01 1.207482833576996595e-01 -2.100008988092531836e-01
9.203884727313846881e-01 2.526989060114351870e-01 8.297438219338398868e-02 -2.386880579312722905e-01
9.510680884890975184e-01 2.639284674264334996e-01 3.967410631491016110e-02 -2.609294947034144219e-01
9.817477042468103487e-01 2.769929738981619094e-01 -7.845911466914675877e-03 -2.768818326691029896e-01
1.012427320004523068e+00 2.932534636762291758e-01 -5.962063101132893811e-02 -2.871288461926394531e-01
1.043106935762236009e+00 3.140068998601709960e-01 -1.171212385331837913e-01 -2.913467841666499969e-01
1.073786551519948729e+00 3.401043926616378887e-01 -1.823219681845970053e-01 -2.871057258659888700e-01
1.104466167277661670e+00 3.717108094405606189e-01 -2.560081597606965187e-01 -2.694972133267771741e-01
1.135145783035374389e+00 4.082993806381803870e-01 -3.360037261624653770e-01 -2.319695674748321335e-01
1.165825398793087331e+00 4.488434884837908534e-01 -4.161209525503178908e-01 -1.682374215295603104e-01
1.196505014550800050e+00 4.920939571207370022e-01 -4.864005023278805129e-01 -7.463922541084744289e-02
1.227184630308512991e+00 5.368471032342650995e-01 -5.347036988622422271e-01 4.792459362434042802e-02
1.257864246066225711e+00 5.821583717771597888e-01 -5.491628816193599993e-01 1.932058469139964207e-01
1.288543861823938652e+00 6.274884200860944006e-01 -5.206441644649921763e-01 3.502447306537147531e-01
1.319223477581651371e+00 6.727764932216048210e-01 -4.444021893090754904e-01 5.051088040896344333e-01
1.349903093339364313e+00 7.184332517856445444e-01 -3.205103834667479279e-01 6.429770068682810757e-01
1.380582709097077032e+00 7.652447491023562920e-01 -1.532519822310379476e-01 7.497421930043592919e-01
1.411262324854789973e+00 8.141884952479425674e-01 4.983436093917422566e-02 8.126619483302347513e-01
1.441941940612502693e+00 8.661827416515193168e-01 2.784158165345180236e-01 8.202177607430604089e-01
1.472621556370215412e+00 9.218144710691044130e-01 5.188312621915213141e-01 7.619422815707010965e-01
1.503301172127928353e+00 9.811064246281109291e-01 7.527669075271220533e-01 6.292152250054096063e-01
1.533980787885641073e+00 1.043376841123357046e+00 9.561121395136072953e-01 4.177137886965994751e-01
1.564660403643354014e+00 1.107217990384092854e+00 1.099395707986422277e+00 1.313801944404962008e-01
1.595340019401066733e+00 1.170585453190644998e+00 1.150995537082805997e+00 -2.132594120713320607e-01
1.626019635158779675e+00 1.230966181109946378e+00 1.083418003216242154e+00 -5.843656127317350402e-01
1.656699250916492394e+00 1.285586599621493242e+00 8.816095789061073607e-01 -9.356802100650358778e-01
1.687378866674205335e+00 1.331628191244482506e+00 5.509939360659052987e-01 -1.212286815129016038e+00
1.718058482431918055e+00 1.366428837243929273e+00 1.222833119952608377e-01 -1.360946199840120885e+00
1.748738098189630996e+00 1.387657753138672678e+00 -3.495091081327137972e-01 -1.342921227465760481e+00
1.779417713947343715e+00 1.393458085347621500e+00 -7.929855319807529446e-01 -1.145818214940686586e+00
1.810097329705056657e+00 1.382554584673218123e+00 -1.134203451164219389e+00 -7.905945300646275431e-01
1.840776945462769376e+00 1.354325418886314303e+00 -1.313301480675504118e+00 -3.308119724210700774e-01
1.871456561220482318e+00 1.308838123714120449e+00 -1.299422493438986415e+00 1.567112556018455394e-01
1.902136176978195037e+00 1.246850490731654881e+00 -1.099449801570678398e+00 5.880869664122512219e-01
1.932815792735907978e+00 1.169778083794667189e+00 -7.575660958749140805e-01 8.913329208029757700e-01
1.963495408493620697e+00 1.079631095239151239e+00 -3.452373765942041151e-01 1.022944013917497230e+00
1.994175024251333417e+00 9.789243410284672597e-01 5.589360852139522995e-02 9.773273607059590473e-01
2.024854640009046136e+00 8.705652681866206111e-01 3.735048512667393239e-01 7.863701496452250028e-01
2.055534255766759077e+00 7.577258421615509221e-01 5.610034457260975049e-01 5.093364170790040113e-01
2.086213871524472019e+00 6.437050818602536584e-01 6.063146254194095031e-01 2.161915988544349521e-01
2.116893487282184960e+00 5.317899164857405880e-01 5.309069510239539103e-01 -3.063208498225235277e-02
2.147573103039897457e+00 4.251233352648121078e-01 3.799390977732218233e-01 -1.907252793154280424e-01
2.178252718797610399e+00 3.265916867508418253e-01 2.070744280461851994e-01 -2.525516008741683915e-01
2.208932334555323340e+00 2.387513144797951958e-01 5.892335272940806695e-02 -2.313660058629093685e-01
2.239611950313036282e+00 1.638419622250706087e-01 -3.619205538625121926e-02 -1.597946297992519638e-01
2.270291566070748779e+00 1.040287679931875264e-01 -7.224193739896958566e-02 -7.485377112092481133e-02
2.300971181828461720e+00 6.226000182165269264e-02 -6.197388217167711100e-02 -5.962026115615301665e-03
2.331650797586174662e+00 4.282808537431589263e-02 -2.810329505603824385e-02 3.231794708552736956e-02
2.362330413343887603e+00 4.169515426180608886e-02 7.032700289787988113e-03 4.109777385150955448e-02
2.393010029101600100e+00 4.373207060122694112e-02 2.951433117434788811e-02 3.227070272556229608e-02
2.423689644859313042e+00 4.235835592332787281e-02 3.701813194069933366e-02 2.058854594545960967e-02
2.454369260617025983e+00 4.009009702635118327e-02 3.667907820839391708e-02 1.618212289425506947e-02
2.485048876374738480e+00 4.424806056649216446e-02 3.924994128563216028e-02 2.042872910805729539e-02
2.515728492132451422e+00 5.873761209236044722e-02 5.244529487387241534e-02 2.644991720034639560e-02
2.546408107890164363e+00 7.995240171391024275e-02 7.640783659272787354e-02 2.354206972722387367e-02
2.577087723647877304e+00 1.031776035471645980e-01 1.031252489456386534e-01 3.286472825983484652e-03
2.607767339405589802e+00 1.249982015615572206e-01 1.198609730907194554e-01 -3.546685104952950612e-02
2.638446955163302743e+00 1.429437757691993105e-01 1.149724200611699637e-01 -8.493683333179435913e-02
2.669126570921015684e+00 1.551959675147825679e-01 8.353978737187088555e-02 -1.307933188611408171e-01
2.699806186678728626e+00 1.604934246142105947e-01 3.036205020449260494e-02 -1.575953211608046578e-01
2.730485802436441123e+00 1.581083658252184221e-01 -3.100202388784056157e-02 -1.550391236390958605e-01
2.761165418194154064e+00 1.478389106314473012e-01 -8.284124815392981955e-02 -1.224486467911837656e-01
2.791845033951867006e+00 1.300026140610422154e-01 -1.097671459906704450e-01 -6.965524620419578927e-02
2.822524649709579947e+00 1.054490474364046804e-01 -1.045351514813033095e-01 -1.385293145966211281e-02
2.853204265467292444e+00 7.570857100304428933e-02 -7.095381782765194933e-02 2.640726148246685945e-02
2.883883881225005386e+00 4.414475387335699968e-02 -2.276248271257985331e-02 3.782365232627291768e-02
2.914563496982718327e+00 2.714801188035080581e-02 2.109495635214268111e-02 1.708851560425491550e-02
2.945243112740430824e+00 5.130611692635331927e-02 4.302572490863392635e-02 -2.794824914278525377e-02
2.975922728498143766e+00 8.741382449262528886e-02 3.276292217767214771e-02 -8.104176480560684737e-02
3.006602344255856707e+00 1.234842309756774975e-01 -9.358389703157601533e-03 -1.231291023349813107e-01
3.037281960013569648e+00 1.566094910911464133e-01 -7.286762003055227699e-02 -1.386248269644039244e-01
3.067961575771282146e+00 1.852673473143436889e-01 -1.409971158106524680e-01 -1.201823752218730973e-01
3.098641191528995087e+00 2.085459716563992649e-01 -1.963188768587117716e-01 -7.035851677690233008e-02
3.129320807286708028e+00 2.260584815197421438e-01 -2.260584323649910687e-01 1.490761361422992778e-04
3.160000423044420970e+00 2.379598826919603061e-01 -2.252452855549914035e-01 7.674286355109431745e-02
3.190680038802133467e+00 2.449717827136254078e-01 -1.968131499829212372e-01 1.458621209214093495e-01
3.221359654559846408e+00 2.483782033082447549e-01 -1.489852074176327146e-01 1.987338417314895300e-01
3.252039270317559350e+00 2.499516648460881063e-01 -9.128314092968604909e-02 2.326869634108069684e-01
3.282718886075272291e+00 2.517539834350476791e-01 -3.090810921229864699e-02 2.498494686012657229e-01
3.313398501832984788e+00 2.557707148709383871e-01 2.906727496895058008e-02 2.541136598285701487e-01
3.344078117590697730e+00 2.634299563381263809e-01 8.912182977398268313e-02 2.478964327174645044e-01
3.374757733348410671e+00 2.751998805459943687e-01 1.507977608295733574e-01 2.302064499124999997e-01
3.405437349106123612e+00 2.904901689419642774e-01 2.135806548121583492e-01 1.968955107206373789e-01
3.436116964863836110e+00 3.078955742510359195e-01 2.726751581849649608e-01 1.429963032815167179e-01
3.466796580621549051e+00 3.256028136180540433e-01 3.188154849783110811e-01 6.613530656190774737e-02
3.497476196379261992e+00 3.417582430449197517e-01 3.403964625507871489e-01 -3.047859859083141415e-02
3.528155812136974490e+00 3.547102669365235772e-01 3.272412016655490419e-01 -1.368669770348831805e-01
3.558835427894687431e+00 3.631374600626908755e-01 2.746193923764993494e-01 -2.375984095728434775e-01
3.589515043652400372e+00 3.661023132022223070e-01 1.859655546676522164e-01 -3.153533196419066043e-01
3.620194659410113314e+00 3.630629692983646795e-01 7.317633411859447712e-02 -3.556120692562460550e-01
3.650874275167825811e+00 3.538617127887096481e-01 -4.577965902297930628e-02 -3.508879231285953471e-01
3.681553890925538752e+00 3.386998111351163798e-01 -1.512513101720737718e-01 -3.030521460643277321e-01
3.712233506683251694e+00 3.181039707985742759e-01 -2.269028033543702971e-01 -2.229467516420639839e-01
3.742913122440964635e+00 2.928883884179239727e-01 -2.637263528010059255e-01 -1.274049406747164992e-01
3.773592738198677132e+00 2.641168363823232501e-01 -2.618324484085678416e-01 -3.466225931732620086e-02
3.804272353956390074e+00 2.330708252867010610e-01 -2.295498498403595877e-01 4.035933644266578857e-02
3.834951969714103015e+00 2.012322333335729574e-01 -1.802651717652221375e-01 8.943645554734665215e-02
3.865631585471815956e+00 1.702898068005958554e-01 -1.281404819935221262e-01 1.121545147314725877e-01
3.896311201229528454e+00 1.421677507394041584e-01 -8.413310794520813263e-02 1.146005649976530871e-01
3.926990816987241395e+00 1.190114237160457139e-01 -5.353208016752331738e-02 1.062922168733817785e-01
3.957670432744954336e+00 1.028802487480151712e-01 -3.562431774906574256e-02 9.651556127053853573e-02
3.988350048502666834e+00 9.478058613918506625e-02 -2.534362350080992393e-02 9.132940521396532008e-02
4.019029664260379775e+00 9.354326270281418387e-02 -1.610851623851580414e-02 9.214585015984809446e-02
4.049709280018092272e+00 9.620940168745169274e-02 -2.734084451591028801e-03 9.617054515426748384e-02
4.080388895775805658e+00 9.971034161033093257e-02 1.660692249028765735e-02 9.831766041485358321e-02
4.111068511533518155e+00 1.019018324775155526e-01 3.996166795215886497e-02 9.373925835399513073e-02
4.141748127291231540e+00 1.016226339450646970e-01 6.269736296013306287e-02 7.997624902293148930e-02
4.172427743048944038e+00 9.843923797166499734e-02 7.956135224786743676e-02 5.796787731953664813e-02
4.203107358806656535e+00 9.242228881286940201e-02 8.683771970904929915e-02 3.164000482209252535e-02
4.233786974564369920e+00 8.401006373956090845e-02 8.377054576422568455e-02 6.339280076543001193e-03
4.264466590322082418e+00 7.394610575555654597e-02 7.275677947963368752e-02 -1.320899678870074076e-02
4.295146206079794915e+00 6.328436840115092554e-02 5.830497892522012310e-02 -2.460570495763588286e-02
4.325825821837508300e+00 5.345579962919838612e-02 4.522228042132866305e-02 -2.850382198042432022e-02
4.356505437595220798e+00 4.628144079177553410e-02 3.676306955061575676e-02 -2.811491559616022262e-02
4.387185053352934183e+00 4.345580217719936800e-02 3.345914422519470632e-02 -2.772890929303756594e-02
4.417864669110646680e+00 4.522421075213783198e-02 3.306914665465580244e-02 -3.084899962213760033e-02
4.448544284868359178e+00 4.997439922300641463e-02 3.164738006423490485e-02 -3.867665850057746407e-02
4.479223900626072563e+00 5.562496913162009310e-02 2.530432720894696882e-02 -4.953613040394087147e-02
4.509903516383785060e+00 6.065654418570821937e-02 1.197093610121606824e-02 -5.946354380133575535e-02
4.540583132141497558e+00 6.418311564140412318e-02 -7.520503585721918446e-03 -6.374099433845535623e-02
4.571262747899210943e+00 6.576737616334979442e-02 -2.946761089404423620e-02 -5.879632365725562249e-02
4.601942363656923440e+00 6.527934707381041757e-02 -4.845153279608545305e-02 -4.374748134570556612e-02
4.632621979414635938e+00 6.281419979127482456e-02 -5.920052852935667187e-02 -2.099812175560033037e-02
4.663301595172349323e+00 5.864348229823382330e-02 -5.848123810033938746e-02 4.359220838025607697e-03
4.693981210930061820e+00 5.318287785631870684e-02 -4.631875563704815346e-02 2.613410364476911885e-02
4.724660826687775206e+00 4.696802862615950813e-02 -2.609018979226712318e-02 3.905505997474872232e-02
4.755340442445487703e+00 4.063110980934758060e-02 -3.450259383538782990e-03 4.048435246518787556e-02
4.786020058203200200e+00 3.485999682294878277e-02 1.552231891837533261e-02 3.121341048159021955e-02
4.816699673960913586e+00 3.029369896752753116e-02 2.628347881357519233e-02 1.506276663138357216e-02
4.847379289718626083e+00 2.729948796010661996e-02 2.718050136001848999e-02 -2.546053554432669858e-03
4.878058905476338580e+00 2.572227751766805598e-02 1.973260637042159246e-02 -1.650029716477641878e-02
4.908738521234051966e+00 2.491405613191104498e-02 7.771827112459764840e-03 -2.367084485771578026e-02
4.939418136991764463e+00 2.410611180236269663e-02 -4.187881684295777229e-03 -2.373955082191636645e-02
4.970097752749476960e+00 2.277397394039818931e-02 -1.269890419537699454e-02 -1.890480682986664385e-02
5.000777368507190346e+00 2.082940010534674660e-02 -1.656121366369623857e-02 -1.263289795470620182e-02
5.031456984264902843e+00 1.877819985094780764e-02 -1.699102055007282314e-02 -7.995374307006471865e-03
5.062136600022616229e+00 1.788751335374874976e-02 -1.674554440642353134e-02 -6.288869255521011351e-03
5.092816215780328726e+00 1.970512146665417269e-02 -1.859864300012994617e-02 -6.510168244316921066e-03
5.123495831538041223e+00 2.454928496660559872e-02 -2.382898788819095767e-02 -5.903111772282162648e-03
5.154175447295754608e+00 3.140958585929275876e-02 -3.138071932770770955e-02 -1.346305436338791385e-03
5.184855063053467106e+00 3.913355410832687620e-02 -3.808272185351577188e-02 9.007849542321394454e-03
5.215534678811179603e+00 4.682710749480174794e-02 -3.987357459505225937e-02 2.455353427395985319e-02
5.246214294568892988e+00 5.379564650003563347e-02 -3.355113382229910762e-02 4.205107610507694688e-02
5.276893910326605486e+00 5.947827728522973173e-02 -1.832472083097637025e-02 5.658506936715245600e-02
5.307573526084318871e+00 6.342535961468526162e-02 3.501591533465889163e-03 6.332862779963661926e-02
5.338253141842031368e+00 6.529873494617162433e-02 2.705586341815340370e-02 5.942983291469532137e-02
5.368932757599743866e+00 6.488047351101768057e-02 4.649310479808905355e-02 4.525336505993532432e-02
5.399612373357457251e+00 6.208419141454996765e-02 5.707187828252763273e-02 2.443864834443245163e-02
5.430291989115169748e+00 5.696855174250459869e-02 5.690487146512133304e-02 2.692859293844205183e-03
5.460971604872882246e+00 4.975966064329884198e-02 4.767390983001693755e-02 -1.425560061364226916e-02
5.491651220630595631e+00 4.090782237208330507e-02 3.398872083155355522e-02 -2.276437540238336610e-02
5.522330836388308128e+00 3.127300729823600384e-02 2.159997764607552925e-02 -2.261508238244025817e-02
5.553010452146020626e+00 2.278899488270176230e-02 1.514067558507494783e-02 -1.703227027120349929e-02
5.583690067903734011e+00 1.983945253477388537e-02 1.627723642131830017e-02 -1.134263864204687437e-02
5.614369683661446508e+00 2.540951179766116202e-02 2.301277390471134776e-02 -1.077290708240436455e-02
5.645049299419159894e+00 3.549172462690507873e-02 3.044665337275969177e-02 -1.823907386330461330e-02
5.675728915176872391e+00 4.647752449345927961e-02 3.272499225939896894e-02 -3.300356290860707864e-02
5.706408530934584888e+00 5.677257394243990368e-02 2.544022632444122370e-02 -5.075352240594749320e-02
5.737088146692298274e+00 6.554105315319694314e-02 7.545463915812592078e-03 -6.510526570658749235e-02
5.767767762450010771e+00 7.225260848894193844e-02 -1.797795437630926238e-02 -6.998022999318925796e-02
5.798447378207723268e+00 7.655955585115263584e-02 -4.498667017106665333e-02 -6.194808390132355846e-02
5.829126993965436654e+00 7.826226587183941763e-02 -6.626961476361972747e-02 -4.163316488661311654e-02
5.859806609723149151e+00 7.729825530048162197e-02 -7.608634613187807705e-02 -1.363408246998958420e-02
5.890486225480861648e+00 7.373663373260616605e-02 -7.218985382930485917e-02 1.502385297851759581e-02
5.921165841238575034e+00 6.777267535088997430e-02 -5.657126304420347779e-02 3.732060720032120277e-02
5.951845456996287531e+00 5.972268327577172353e-02 -3.465600677417608050e-02 4.863907988568867691e-02
5.982525072754000917e+00 5.002483420655478435e-02 -1.327476014972417059e-02 4.823136718319924465e-02
