# r  chir_mag  chir_re  chir_im
0.000000000000000000e+00 3.851842401557565437e-02 3.851842401557565437e-02 0.000000000000000000e+00
3.067961575771282340e-02 3.905658853736940911e-02 3.676383516658407458e-02 -1.318474618722755010e-02
6.135923151542564680e-02 4.064894067370383723e-02 3.146941584181845580e-02 -2.572959860683799588e-02
9.203884727313846326e-02 4.323189367372596431e-02 2.260336780932251446e-02 -3.685219660064823627e-02
1.227184630308512936e-01 4.670766520525947846e-02 1.028864137967748331e-02 -4.556039779772554782e-02
1.533980787885641239e-01 5.095343911094886435e-02 -5.009975657654946839e-03 -5.070653903731626305e-02
1.840776945462769265e-01 5.583073783724315509e-02 -2.234777261525891859e-02 -5.116295873566791691e-02
2.147573103039897569e-01 6.119452614857937706e-02 -4.027653787377795391e-02 -4.607136342079855285e-02
2.454369260617025872e-01 6.690190741967040611e-02 -5.696149198392728985e-02 -3.508922409166575357e-02
2.761165418194154175e-01 7.281983139000743066e-02 -7.041590587688371927e-02 -1.855607833587056069e-02
3.067961575771282479e-01 7.883063795255279560e-02 -7.879196525125749251e-02 2.468945493745894164e-03
3.374757733348410782e-01 8.483396509377932881e-02 -8.065347603544922861e-02 2.630244165342424112e-02
3.681553890925538530e-01 9.074376525914196190e-02 -7.517279435416325539e-02 5.082796398040100028e-02
3.988350048502666834e-01 9.647998606199684191e-02 -6.223106041190051840e-02 7.372708342619753441e-02
4.295146206079795137e-01 1.019558165511812442e-01 -4.243762049066965303e-02 9.270402847615639985e-02
4.601942363656923440e-01 1.070629923647694881e-01 -1.710134454759631648e-02 1.056883548398927786e-01
4.908738521234051744e-01 1.116589819806155515e-01 1.182590981901942770e-02 1.110309691658135922e-01
5.215534678811180047e-01 1.155603936603628035e-01 4.184702604398345127e-02 1.077173662610267924e-01
5.522330836388308350e-01 1.185463723802667596e-01 7.010330155497457305e-02 9.559691164265284036e-02
5.829126993965436654e-01 1.203743121448155456e-01 9.369110303201076684e-02 7.557745852423611299e-02
6.135923151542564957e-01 1.208085316995309855e-01 1.101169725187400167e-01 4.968856704216410847e-02
6.442719309119693261e-01 1.196614141051752095e-01 1.178205946796565817e-01 2.090840727990312189e-02
6.749515466696821564e-01 1.168464660441431158e-01 1.166182475164457694e-01 -7.299381699711548870e-03
7.056311624273949867e-01 1.124439624471789551e-01 1.078862915924581750e-01 -3.168900088752689415e-02
7.363107781851077061e-01 1.067814499174174619e-01 9.434741579694103097e-02 -5.000843107821974221e-02
7.669903939428205364e-01 1.005291247365544260e-01 7.944172960400529282e-02 -6.160451702449934452e-02
7.976700097005333667e-01 9.478971574760296226e-02 6.642099261477230066e-02 -6.762648853503878954e-02
8.283496254582461971e-01 9.109553916166311660e-02 5.743157100415853533e-02 -7.071076231485837194e-02
8.590292412159590274e-01 9.112645685467916923e-02 5.288708811217244371e-02 -7.420907660052786237e-02
8.897088569736718577e-01 9.606844904490881298e-02 5.134700019079769390e-02 -8.119502739269482405e-02
9.203884727313846881e-01 1.060646211844441522e-01 4.993783443759510637e-02 -9.357305466149418161e-02
9.510680884890975184e-01 1.203627768790680175e-01 4.515232552272801375e-02 -1.115726918108992938e-01
9.817477042468103487e-01 1.379378186265488859e-01 3.372751691348922082e-02 -1.337508744281733497e-01
1.012427320004523068e+00 1.579757815905181995e-01 1.329967638247893380e-02 -1.574149490272649943e-01
1.043106935762236009e+00 1.800517405656092418e-01 -1.733376701908577802e-02 -1.792154284698544153e-01
1.073786551519948729e+00 2.041246035393954883e-01 -5.830795944537080916e-02 -1.956196197609850751e-01
1.104466167277661670e+00 2.304514873987151269e-01 -1.089213060261161187e-01 -2.030862800335003215e-01
1.135145783035374389e+00 2.594634472666952352e-01 -1.677211582620582730e-01 -1.979669001089595093e-01
1.165825398793087331e+00 2.916256956651629983e-01 -2.322557685512940950e-01 -1.763598717022610285e-01
1.196505014550800050e+00 3.273082764765246622e-01 -2.985155742955625802e-01 -1.342354638425462821e-01
1.227184630308512991e+00 3.666931977454276348e-01 -3.603186145824499587e-01 -6.807640750033137900e-02
1.257864246066225711e+00 4.097330465403722366e-01 -4.090332245068523664e-01 2.393722366486385200e-02
1.288543861823938652e+00 4.561593288607384555e-01 -4.340027658165234170e-01 1.404383586143303775e-01
1.319223477581651371e+00 5.055255240216116608e-01 -4.238443808774603472e-01 2.755213172078112005e-01
1.349903093339364313e+00 5.572649078685367741e-01 -3.685127032693740201e-01 4.180222064326571951e-01
1.380582709097077032e+00 6.107453188229449159e-01 -2.617612848919691482e-01 5.518069174954641776e-01
1.411262324854789973e+00 6.653085784604212405e-01 -1.034903843829062392e-01 6.572101984246020434e-01
1.441941940612502693e+00 7.202885000234731105e-01 9.853077037838044172e-02 7.135174914146867886e-01
1.472621556370215412e+00 7.750071587680521512e-01 3.279736091207254289e-01 7.021890114933829752e-01
1.503301172127928353e+00 8.287539815192170867e-01 5.605574079047775937e-01 6.104167054783408153e-01
1.533980787885641073e+00 8.807559051564760599e-01 7.660954028807621663e-01 4.345443569452558941e-01
1.564660403643354014e+00 9.301488682476414249e-01 9.120066844218712721e-01 1.828133602125220636e-01
1.595340019401066733e+00 9.759608209750291197e-01 9.681538217779700473e-01 -1.231978143270542336e-01
1.626019635158779675e+00 1.017114241039330569e+00 9.125776036215187403e-01 -4.491363898565995938e-01
1.656699250916492394e+00 1.052452341525834223e+00 7.372844778938054677e-01 -7.510442928616595237e-01
1.687378866674205335e+00 1.080788675314370506e+00 4.528076930304680836e-01 -9.813609701940552155e-01
1.718058482431918055e+00 1.100975692569087006e+00 9.002301412462938857e-02 -1.097289083403228727e+00
1.748738098189630996e+00 1.111984769084603641e+00 -3.021089064383651324e-01 -1.070159023382391883e+00
1.779417713947343715e+00 1.112988660389295337e+00 -6.634444388616291821e-01 -8.936359631856455321e-01
1.810097329705056657e+00 1.103437224159850683e+00 -9.335317996488677883e-01 -5.882959176349454866e-01
1.840776945462769376e+00 1.083118311280193868e+00 -1.064389671998713816e+00 -2.005490024231728063e-01
1.871456561220482318e+00 1.052197575327275647e+00 -1.032066057528056913e+00 2.048399141356273823e-01
1.902136176978195037e+00 1.011233226927137352e+00 -8.436290155743588759e-01 5.575685817211274431e-01
1.932815792735907978e+00 9.611641650223804456e-01 -5.371046968912153163e-01 7.970916488714239190e-01
1.963495408493620697e+00 9.032722285859385858e-01 -1.737073265565891034e-01 8.864121409565476339e-01
1.994175024251333417e+00 8.391213718452068537e-01 1.760175532368958851e-01 8.204526175470941984e-01
2.024854640009046136e+00 7.704782691275803286e-01 4.485500513785985466e-01 6.264500096624540104e-01
2.055534255766759077e+00 6.992201448739128189e-01 6.017372806895464610e-01 3.561194406738358298e-01
2.086213871524472019e+00 6.272364907671498235e-01 6.231099175143519631e-01 7.183067621250913137e-02
2.116893487282184960e+00 5.563318157443982725e-01 5.300003728602881159e-01 -1.691292227186499686e-01
2.147573103039897457e+00 4.881367607752414295e-01 3.618499242714689479e-01 -3.276310875434098602e-01
2.178252718797610399e+00 4.240348967738230002e-01 1.674897512732329563e-01 -3.895545878313041999e-01
2.208932334555323340e+00 3.651123338948877861e-01 -8.424299099887925732e-03 -3.650151333120966179e-01
2.239611950313036282e+00 3.121366658293859286e-01 -1.357174529998095014e-01 -2.810873015743156067e-01
2.270291566070748779e+00 2.655699542744870412e-01 -2.030932543346122554e-01 -1.711155476779641915e-01
2.300971181828461720e+00 2.256157497869294981e-01 -2.162147593434784465e-01 -6.444877340927500364e-02
2.331650797586174662e+00 1.922900701680515800e-01 -1.912231460053320509e-01 2.022818620286198632e-02
2.362330413343887603e+00 1.654891924014753046e-01 -1.467421338604845416e-01 7.650763982612553138e-02
2.393010029101600100e+00 1.450082100337967694e-01 -9.744343379823636186e-02 1.073878865925503023e-01
2.423689644859313042e+00 1.304670304508210033e-01 -5.112622122028493560e-02 1.200323103934517188e-01
2.454369260617025983e+00 1.211634059191204343e-01 -9.551888606617634295e-03 1.207863086527952434e-01
2.485048876374738480e+00 1.159788439337267607e-01 2.828215197139443554e-02 1.124776071939241617e-01
2.515728492132451422e+00 1.134708358648518073e-01 6.253773414132755837e-02 9.468190112337611375e-02
2.546408107890164363e+00 1.121207886288095174e-01 9.049669207984256669e-02 6.619229536246903911e-02
2.577087723647877304e+00 1.105775343372361330e-01 1.069715938156186180e-01 2.800837761543747625e-02
2.607767339405589802e+00 1.077952890931671986e-01 1.067604790332301046e-01 -1.490048547110885482e-02
2.638446955163302743e+00 1.030774266845305154e-01 8.776200024195825178e-02 -5.406280796846648501e-02
2.669126570921015684e+00 9.607749338585017118e-02 5.310470249234585521e-02 -8.006731735550728923e-02
2.699806186678728626e+00 8.679944635978494027e-02 1.115263917509831323e-02 -8.607997750810141013e-02
2.730485802436441123e+00 7.563308563408650820e-02 -2.675518550915697430e-02 -7.074265821202690985e-02
2.761165418194154064e+00 6.348565143258136367e-02 -4.996418022167978951e-02 -3.916642225931189075e-02
2.791845033951867006e+00 5.213315508149251459e-02 -5.210975006209948857e-02 -1.561988225458355375e-03
2.822524649709579947e+00 4.478317864069832760e-02 -3.327516042073992708e-02 2.997159969268778368e-02
2.853204265467292444e+00 4.527524481895153080e-02 6.480564261557987635e-05 4.527519843849038550e-02
2.883883881225005386e+00 5.402830296992491843e-02 3.719329650350423205e-02 3.918821528230671120e-02
2.914563496982718327e+00 6.774061890285998366e-02 6.651156774984433306e-02 1.284534175490787550e-02
2.945243112740430824e+00 8.339276115890191521e-02 7.888385593592160683e-02 -2.704976684532469505e-02
2.975922728498143766e+00 9.927618975058570550e-02 6.989900718652235223e-02 -7.049745134210737285e-02
3.006602344255856707e+00 1.144957066360932224e-01 4.050868854147787052e-02 -1.070902095933510684e-01
3.037281960013569648e+00 1.286014694287438420e-01 -3.863076321570946096e-03 -1.285434346070068734e-01
3.067961575771282146e+00 1.414147340697292365e-01 -5.516512806773901656e-02 -1.302111195608201266e-01
3.098641191528995087e+00 1.529365666114891331e-01 -1.047742697958726349e-01 -1.114089125503527483e-01
3.129320807286708028e+00 1.632860480660974500e-01 -1.451500124943305436e-01 -7.479176001365102355e-02
3.160000423044420970e+00 1.726493821112338178e-01 -1.707925077217853083e-01 -2.525328591480180060e-02
3.190680038802133467e+00 1.812359989006623873e-01 -1.785300721338681784e-01 3.120097180212075619e-02
3.221359654559846408e+00 1.892432168459735886e-01 -1.673649690030426240e-01 8.832871714693225906e-02
3.252039270317559350e+00 1.968318149361061309e-01 -1.381458401348972798e-01 1.402087380460466659e-01
3.282718886075272291e+00 2.041130485328862265e-01 -9.325372176016127890e-02 1.815650846370710780e-01
3.313398501832984788e+00 2.111449022755340632e-01 -3.636704136210895666e-02 2.079894421827980511e-01
3.344078117590697730e+00 2.179333427453960526e-01 2.772175556652506367e-02 2.161630082796131558e-01
3.374757733348410671e+00 2.244340967857130498e-01 9.330371240794396726e-02 2.041202612454591780e-01
3.405437349106123612e+00 2.305521441075682465e-01 1.540300650003248173e-01 1.715489149735218433e-01
3.436116964863836110e+00 2.361388541732376833e-01 2.033220173369573447e-01 1.200904480642803751e-01
3.466796580621549051e+00 2.409892644923423699e-01 2.349581400646868767e-01 5.357702882675664108e-02
3.497476196379261992e+00 2.448433199562198570e-01 2.438618353396703464e-01 -2.190106371734882804e-02
3.528155812136974490e+00 2.473945257880730275e-01 2.270499753013434652e-01 -9.824642540858599671e-02
3.558835427894687431e+00 2.483077024098902519e-01 1.845949167211880515e-01 -1.660765841314670865e-01
3.589515043652400372e+00 2.472451647979022615e-01 1.203279940537200915e-01 -2.159892251084524761e-01
3.620194659410113314e+00 2.438985533958560881e-01 4.194281738140422794e-02 -2.402650711582968446e-01
3.650874275167825811e+00 2.380222954299387461e-01 -3.978513949533310501e-02 -2.346737219994474155e-01
3.681553890925538752e+00 2.294644237256561747e-01 -1.127292450051969458e-01 -1.998650521634679489e-01
3.712233506683251694e+00 2.181910455640303503e-01 -1.658292450729558221e-01 -1.418026580951793070e-01
3.742913122440964635e+00 2.043018240293711096e-01 -1.916084775422872699e-01 -7.089024358580597873e-02
3.773592738198677132e+00 1.880351215213656169e-01 -1.880350434077164568e-01 1.713949034586210725e-04
3.804272353956390074e+00 1.697627734831960167e-01 -1.590666251903992134e-01 5.930605374870240309e-02
3.834951969714103015e+00 1.499757430814357417e-01 -1.135863069471639147e-01 9.793300968995838351e-02
3.865631585471815956e+00 1.292632250109004843e-01 -6.296450589288661581e-02 1.128913297728542653e-01
3.896311201229528454e+00 1.082894185378724949e-01 -1.797330663392110103e-02 1.067874450294301752e-01
3.926990816987241395e+00 8.777500723205614030e-02 1.396729195477818160e-02 8.665660188374280093e-02
3.957670432744954336e+00 6.849651735045578227e-02 3.033342151056574870e-02 6.141381301143607890e-02
3.988350048502666834e+00 5.133071016113733426e-02 3.338599988289449316e-02 3.898995790541529699e-02
4.019029664260379775e+00 3.738983663494814536e-02 2.855817108419705583e-02 2.413360205012592130e-02
4.049709280018092272e+00 2.817841293922265095e-02 2.202751338996742150e-02 1.757303643734219392e-02
4.080388895775805658e+00 2.485307653858813762e-02 1.841297563956246358e-02 1.669244564255937049e-02
4.111068511533518155e+00 2.600776762141560061e-02 1.941814503689433258e-02 1.730143404390773604e-02
4.141748127291231540e+00 2.852138372432709221e-02 2.381202088681293877e-02 1.569894871755095692e-02
4.172427743048944038e+00 3.034649623193099929e-02 2.858307842902467477e-02 1.019399142018604341e-02
4.203107358806656535e+00 3.069254886271813310e-02 3.065370230004883095e-02 1.543726332716145472e-03
4.233786974564369920e+00 2.941278078935982698e-02 2.837676342851266215e-02 -7.737633429231504344e-03
4.264466590322082418e+00 2.666971668763834860e-02 2.220349480962304292e-02 -1.477425485220618291e-02
4.295146206079794915e+00 2.280373909430518861e-02 1.431908375886632029e-02 -1.774751692456479069e-02
4.325825821837508300e+00 1.831511457366709339e-02 7.501826991092264314e-03 -1.670826183785352123e-02
4.356505437595220798e+00 1.398567571397578424e-02 3.776164756446456945e-03 -1.346624316239179373e-02
4.387185053352934183e+00 1.121763446632075174e-02 3.477358535820446878e-03 -1.066505042807317991e-02
4.417864669110646680e+00 1.168262876238634722e-02 5.125765227784974051e-03 -1.049811152681124835e-02
4.448544284868359178e+00 1.496532011752056690e-02 6.134400904047020327e-03 -1.365027222323030726e-02
4.479223900626072563e+00 1.934280988851946187e-02 4.014104836276104898e-03 -1.892171389559600680e-02
4.509903516383785060e+00 2.380612814229526517e-02 -2.454222086655031068e-03 -2.367928485146367570e-02
4.540583132141497558e+00 2.791928624756701699e-02 -1.257246714023309807e-02 -2.492828944354874218e-02
4.571262747899210943e+00 3.149027592896676969e-02 -2.385772557511777262e-02 -2.055350112425703007e-02
4.601942363656923440e+00 3.443963949140344677e-02 -3.288448057911484701e-02 -1.023228739528237591e-02
4.632621979414635938e+00 3.674829010072230839e-02 -3.649311156235753723e-02 4.323150913878824608e-03
4.663301595172349323e+00 3.843200917423308938e-02 -3.290167201322022339e-02 1.986200664340884853e-02
4.693981210930061820e+00 3.952634699887357800e-02 -2.232385521928000743e-02 3.261866942755309307e-02
4.724660826687775206e+00 4.007687782722302999e-02 -6.903628570981110678e-03 3.947779184468268310e-02
4.755340442445487703e+00 4.013320755490160097e-02 9.966538485292178451e-03 3.887598820951052025e-02
4.786020058203200200e+00 3.974620985962037251e-02 2.467070060040713053e-02 3.116276191370166010e-02
4.816699673960913586e+00 3.896827362454084037e-02 3.437585019281420851e-02 1.835285462259973396e-02
4.847379289718626083e+00 3.785638949398902053e-02 3.770243329876665078e-02 3.410681584764833820e-03
4.878058905476338580e+00 3.647783535229334045e-02 3.488676925166042664e-02 -1.065578730880185031e-02
4.908738521234051966e+00 3.491799502718791193e-02 2.744721832380575544e-02 -2.158510094959162351e-02
4.939418136991764463e+00 3.328920706032675869e-02 1.752424061868277511e-02 -2.830322061963652311e-02
4.970097752749476960e+00 3.173797828628703577e-02 7.150180121154694687e-03 -3.092206639175124408e-02
5.000777368507190346e+00 3.044490553790598145e-02 -2.300646390564019868e-03 -3.035785399855535013e-02
5.031456984264902843e+00 2.960819540507726375e-02 -1.031670769986762874e-02 -2.775267153592118896e-02
5.062136600022616229e+00 2.940313955819173763e-02 -1.707781180668958149e-02 -2.393518246794441862e-02
5.092816215780328726e+00 2.992462553388924862e-02 -2.301417370375692661e-02 -1.912670965108216256e-02
5.123495831538041223e+00 3.114234602556549547e-02 -2.830009070145145939e-02 -1.299809917894442605e-02
5.154175447295754608e+00 3.289900208306815316e-02 -3.251014040070994426e-02 -5.043323228571545101e-03
5.184855063053467106e+00 3.494901677792563305e-02 -3.460448932540823724e-02 4.895211156981364546e-03
5.215534678811179603e+00 3.700842277561672278e-02 -3.327986929137690536e-02 1.618868914667445646e-02
5.246214294568892988e+00 3.879318887469056232e-02 -2.756737228994291661e-02 2.729379944410640149e-02
5.276893910326605486e+00 4.004233857046430450e-02 -1.743623230979271174e-02 3.604672913081898716e-02
5.307573526084318871e+00 4.053160383736264388e-02 -4.128052920064823918e-03 4.032083938508788240e-02
5.338253141842031368e+00 4.008330201884598154e-02 9.975664023872682015e-03 3.882212292001604309e-02
5.368932757599743866e+00 3.857560317603070388e-02 2.197635035497832665e-02 3.170358316452312475e-02
5.399612373357457251e+00 3.595290605789122629e-02 2.938805619765760824e-02 2.071119520768587366e-02
5.430291989115169748e+00 3.223975792984782457e-02 3.103436929897531241e-02 8.733264772695509270e-03
5.460971604872882246e+00 2.756564073302118084e-02 2.754204737558311675e-02 -1.140252333096400525e-03
5.491651220630595631e+00 2.222565242201494581e-02 2.118428694631905446e-02 -6.723511891878741591e-03
5.522330836388308128e+00 1.686626290105767631e-02 1.506957951523985040e-02 -7.574866169211042291e-03
5.553010452146020626e+00 1.302873525548050790e-02 1.194358787652931644e-02 -5.205636463778722488e-03
5.583690067903734011e+00 1.329844252320535984e-02 1.305784939833058711e-02 -2.518162551050676014e-03
5.614369683661446508e+00 1.776942974621387172e-02 1.757219999637250549e-02 -2.640155448665189569e-03
5.645049299419159894e+00 2.400617710891465167e-02 2.277616366860398672e-02 -7.585704181257113023e-03
5.675728915176872391e+00 3.047104533994990025e-02 2.509890679345817138e-02 -1.727800572643098387e-02
5.706408530934584888e+00 3.641923175919633410e-02 2.155091839183461561e-02 -2.935844611689350861e-02
5.737088146692298274e+00 4.141124949713417824e-02 1.104014459674606229e-02 -3.991248917565571458e-02
5.767767762450010771e+00 4.515187885706289928e-02 -4.977034514991290903e-03 -4.487673441505597022e-02
5.798447378207723268e+00 4.744475959866421150e-02 -2.280889522700037600e-02 -4.160239791044212376e-02
5.829126993965436654e+00 4.817970127583245249e-02 -3.772974253973403191e-02 -2.996247891803738989e-02
5.859806609723149151e+00 4.732832340225012757e-02 -4.563457822658637669e-02 -1.254812600150099697e-02
5.890486225480861648e+00 4.494026448348296954e-02 -4.451717242721386220e-02 6.152132226400128939e-03
5.921165841238575034e+00 4.113738029712633859e-02 -3.519605559974955944e-02 2.129604958506943133e-02
5.951845456996287531e+00 3.610533716435757740e-02 -2.100016082070148282e-02 2.936985899279420317e-02
5.982525072754000917e+00 3.008311702195111056e-02 -6.532450505434462054e-03 2.936530299776342681e-02
