# r  chir_mag  chir_re  chir_im
0.000000000000000000e+00 1.106373212653317777e-02 1.106373212653317777e-02 0.000000000000000000e+00
3.067961575771282340e-02 1.399553146334667729e-02 7.687523385905746520e-03 -1.169516503229770833e-02
6.135923151542564680e-02 1.989486563150530754e-02 -1.363167778887140096e-03 -1.984810953472030196e-02
9.203884727313846326e-02 2.581740966711676757e-02 -1.325388081384531493e-02 -2.215566034430293055e-02
1.227184630308512936e-01 3.054773385259887050e-02 -2.444100182953947917e-02 -1.832488671445646131e-02
1.533980787885641239e-01 3.352324315240440278e-02 -3.197070206168343282e-02 -1.008375134254605072e-02
1.840776945462769265e-01 3.453669885433673786e-02 -3.453408030593220490e-02 -4.252824691540503781e-04
2.147573103039897569e-01 3.374343075253194435e-02 -3.287006859209614523e-02 7.627431396073858227e-03
2.454369260617025872e-01 3.180866872910393522e-02 -2.935182406399272637e-02 1.225813323611274833e-02
2.761165418194154175e-01 3.015091747971867381e-02 -2.690600720412243685e-02 1.360678511627623835e-02
3.067961575771282479e-01 3.089360427013052718e-02 -2.768056340224492665e-02 1.371864404865604653e-02
3.374757733348410782e-01 3.562964633055366870e-02 -3.199124158748473112e-02 1.568541230989877605e-02
3.681553890925538530e-01 4.404647629579357127e-02 -3.798866190344367400e-02 2.229245703958522215e-02
3.988350048502666834e-01 5.464981424440246843e-02 -4.222033301668387528e-02 3.469936133285465157e-02
4.295146206079795137e-01 6.592547849248032998e-02 -4.091086717481840634e-02 5.169593467059910991e-02
4.601942363656923440e-01 7.663957606027509140e-02 -3.148306966360749082e-02 6.987446560264434781e-02
4.908738521234051744e-01 8.581149852450743742e-02 -1.371593069454508408e-02 8.470824354337645745e-02
5.215534678811180047e-01 9.269359528822587735e-02 9.954757872441854713e-03 9.215750323852349435e-02
5.522330836388308350e-01 9.680009202958743397e-02 3.516976440523864739e-02 9.018506244726232080e-02
5.829126993965436654e-01 9.797708286638183439e-02 5.717961687557526762e-02 7.956129826095274804e-02
6.135923151542564957e-01 9.651192755166111692e-02 7.260122473956176492e-02 6.358941992228524243e-02
6.442719309119693261e-01 9.328356036688456587e-02 8.069328026075364702e-02 4.680189264849939773e-02
6.749515466696821564e-01 8.991617340076789311e-02 8.359974788098467613e-02 3.310589665411221849e-02
7.056311624273949867e-01 8.874188954060828471e-02 8.540299957195042480e-02 2.411328727799173094e-02
7.363107781851077061e-01 9.215940266674525760e-02 9.031214918739993713e-02 1.835949915014320824e-02
7.669903939428205364e-01 1.013797771724069680e-01 1.006919932189417471e-01 1.178905090002912298e-02
7.976700097005333667e-01 1.157487860390937345e-01 1.157471225185417868e-01 -6.205628103393861540e-04
8.283496254582461971e-01 1.333969049977817567e-01 1.314497553649525974e-01 -2.270894267642875608e-02
8.590292412159590274e-01 1.522215760414584729e-01 1.418115266554414999e-01 -5.532539308670595540e-02
8.897088569736718577e-01 1.704061971930741493e-01 1.410385347499938380e-01 -9.563683263983419058e-02
9.203884727313846881e-01 1.865943584546869705e-01 1.257097005414505586e-01 -1.378931680573589058e-01
9.510680884890975184e-01 1.999732048540500406e-01 9.606279180449926736e-02 -1.753887758390635654e-01
9.817477042468103487e-01 2.103676785864195264e-01 5.580760822505190233e-02 -2.028301532268765583e-01
1.012427320004523068e+00 2.183519675070225985e-01 1.049404617796686166e-02 -2.180996485760638703e-01
1.043106935762236009e+00 2.253299136488269017e-01 -3.490034194525643702e-02 -2.226107277673112506e-01
1.073786551519948729e+00 2.334759199802589613e-01 -7.810803788238429579e-02 -2.200230434040769123e-01
1.104466167277661670e+00 2.453849785832413755e-01 -1.204235945889940568e-01 -2.138035209732604691e-01
1.135145783035374389e+00 2.633783906841880018e-01 -1.657527286552018808e-01 -2.046807504939040512e-01
1.165825398793087331e+00 2.887235204295907076e-01 -2.181044001533211374e-01 -1.891870552733887212e-01
1.196505014550800050e+00 3.212426789751784417e-01 -2.784941756071746544e-01 -1.601182467679113097e-01
1.227184630308512991e+00 3.595082602114380022e-01 -3.425918360302267485e-01 -1.089817555634574608e-01
1.257864246066225711e+00 4.013628340643709547e-01 -4.002664786504627759e-01 -2.964575242665268284e-02
1.288543861823938652e+00 4.444249949646595921e-01 -4.374921127324373771e-01 7.819352560312130274e-02
1.319223477581651371e+00 4.864504872340174035e-01 -4.401320897983981295e-01 2.071661653357220467e-01
1.349903093339364313e+00 5.255732384097889787e-01 -3.983059671710303395e-01 3.428987976772491231e-01
1.380582709097077032e+00 5.604803181689985703e-01 -3.097139325138702493e-01 4.671353840821905190e-01
1.411262324854789973e+00 5.905513973643455872e-01 -1.806247130024816183e-01 5.622505366664867221e-01
1.441941940612502693e+00 6.159648163671895826e-01 -2.412506019428918569e-02 6.154921904239626373e-01
1.472621556370215412e+00 6.377484275906087907e-01 1.436635351374414837e-01 6.213564561233004824e-01
1.503301172127928353e+00 6.577329216029729198e-01 3.078351471630325076e-01 5.812487577031857366e-01
1.533980787885641073e+00 6.783539530942392926e-01 4.576271661687111858e-01 5.007409135101467124e-01
1.564660403643354014e+00 7.022657478987895940e-01 5.867900567867557760e-01 3.858168087681538294e-01
1.595340019401066733e+00 7.317946197545692755e-01 6.913104308598433390e-01 2.400276102578877413e-01
1.626019635158779675e+00 7.683642120425974165e-01 7.656798677487832716e-01 6.417088492492133145e-02
1.656699250916492394e+00 8.120909272157966763e-01 7.997610408571571572e-01 -1.409750034342576175e-01
1.687378866674205335e+00 8.616951392490113104e-01 7.783153682966950093e-01 -3.697887241095286215e-01
1.718058482431918055e+00 9.147229534273182416e-01 6.843222603300685991e-01 -6.069770387284363355e-01
1.748738098189630996e+00 9.679477098765474352e-01 5.056337926791024673e-01 -8.253830848498164841e-01
1.779417713947343715e+00 1.017801936777179339e+00 2.428713421955513985e-01 -9.883998652607702828e-01
1.810097329705056657e+00 1.060748179118822243e+00 -8.453299751475265578e-02 -1.057374518245578043e+00
1.840776945462769376e+00 1.093560791108314723e+00 -4.371236351009524790e-01 -1.002396194867863910e+00
1.871456561220482318e+00 1.113525824392925800e+00 -7.606733330433320672e-01 -8.132132819787765143e-01
1.902136176978195037e+00 1.118575549020982773e+00 -9.973742268049229365e-01 -5.064147614089412608e-01
1.932815792735907978e+00 1.107371592201277455e+00 -1.100204875961094286e+00 -1.257818513372490066e-01
1.963495408493620697e+00 1.079345656227821193e+00 -1.046235591806920828e+00 2.652887710670918664e-01
1.994175024251333417e+00 1.034703057935655091e+00 -8.445350151856746423e-01 5.978051741384712292e-01
2.024854640009046136e+00 9.743925668209051372e-01 -5.357549991353652841e-01 8.138841779868294379e-01
2.055534255766759077e+00 9.000457956263250292e-01 -1.829852659653043168e-01 8.812484477513882197e-01
2.086213871524472019e+00 8.138901971658566437e-01 1.437498324029170549e-01 8.010950247797137269e-01
2.116893487282184960e+00 7.186412649805161701e-01 3.848938231370573337e-01 6.068789110224017680e-01
2.147573103039897457e+00 6.173820046223236213e-01 5.055481173341173085e-01 3.543750000936978783e-01
2.178252718797610399e+00 5.134423466529194346e-01 5.023602735557256560e-01 1.060999476412366055e-01
2.208932334555323340e+00 4.103022013302344839e-01 4.013727538111087068e-01 -8.513406436041545677e-02
2.239611950313036282e+00 3.115748566035530520e-01 2.479626647668277672e-01 -1.886621534628989405e-01
2.270291566070748779e+00 2.212459302470368705e-01 9.240544192893714037e-02 -2.010248640163562750e-01
2.300971181828461720e+00 1.448312009225728725e-01 -2.426587274451005513e-02 -1.427839072886784300e-01
2.331650797586174662e+00 9.366547541439711189e-02 -7.989064332082622399e-02 -4.889485038722947430e-02
2.362330413343887603e+00 8.584294946176407315e-02 -7.389670649369174671e-02 4.368396435398415323e-02
2.393010029101600100e+00 1.094372358760880154e-01 -2.316278097019512650e-02 1.069579084216089604e-01
2.423689644859313042e+00 1.364273604727517797e-01 4.669096092044103252e-02 1.281888405981113366e-01
2.454369260617025983e+00 1.564740168145402344e-01 1.110738979586818748e-01 1.102121006529743208e-01
2.485048876374738480e+00 1.676766469527507242e-01 1.538560759788024368e-01 6.666157677194844977e-02
2.515728492132451422e+00 1.709670316977265347e-01 1.703411848216459246e-01 1.461528929201523844e-02
2.546408107890164363e+00 1.686637699856929351e-01 1.655452076457387123e-01 -3.228392063111270444e-02
2.577087723647877304e+00 1.639585755576965231e-01 1.492799518356902611e-01 -6.780789392720346087e-02
2.607767339405589802e+00 1.603931908796760453e-01 1.305049312308337595e-01 -9.324397355861417658e-02
2.638446955163302743e+00 1.609369463363378439e-01 1.133260260384978957e-01 -1.142712234921241243e-01
2.669126570921015684e+00 1.668508853017715565e-01 9.603036202040665659e-02 -1.364455477332058853e-01
2.699806186678728626e+00 1.772380534951736031e-01 7.313176664402194771e-02 -1.614468095512647250e-01
2.730485802436441123e+00 1.897502545388176920e-01 3.915757241130653210e-02 -1.856659463132628030e-01
2.761165418194154064e+00 2.017052702389239283e-01 -7.690187582076051659e-03 -2.015586194066376624e-01
2.791845033951867006e+00 2.108163113138419309e-01 -6.364255428232352962e-02 -2.009804527818469522e-01
2.822524649709579947e+00 2.154557248601675634e-01 -1.200060985375612510e-01 -1.789405087977939124e-01
2.853204265467292444e+00 2.146768059686517405e-01 -1.659881675765228493e-01 -1.361398517903200933e-01
2.883883881225005386e+00 2.081532492212490315e-01 -1.924695442811491519e-01 -7.926695203910753829e-02
2.914563496982718327e+00 1.961002173383609160e-01 -1.951778028694771960e-01 -1.899790796892852560e-02
2.945243112740430824e+00 1.791981874077939740e-01 -1.760523077460115493e-01 3.343015566135600775e-02
2.975922728498143766e+00 1.585325505646009714e-01 -1.423853277070148693e-01 6.970644189946681446e-02
3.006602344255856707e+00 1.355720383503119797e-01 -1.042122131841690530e-01 8.671558225437782375e-02
3.037281960013569648e+00 1.122353237379404289e-01 -7.104096590438389869e-02 8.689044284576098731e-02
3.067961575771282146e+00 9.112535169753298303e-02 -4.913771804002291937e-02 7.674186854526206247e-02
3.098641191528995087e+00 7.586065819492492091e-02 -4.022298777541278431e-02 6.431913180528964213e-02
3.129320807286708028e+00 7.038203340498883076e-02 -4.178814536750273534e-02 5.663374906330520542e-02
3.160000423044420970e+00 7.561042773183258847e-02 -4.861155971650969743e-02 5.791246017670886870e-02
3.190680038802133467e+00 8.809970498605002032e-02 -5.469706259785927366e-02 6.906366165933364165e-02
3.221359654559846408e+00 1.038776235053405217e-01 -5.488293957812649670e-02 8.819537180816798549e-02
3.252039270317559350e+00 1.206513248396040155e-01 -4.570582421186783484e-02 1.116589441946568145e-01
3.282718886075272291e+00 1.374406927579041315e-01 -2.554804844714437737e-02 1.350453303387975923e-01
3.313398501832984788e+00 1.539016286224106356e-01 5.579067648947966598e-03 1.538004723555778663e-01
3.344078117590697730e+00 1.698925924543018551e-01 4.620470304977433718e-02 1.634888937724079117e-01
3.374757733348410671e+00 1.852309354823676590e-01 9.331427949965431790e-02 1.600092019264311993e-01
3.405437349106123612e+00 1.995763905426421458e-01 1.421348528364587416e-01 1.401014606318843614e-01
3.436116964863836110e+00 2.124076479883280355e-01 1.861681018704870183e-01 1.022665476579386612e-01
3.466796580621549051e+00 2.230638842532688404e-01 2.178682854911078992e-01 4.786341646101766739e-02
3.497476196379261992e+00 2.308232851670269925e-01 2.301094907887567820e-01 -1.813866655070686673e-02
3.528155812136974490e+00 2.349945623630748659e-01 2.181683193260362252e-01 -8.732141079177412057e-02
3.558835427894687431e+00 2.350048679270753393e-01 1.815690281328632694e-01 -1.491977746895362666e-01
3.589515043652400372e+00 2.304752214421784684e-01 1.250030548399982122e-01 -1.936312577542417535e-01
3.620194659410113314e+00 2.212808187374312729e-01 5.774963508803956924e-02 -2.136122196605479417e-01
3.650874275167825811e+00 2.075986174637473591e-01 -8.462062700392385811e-03 -2.074260819369491415e-01
3.681553890925538752e+00 1.899498831648664676e-01 -6.259130527954845369e-02 -1.793412574332766130e-01
3.712233506683251694e+00 1.692532312793960381e-01 -9.740538210641053185e-02 -1.384154898673587153e-01
3.742913122440964635e+00 1.469163188552148613e-01 -1.114688804069222383e-01 -9.570315275263625854e-02
3.773592738198677132e+00 1.250048461207095563e-01 -1.092370019088172300e-01 -6.077408138043165903e-02
3.804272353956390074e+00 1.064668685629536898e-01 -9.915902093887185575e-02 -3.876445108660288297e-02
3.834951969714103015e+00 9.498565484204533893e-02 -9.044123840953928462e-02 -2.902855526410243539e-02
3.865631585471815956e+00 9.330171807657587635e-02 -8.963842844079036865e-02 -2.588750166984353507e-02
3.896311201229528454e+00 1.005819582099368448e-01 -9.832441241872341697e-02 -2.119056959730601652e-02
3.926990816987241395e+00 1.129571848678897761e-01 -1.126930101673575130e-01 -7.720820727000813483e-03
3.957670432744954336e+00 1.264743602655747090e-01 -1.252097473868119815e-01 1.784048665023198893e-02
3.988350048502666834e+00 1.384133346084362726e-01 -1.276564560331466813e-01 5.349841521469800298e-02
4.019029664260379775e+00 1.471614735078403402e-01 -1.143902090127867921e-01 9.258174424264076219e-02
4.049709280018092272e+00 1.518751784516252923e-01 -8.457774281177181386e-02 1.261454527542661963e-01
4.080388895775805658e+00 1.522593154405618154e-01 -4.258597034295107109e-02 1.461825374946603973e-01
4.111068511533518155e+00 1.484479007725813815e-01 3.562643847639226057e-03 1.484051441581492048e-01
4.141748127291231540e+00 1.409409970144775981e-01 4.501532500283694088e-02 1.335589201600699827e-01
4.172427743048944038e+00 1.305735517373358967e-01 7.507026813527639675e-02 1.068358893602727455e-01
4.203107358806656535e+00 1.185054629926507314e-01 9.117311597063314232e-02 7.570341923128698358e-02
4.233786974564369920e+00 1.062176925516564174e-01 9.521921888178803972e-02 4.706908291586259230e-02
4.264466590322082418e+00 9.545750815821192614e-02 9.214741774713532119e-02 2.491965622375285141e-02
4.295146206079794915e+00 8.798229782783935360e-02 8.748593859772833825e-02 9.332485132114170037e-03
4.325825821837508300e+00 8.494480765424956836e-02 8.489763091651614246e-02 -2.830655786290413919e-03
4.356505437595220798e+00 8.620939320977769049e-02 8.472535319088872474e-02 -1.592714677138458088e-02
4.387185053352934183e+00 9.038136780533553849e-02 8.409160672057963692e-02 -3.312692749885972482e-02
4.417864669110646680e+00 9.559474462582429055e-02 7.845171673277417934e-02 -5.462310263759394963e-02
4.448544284868359178e+00 1.002210998813779924e-01 6.390668670980798050e-02 -7.720235912980635828e-02
4.479223900626072563e+00 1.031179639273919341e-01 3.928701787534689266e-02 -9.534067710580346189e-02
4.509903516383785060e+00 1.036069041121461115e-01 7.132042133854491622e-03 -1.033611365780406077e-01
4.540583132141497558e+00 1.013836196518593941e-01 -2.684658306558673768e-02 -9.776450946747208826e-02
4.571262747899210943e+00 9.643395350713869496e-02 -5.560964320186468496e-02 -7.878499204784050747e-02
4.601942363656923440e+00 8.896728304766222950e-02 -7.321396364522421429e-02 -5.054594919712789708e-02
4.632621979414635938e+00 7.936381032927540546e-02 -7.686591732383701858e-02 -1.975462335622352530e-02
4.663301595172349323e+00 6.813288781381460213e-02 -6.781725721280768004e-02 6.550574477229624722e-03
4.693981210930061820e+00 5.588478573777595076e-02 -5.078257747656125115e-02 2.332893271871175345e-02
4.724660826687775206e+00 4.333022669711562858e-02 -3.213656078596022203e-02 2.906458337003501799e-02
4.755340442445487703e+00 3.135987377160331241e-02 -1.760909649152331974e-02 2.594920815214048909e-02
4.786020058203200200e+00 2.138873105429205460e-02 -1.036181744590230699e-02 1.871124141607477184e-02
4.816699673960913586e+00 1.617733151281251086e-02 -1.014739493661278268e-02 1.259906468258029100e-02
4.847379289718626083e+00 1.785830408320857737e-02 -1.380801750572636065e-02 1.132509060846307626e-02
4.878058905476338580e+00 2.306379254465002610e-02 -1.684569613669869084e-02 1.575312820403201169e-02
4.908738521234051966e+00 2.833742935259704609e-02 -1.540068398588957145e-02 2.378715693562795733e-02
4.939418136991764463e+00 3.240104721348781303e-02 -7.852504205518921060e-03 3.143510836998934105e-02
4.970097752749476960e+00 3.487018520661244042e-02 4.555667250181094814e-03 3.457131342962081744e-02
5.000777368507190346e+00 3.570153647921638085e-02 1.826166397324785820e-02 3.067753797006857186e-02
5.031456984264902843e+00 3.502517562535555073e-02 2.883109279699461527e-02 1.988796157775064855e-02
5.062136600022616229e+00 3.308138825127159011e-02 3.270667985412586271e-02 4.965011737255745246e-03
5.092816215780328726e+00 3.018940595057957935e-02 2.857533289938327115e-02 -9.739126312884214057e-03
5.123495831538041223e+00 2.672942746270605407e-02 1.784850439562351079e-02 -1.989706469114157703e-02
5.154175447295754608e+00 2.313187490045880493e-02 4.113311124872729048e-03 -2.276322270682414398e-02
5.184855063053467106e+00 1.986383764683170502e-02 -8.193371834373405077e-03 -1.809532271177790100e-02
5.215534678811179603e+00 1.737961314794095324e-02 -1.535959596005717458e-02 -8.132266911254041816e-03
5.246214294568892988e+00 1.597963343870076672e-02 -1.563276300648706527e-02 3.311405384161419593e-03
5.276893910326605486e+00 1.561976244366266968e-02 -9.687511690834777617e-03 1.225271790405681183e-02
5.307573526084318871e+00 1.591112699448201523e-02 -2.103443643498140766e-04 1.590973656233567526e-02
5.338253141842031368e+00 1.636768397014339710e-02 9.185809952007555762e-03 1.354702823766482447e-02
5.368932757599743866e+00 1.661831375262649499e-02 1.527796067899515366e-02 6.538521963854891129e-03
5.399612373357457251e+00 1.645714840243317836e-02 1.629463373708685270e-02 -2.307085805491397926e-03
5.430291989115169748e+00 1.581542351018369250e-02 1.237169377446310434e-02 -9.852350681811013200e-03
5.460971604872882246e+00 1.472444651208404398e-02 5.301597919170578099e-03 -1.373689865255874401e-02
5.491651220630595631e+00 1.328868250950885135e-02 -2.262117541163915016e-03 -1.309472821667120347e-02
5.522330836388308128e+00 1.166963590913552493e-02 -7.806080339811716923e-03 -8.674417097430253340e-03
5.553010452146020626e+00 1.007703250140438815e-02 -9.789567555993397910e-03 -2.389759632473903959e-03
5.583690067903734011e+00 8.755743214004544847e-03 -8.037931576375931253e-03 3.471987212402340671e-03
5.614369683661446508e+00 7.935290914009648575e-03 -3.616570948707338758e-03 7.063232720428385368e-03
5.645049299419159894e+00 7.713262275392833781e-03 1.699242696313779102e-03 7.523761638171594900e-03
5.675728915176872391e+00 7.969116559920712273e-03 6.114806404652666817e-03 5.110377811788602634e-03
5.706408530934584888e+00 8.451638924043549175e-03 8.400572752546013600e-03 9.276733970474194176e-04
5.737088146692298274e+00 8.932155981891861871e-03 8.183257320592008874e-03 -3.580182971556605896e-03
5.767767762450010771e+00 9.269333809353063128e-03 5.892168033968989659e-03 -7.155620527158338372e-03
5.798447378207723268e+00 9.404418579271704715e-03 2.444235683209733043e-03 -9.081233437098457442e-03
5.829126993965436654e+00 9.340727376135541174e-03 -1.166543848838928754e-03 -9.267597496871775309e-03
5.859806609723149151e+00 9.125418330963841126e-03 -4.203809713821909759e-03 -8.099459463758519259e-03
5.890486225480861648e+00 8.833421065610724474e-03 -6.337957863940604786e-03 -6.153016970339732911e-03
5.921165841238575034e+00 8.549659768010215571e-03 -7.594819054403758457e-03 -3.926245748752631159e-03
5.951845456996287531e+00 8.347241334325940232e-03 -8.174132175580547249e-03 -1.691153768768035052e-03
5.982525072754000917e+00 8.265038186562006020e-03 -8.250139119302429130e-03 4.960450962200131566e-04
