# PATH  Rmax= 9.000,  Keep_limit= 0.00, Heap_limit 0.00  Pwcrit= 2.50%
 -----------------------------------------------------------------------
  pathindex     sig2   amp ratio    deg    nlegs  r effective
        1     0.00000     0.1000E+03     1.000     2   2.4597
        2     0.00000     0.9835E+02     1.000     2   2.4753
        3     0.00000     0.9746E+02     1.000     2   2.4840
        4     0.00000     0.9631E+02     1.000     2   2.4953
        5     0.00000     0.1346E+02     1.000     2   3.1270
        6     0.00000     0.1342E+02     1.000     2   3.1309
        7     0.00000     0.1334E+02     1.000     2   3.1379
        8     0.00000     0.3878E+02     1.000     2   3.4276
        9     0.00000     0.3847E+02     1.000     2   3.4376
       10     0.00000     0.3797E+02     1.000     2   3.4538
       11     0.00000     0.9838E+01     1.000     2   3.5123
       12     0.00000     0.3380E+02     1.000     2   3.6015
       13     0.00000     0.8061E+01     1.000     2   3.7763
       14     0.00000     0.1711E+02     2.000     3   3.8239
       15     0.00000     0.1669E+02     2.000     3   3.8387
       16     0.00000     0.1711E+02     2.000     3   3.8436
       17     0.00000     0.4322E+02     2.000     3   3.8670
       18     0.00000     0.4284E+02     2.000     3   3.8679
       19     0.00000     0.4233E+02     2.000     3   3.8851
       20     0.00000     0.4231E+02     2.000     3   3.9507
       21     0.00000     0.6957E+01     1.000     2   3.9813
       22     0.00000     0.8118E+01     2.000     3   4.0013
       23     0.00000     0.8006E+01     2.000     3   4.0068
       24     0.00000     0.8020E+01     2.000     3   4.0079
       25     0.00000     0.6497E+01     1.000     2   4.0796
       26     0.00000     0.9994E+01     2.000     3   4.1033
       27     0.00000     0.6339E+01     1.000     2   4.1153
       28     0.00000     0.7189E+01     2.000     3   4.1925
       29     0.00000     0.9298E+01     1.000     4   4.2202
       30     0.00000     0.5886E+01     1.000     2   4.2245
       31     0.00000     0.9088E+01     1.000     4   4.2333
       32     0.00000     0.2131E+02     1.000     2   4.2387
       33     0.00000     0.9010E+01     1.000     4   4.2397
       34     0.00000     0.5815E+01     1.000     2   4.2424
       35     0.00000     0.4775E+01     2.000     4   4.2642
       36     0.00000     0.5725E+01     1.000     2   4.2657
       37     0.00000     0.4917E+01     2.000     4   4.2681
       38     0.00000     0.5225E+01     2.000     4   4.2749
       39     0.00000     0.8579E+01     2.000     3   4.2840
       40     0.00000     0.1345E+02     1.000     4   4.2965
       41     0.00000     0.1061E+02     1.000     4   4.2998
       42     0.00000     0.8374E+01     2.000     3   4.3064
       43     0.00000     0.1360E+02     1.000     4   4.3082
       44     0.00000     0.8402E+01     2.000     3   4.3102
       45     0.00000     0.2026E+02     1.000     2   4.3130
       46     0.00000     0.1303E+02     1.000     4   4.3164
       47     0.00000     0.1955E+02     1.000     2   4.3663
       48     0.00000     0.1819E+02     2.000     3   4.3732
       49     0.00000     0.1772E+02     2.000     3   4.3952
       50     0.00000     0.1915E+02     1.000     2   4.3970
       51     0.00000     0.1873E+02     2.000     3   4.3987
       52     0.00000     0.4876E+01     2.000     4   4.4524
       53     0.00000     0.4896E+01     1.000     2   4.5049
       54     0.00000     0.1573E+02     1.000     4   4.5220
       55     0.00000     0.1715E+02     1.000     4   4.5317
       56     0.00000     0.1510E+02     1.000     4   4.5479
       57     0.00000     0.3662E+01     2.000     3   4.5538
       58     0.00000     0.1150E+02     2.000     3   4.5541
       59     0.00000     0.7990E+01     2.000     3   4.5573
       60     0.00000     0.3601E+01     2.000     3   4.5716
       61     0.00000     0.7953E+01     2.000     3   4.5728
       62     0.00000     0.1125E+02     2.000     3   4.5754
       63     0.00000     0.8386E+01     2.000     3   4.5753
       64     0.00000     0.3572E+01     2.000     3   4.5869
       65     0.00000     0.1828E+02     2.000     3   4.6004
       66     0.00000     0.6578E+01     1.000     4   4.6050
       67     0.00000     0.1154E+02     2.000     3   4.6113
       68     0.00000     0.1900E+02     2.000     3   4.6333
       69     0.00000     0.2073E+02     2.000     3   4.6552
       70     0.00000     0.1236E+02     2.000     3   4.6588
       71     0.00000     0.1505E+02     2.000     3   4.6779
       72     0.00000     0.2047E+02     2.000     3   4.6836
       73     0.00000     0.1140E+02     2.000     3   4.6902
       74     0.00000     0.8593E+01     2.000     3   4.6940
       75     0.00000     0.1893E+02     1.000     4   4.6959
       76     0.00000     0.6380E+01     2.000     4   4.7025
       77     0.00000     0.1390E+02     2.000     4   4.7060
       78     0.00000     0.1542E+02     2.000     4   4.7083
       79     0.00000     0.6574E+01     2.000     4   4.7199
       80     0.00000     0.4274E+01     1.000     2   4.7209
       81     0.00000     0.6185E+01     2.000     4   4.7243
       82     0.00000     0.1364E+02     2.000     4   4.7256
       83     0.00000     0.1553E+02     2.000     3   4.7528
       84     0.00000     0.7607E+01     2.000     3   4.7693
       85     0.00000     0.4384E+01     2.000     4   4.7695
       86     0.00000     0.4391E+01     2.000     4   4.7849
       87     0.00000     0.2310E+02     2.000     4   4.7856
       88     0.00000     0.1566E+02     2.000     3   4.7916
       89     0.00000     0.4356E+01     2.000     4   4.7997
       90     0.00000     0.6572E+01     2.000     3   4.8020
       91     0.00000     0.7352E+01     2.000     3   4.8030
       92     0.00000     0.1305E+02     2.000     4   4.8135
       93     0.00000     0.6750E+01     2.000     3   4.8215
       94     0.00000     0.1563E+02     2.000     3   4.8253
       95     0.00000     0.1296E+02     2.000     4   4.8264
       96     0.00000     0.1380E+02     2.000     4   4.8281
       97     0.00000     0.3337E+01     2.000     3   4.8318
       98     0.00000     0.6758E+01     2.000     3   4.8400
       99     0.00000     0.1556E+02     2.000     3   4.8465
      100     0.00000     0.3275E+01     2.000     3   4.8635
      101     0.00000     0.5742E+01     1.000     4   4.8695
      102     0.00000     0.7457E+01     1.000     4   4.8754
      103     0.00000     0.3328E+01     1.000     4   4.8850
      104     0.00000     0.2855E+01     2.000     3   4.8896
      105     0.00000     0.2878E+01     1.000     4   4.8901
      106     0.00000     0.2904E+01     1.000     4   4.9032
      107     0.00000     0.3813E+01     1.000     2   4.9081
      108     0.00000     0.8936E+01     2.000     5   4.9182
      109     0.00000     0.7801E+01     1.000     4   4.9193
      110     0.00000     0.9330E+01     2.000     5   4.9327
      111     0.00000     0.6045E+01     2.000     4   4.9350
      112     0.00000     0.8833E+01     2.000     5   4.9377
      113     0.00000     0.1248E+02     1.000     4   4.9440
      114     0.00000     0.4475E+01     2.000     3   4.9499
      115     0.00000     0.1631E+02     2.000     4   4.9496
      116     0.00000     0.7541E+01     1.000     4   4.9507
      117     0.00000     0.9840E+01     1.000     4   4.9536
      118     0.00000     0.6548E+01     2.000     4   4.9549
      119     0.00000     0.2812E+02     2.000     5   4.9611
      120     0.00000     0.2523E+02     2.000     5   4.9623
      121     0.00000     0.7402E+01     1.000     4   4.9680
      122     0.00000     0.3675E+01     1.000     2   4.9694
      123     0.00000     0.1252E+02     1.000     4   4.9701
      124     0.00000     0.7705E+01     2.000     4   4.9706
      125     0.00000     0.2470E+02     2.000     5   4.9792
      126     0.00000     0.5921E+01     2.000     4   4.9851
      127     0.00000     0.7225E+01     1.000     4   4.9906
      128     0.00000     0.3628E+01     1.000     2   4.9912
      129     0.00000     0.6007E+01     2.000     4   4.9933
      130     0.00000     0.7381E+01     2.000     4   5.0143
      131     0.00000     0.7373E+01     2.000     3   5.0265
      132     0.00000     0.5772E+01     2.000     4   5.0271
      133     0.00000     0.6702E+01     2.000     4   5.0344
      135     0.00000     0.3687E+02     2.000     5   5.0450
      136     0.00000     0.7097E+01     2.000     4   5.0514
      137     0.00000     0.7611E+01     2.000     4   5.0582
      138     0.00000     0.9828E+01     2.000     4   5.0628
      139     0.00000     0.6937E+01     2.000     4   5.0733
      140     0.00000     0.3199E+01     2.000     4   5.0749
      141     0.00000     0.7515E+01     2.000     4   5.0896
      142     0.00000     0.1158E+02     2.000     4   5.0955
      143     0.00000     0.4893E+01     2.000     3   5.0982
      144     0.00000     0.3440E+01     2.000     4   5.1021
      145     0.00000     0.3462E+01     2.000     5   5.1023
      146     0.00000     0.3642E+01     2.000     5   5.1094
      147     0.00000     0.8180E+01     2.000     4   5.1104
      148     0.00000     0.9104E+01     2.000     4   5.1119
      149     0.00000     0.1065E+02     2.000     4   5.1141
      150     0.00000     0.1170E+02     2.000     4   5.1148
      151     0.00000     0.3490E+01     2.000     5   5.1153
      152     0.00000     0.3400E+01     1.000     4   5.1171
      153     0.00000     0.7421E+01     2.000     4   5.1223
      154     0.00000     0.8111E+01     2.000     4   5.1265
      155     0.00000     0.1075E+02     2.000     4   5.1331
      156     0.00000     0.2694E+01     2.000     5   5.1326
      157     0.00000     0.2236E+02     2.000     5   5.1348
      158     0.00000     0.3328E+01     1.000     2   5.1376
      159     0.00000     0.1225E+02     2.000     5   5.1378
      160     0.00000     0.1066E+02     2.000     5   5.1463
      161     0.00000     0.3307E+01     1.000     2   5.1486
      162     0.00000     0.8302E+01     2.000     3   5.1572
      163     0.00000     0.1067E+02     2.000     5   5.1568
      164     0.00000     0.3251E+01     1.000     2   5.1781
      165     0.00000     0.4903E+01     2.000     4   5.1796
      166     0.00000     0.5953E+01     2.000     4   5.1921
      167     0.00000     0.5854E+01     2.000     3   5.1937
      168     0.00000     0.8176E+01     2.000     5   5.1976
      169     0.00000     0.3185E+01     1.000     2   5.2140
      170     0.00000     0.8136E+01     2.000     3   5.2146
      171     0.00000     0.6179E+01     2.000     3   5.2292
      172     0.00000     0.7904E+01     2.000     3   5.2408
      173     0.00000     0.1239E+02     2.000     3   5.2417
      174     0.00000     0.3697E+01     2.000     3   5.2427
      175     0.00000     0.6220E+01     2.000     3   5.2455
      176     0.00000     0.6303E+01     1.000     4   5.2518
      177     0.00000     0.5096E+01     2.000     3   5.2552
      178     0.00000     0.6385E+01     1.000     4   5.2587
      179     0.00000     0.2947E+01     1.000     4   5.2670
      180     0.00000     0.3101E+01     1.000     4   5.2701
      181     0.00000     0.1081E+02     2.000     3   5.2734
      182     0.00000     0.6262E+01     1.000     4   5.2750
      183     0.00000     0.5379E+01     2.000     3   5.2803
      184     0.00000     0.3252E+01     1.000     4   5.2843
      185     0.00000     0.4202E+01     2.000     5   5.2874
      186     0.00000     0.3339E+01     1.000     4   5.2961
      187     0.00000     0.5266E+01     2.000     3   5.3056
      188     0.00000     0.1034E+02     2.000     3   5.3203
      189     0.00000     0.3664E+01     1.000     4   5.3320
      190     0.00000     0.1282E+02     1.000     4   5.3349
      191     0.00000     0.1101E+02     2.000     5   5.3403
      192     0.00000     0.3103E+01     2.000     4   5.3419
      193     0.00000     0.7655E+01     2.000     5   5.3425
      194     0.00000     0.1021E+02     2.000     3   5.3537
      195     0.00000     0.9762E+01     2.000     5   5.3547
      197     0.00000     0.6602E+01     2.000     6   5.3585
      198     0.00000     0.1067E+02     2.000     5   5.3598
      199     0.00000     0.7037E+01     2.000     6   5.3622
      200     0.00000     0.6671E+01     2.000     6   5.3689
      202     0.00000     0.5869E+01     2.000     3   5.3723
      203     0.00000     0.2834E+01     2.000     6   5.3773
      204     0.00000     0.1790E+02     2.000     5   5.3831
      205     0.00000     0.2154E+02     2.000     5   5.3843
      206     0.00000     0.6109E+01     2.000     3   5.3867
      207     0.00000     0.4478E+01     2.000     4   5.3891
      208     0.00000     0.1232E+02     1.000     6   5.3906
      209     0.00000     0.4117E+01     1.000     6   5.3925
      210     0.00000     0.1876E+02     1.000     6   5.3942
      211     0.00000     0.4922E+01     1.000     6   5.3983
      212     0.00000     0.2192E+02     2.000     5   5.4014
      213     0.00000     0.5100E+01     1.000     6   5.4014
      214     0.00000     0.1082E+02     1.000     6   5.4026
      215     0.00000     0.5084E+01     2.000     4   5.4037
      216     0.00000     0.5074E+01     1.000     4   5.4064
      217     0.00000     0.9753E+01     1.000     4   5.4092
      218     0.00000     0.1074E+02     1.000     6   5.4105
      220     0.00000     0.6044E+01     2.000     3   5.4181
      221     0.00000     0.5087E+01     1.000     6   5.4188
      222     0.00000     0.4233E+01     2.000     3   5.4334
      223     0.00000     0.6183E+01     1.000     4   5.4417
      224     0.00000     0.4607E+01     2.000     4   5.4413
      225     0.00000     0.7483E+01     2.000     4   5.4429
      226     0.00000     0.6932E+01     2.000     5   5.4437
      228     0.00000     0.3592E+01     2.000     3   5.4601
      229     0.00000     0.4843E+01     2.000     3   5.4602
      230     0.00000     0.5047E+01     1.000     4   5.4598
      231     0.00000     0.9125E+01     1.000     4   5.4626
      232     0.00000     0.3380E+01     2.000     3   5.4634
      233     0.00000     0.5466E+01     2.000     4   5.4657
      234     0.00000     0.8638E+01     2.000     5   5.4663
      235     0.00000     0.1307E+02     2.000     5   5.4676
      236     0.00000     0.3366E+01     2.000     3   5.4708
      237     0.00000     0.4219E+01     2.000     3   5.4723
      238     0.00000     0.7941E+01     2.000     4   5.4744
      239     0.00000     0.7228E+01     2.000     4   5.4775
      240     0.00000     0.2709E+01     1.000     4   5.4794
      242     0.00000     0.3130E+01     1.000     4   5.4889
      243     0.00000     0.1275E+02     2.000     5   5.4892
      244     0.00000     0.4832E+01     1.000     4   5.4904
      245     0.00000     0.1342E+02     2.000     5   5.4927
      246     0.00000     0.9086E+01     1.000     4   5.4933
      247     0.00000     0.7847E+01     2.000     4   5.4951
      249     0.00000     0.6797E+01     2.000     5   5.4985
      250     0.00000     0.3213E+01     1.000     4   5.4998
      251     0.00000     0.7474E+01     2.000     4   5.5035
      252     0.00000     0.6359E+01     2.000     4   5.5043
      253     0.00000     0.1079E+02     2.000     4   5.5081
      254     0.00000     0.3660E+01     2.000     5   5.5104
      255     0.00000     0.3473E+01     2.000     5   5.5129
      256     0.00000     0.6857E+01     2.000     5   5.5209
      257     0.00000     0.3560E+01     2.000     5   5.5228
      258     0.00000     0.6805E+01     2.000     4   5.5255
      259     0.00000     0.7327E+01     2.000     4   5.5273
      260     0.00000     0.3223E+01     2.000     4   5.5281
      261     0.00000     0.1098E+02     2.000     4   5.5289
      262     0.00000     0.2696E+01     2.000     4   5.5382
      263     0.00000     0.5124E+01     2.000     4   5.5401
      264     0.00000     0.4491E+01     2.000     4   5.5408
      265     0.00000     0.4071E+01     2.000     5   5.5412
      266     0.00000     0.6621E+01     2.000     5   5.5413
      267     0.00000     0.3776E+01     2.000     4   5.5437
      268     0.00000     0.3188E+01     2.000     4   5.5443
      269     0.00000     0.3103E+01     2.000     6   5.5451
      270     0.00000     0.7420E+01     2.000     6   5.5468
      271     0.00000     0.3696E+01     2.000     4   5.5483
      272     0.00000     0.1020E+02     2.000     4   5.5533
      273     0.00000     0.7988E+01     2.000     5   5.5544
      274     0.00000     0.6556E+01     2.000     4   5.5551
      275     0.00000     0.2817E+01     2.000     4   5.5572
      276     0.00000     0.1095E+02     2.000     4   5.5577
      277     0.00000     0.5114E+01     2.000     4   5.5598
      278     0.00000     0.8443E+01     2.000     5   5.5644
      279     0.00000     0.3168E+01     2.000     4   5.5681
      281     0.00000     0.5462E+01     2.000     3   5.5800
      282     0.00000     0.3657E+01     2.000     4   5.5817
      283     0.00000     0.3651E+01     2.000     3   5.5866
      284     0.00000     0.3498E+01     2.000     4   5.5866
      285     0.00000     0.6120E+01     2.000     3   5.5873
      287     0.00000     0.8765E+01     2.000     4   5.5937
      288     0.00000     0.6881E+01     2.000     4   5.5944
      289     0.00000     0.3417E+01     1.000     4   5.5953
      290     0.00000     0.6712E+01     2.000     4   5.6008
      291     0.00000     0.5504E+01     2.000     3   5.6038
      292     0.00000     0.3108E+01     1.000     4   5.6070
      293     0.00000     0.8848E+01     2.000     4   5.6092
      294     0.00000     0.3126E+01     2.000     4   5.6149
      295     0.00000     0.1312E+02     1.000     6   5.6163
      297     0.00000     0.6256E+01     2.000     5   5.6189
      299     0.00000     0.3113E+01     2.000     4   5.6219
      300     0.00000     0.3406E+01     1.000     4   5.6221
      301     0.00000     0.6677E+01     2.000     4   5.6249
      302     0.00000     0.1427E+02     1.000     6   5.6257
      303     0.00000     0.8746E+01     2.000     4   5.6402
      304     0.00000     0.1261E+02     1.000     6   5.6420
      305     0.00000     0.3065E+01     2.000     4   5.6462
      307     0.00000     0.3646E+01     2.000     5   5.6475
      308     0.00000     0.5872E+01     2.000     5   5.6481
      309     0.00000     0.6641E+01     2.000     5   5.6503
      310     0.00000     0.5774E+01     2.000     5   5.6516
      312     0.00000     0.2793E+01     2.000     4   5.6562
      313     0.00000     0.6298E+01     2.000     4   5.6580
      314     0.00000     0.3402E+01     2.000     4   5.6577
      315     0.00000     0.5652E+01     2.000     5   5.6598
      316     0.00000     0.5645E+01     2.000     5   5.6647
      317     0.00000     0.5758E+01     2.000     5   5.6669
      318     0.00000     0.3069E+01     2.000     4   5.6698
      319     0.00000     0.6033E+01     2.000     5   5.6694
      320     0.00000     0.3052E+01     2.000     4   5.6728
      321     0.00000     0.9595E+01     2.000     4   5.6757
      322     0.00000     0.2829E+01     2.000     4   5.6766
      323     0.00000     0.8177E+01     2.000     4   5.6810
      324     0.00000     0.6226E+01     2.000     4   5.6825
      325     0.00000     0.3078E+01     2.000     4   5.6837
      326     0.00000     0.5740E+01     2.000     4   5.6862
      327     0.00000     0.1291E+02     2.000     5   5.6882
      328     0.00000     0.3357E+01     2.000     4   5.6905
      329     0.00000     0.1255E+02     2.000     5   5.6921
      330     0.00000     0.9822E+01     2.000     4   5.6941
      331     0.00000     0.1290E+02     2.000     5   5.6947
      332     0.00000     0.2768E+01     2.000     4   5.6953
      333     0.00000     0.9704E+01     2.000     4   5.6963
      334     0.00000     0.1262E+02     2.000     5   5.7062
      336     0.00000     0.1023E+02     2.000     5   5.7267
      337     0.00000     0.1497E+02     2.000     5   5.7274
      338     0.00000     0.1796E+02     2.000     5   5.7295
      339     0.00000     0.3708E+01     2.000     5   5.7383
      340     0.00000     0.4838E+01     2.000     3   5.7449
      341     0.00000     0.1078E+02     2.000     5   5.7487
      342     0.00000     0.1378E+02     2.000     5   5.7495
      343     0.00000     0.1780E+02     2.000     5   5.7514
      344     0.00000     0.6313E+01     2.000     4   5.7520
      345     0.00000     0.6498E+01     2.000     4   5.7559
      347     0.00000     0.3066E+01     2.000     5   5.7619
      348     0.00000     0.6091E+01     2.000     5   5.7632
      349     0.00000     0.6794E+01     2.000     5   5.7632
      350     0.00000     0.3274E+01     2.000     5   5.7669
      351     0.00000     0.6085E+01     2.000     5   5.7713
      352     0.00000     0.1633E+02     2.000     5   5.7722
      353     0.00000     0.1899E+02     2.000     5   5.7741
      354     0.00000     0.1041E+02     2.000     5   5.7769
      355     0.00000     0.1350E+02     2.000     5   5.7776
      356     0.00000     0.6285E+01     2.000     4   5.7793
      357     0.00000     0.1772E+02     2.000     5   5.7798
      358     0.00000     0.1168E+02     2.000     6   5.7806
      359     0.00000     0.6780E+01     2.000     5   5.7816
      360     0.00000     0.7808E+01     2.000     5   5.7845
      361     0.00000     0.1100E+02     2.000     6   5.7841
      362     0.00000     0.3864E+01     2.000     5   5.7874
      363     0.00000     0.4361E+01     2.000     6   5.7886
      364     0.00000     0.4947E+01     2.000     4   5.7898
      365     0.00000     0.3264E+01     2.000     5   5.7900
      366     0.00000     0.5333E+01     2.000     5   5.7902
      367     0.00000     0.1555E+02     1.000     6   5.7902
      368     0.00000     0.1416E+02     2.000     5   5.7908
      369     0.00000     0.1148E+02     2.000     6   5.7911
      370     0.00000     0.1152E+02     2.000     6   5.8004
      371     0.00000     0.4639E+01     2.000     4   5.8018
      372     0.00000     0.1272E+02     2.000     6   5.8024
      373     0.00000     0.6296E+01     2.000     4   5.8032
      374     0.00000     0.1222E+02     2.000     5   5.8068
      375     0.00000     0.4400E+01     2.000     4   5.8094
      376     0.00000     0.2900E+01     2.000     5   5.8104
      377     0.00000     0.8799E+01     1.000     6   5.8125
      378     0.00000     0.7290E+01     2.000     5   5.8144
      379     0.00000     0.5361E+01     2.000     6   5.8139
      381     0.00000     0.6575E+01     1.000     6   5.8155
      382     0.00000     0.1062E+02     2.000     5   5.8178
      383     0.00000     0.1184E+02     2.000     5   5.8192
      384     0.00000     0.1131E+02     2.000     6   5.8196
      386     0.00000     0.6465E+01     2.000     5   5.8246
      387     0.00000     0.9913E+01     1.000     6   5.8246
      388     0.00000     0.4265E+01     2.000     4   5.8270
      389     0.00000     0.4708E+01     2.000     4   5.8270
      390     0.00000     0.9958E+01     2.000     5   5.8284
      391     0.00000     0.9343E+01     1.000     4   5.8290
      392     0.00000     0.1023E+02     1.000     6   5.8327
      393     0.00000     0.1189E+02     2.000     5   5.8353
      394     0.00000     0.2886E+01     2.000     5   5.8379
      396     0.00000     0.7095E+01     2.000     5   5.8417
      397     0.00000     0.3485E+01     2.000     5   5.8430
      398     0.00000     0.1058E+02     2.000     5   5.8442
      399     0.00000     0.4706E+01     2.000     4   5.8493
      400     0.00000     0.1432E+02     2.000     5   5.8490
      402     0.00000     0.6188E+01     2.000     5   5.8591
      403     0.00000     0.4194E+01     2.000     4   5.8598
      404     0.00000     0.5609E+01     2.000     5   5.8616
      405     0.00000     0.9058E+01     2.000     5   5.8620
      406     0.00000     0.3734E+01     2.000     5   5.8628
      407     0.00000     0.4977E+01     2.000     5   5.8656
      410     0.00000     0.3708E+01     2.000     6   5.8778
      411     0.00000     0.5529E+01     2.000     5   5.8799
      412     0.00000     0.1817E+02     2.000     6   5.8800
      413     0.00000     0.4257E+01     2.000     4   5.8807
      414     0.00000     0.5006E+01     2.000     5   5.8818
      415     0.00000     0.9536E+01     1.000     4   5.8827
      416     0.00000     0.6445E+01     2.000     5   5.8849
      417     0.00000     0.4123E+01     2.000     4   5.8873
      418     0.00000     0.1199E+02     2.000     5   5.8878
      419     0.00000     0.2742E+01     2.000     5   5.8891
      420     0.00000     0.1131E+02     2.000     5   5.8896
      421     0.00000     0.4372E+01     2.000     5   5.8953
      422     0.00000     0.3572E+01     2.000     5   5.8964
      423     0.00000     0.3565E+01     2.000     5   5.8974
      424     0.00000     0.4873E+01     2.000     5   5.8993
      425     0.00000     0.5448E+01     2.000     5   5.8997
      426     0.00000     0.9181E+01     2.000     5   5.9025
      427     0.00000     0.6408E+01     2.000     5   5.9040
      428     0.00000     0.4065E+01     2.000     5   5.9054
      429     0.00000     0.2692E+01     2.000     5   5.9070
      431     0.00000     0.1071E+02     2.000     6   5.9079
      432     0.00000     0.4229E+01     2.000     4   5.9116
      433     0.00000     0.1126E+02     2.000     5   5.9114
      434     0.00000     0.9371E+01     1.000     4   5.9133
      435     0.00000     0.4255E+01     2.000     4   5.9129
      436     0.00000     0.3138E+01     2.000     4   5.9140
      437     0.00000     0.4422E+01     2.000     5   5.9150
      438     0.00000     0.1077E+02     2.000     5   5.9147
      439     0.00000     0.6729E+01     2.000     5   5.9188
      440     0.00000     0.1061E+02     2.000     6   5.9205
      441     0.00000     0.5198E+01     2.000     5   5.9209
      442     0.00000     0.3371E+01     2.000     4   5.9216
      443     0.00000     0.1171E+02     2.000     5   5.9215
      444     0.00000     0.4168E+01     2.000     5   5.9218
      445     0.00000     0.4922E+01     2.000     5   5.9214
      446     0.00000     0.1131E+02     2.000     6   5.9222
      450     0.00000     0.4636E+01     2.000     5   5.9261
      453     0.00000     0.2785E+01     2.000     5   5.9319
      454     0.00000     0.4359E+01     2.000     5   5.9333
      455     0.00000     0.5517E+01     2.000     5   5.9334
      456     0.00000     0.5839E+01     2.000     5   5.9336
      457     0.00000     0.3450E+01     2.000     4   5.9378
      458     0.00000     0.8465E+01     2.000     5   5.9376
      459     0.00000     0.2860E+01     2.000     5   5.9380
      460     0.00000     0.6604E+01     2.000     5   5.9399
      461     0.00000     0.1189E+02     2.000     5   5.9428
      462     0.00000     0.4728E+01     2.000     5   5.9434
      463     0.00000     0.2965E+01     2.000     5   5.9437
      464     0.00000     0.4014E+01     2.000     5   5.9449
      465     0.00000     0.5588E+01     2.000     5   5.9446
      467     0.00000     0.4123E+01     2.000     4   5.9491
      468     0.00000     0.3072E+01     2.000     5   5.9489
      469     0.00000     0.5014E+01     2.000     5   5.9548
      470     0.00000     0.5856E+01     2.000     5   5.9553
      471     0.00000     0.4519E+01     2.000     5   5.9576
      472     0.00000     0.2862E+01     2.000     5   5.9586
      473     0.00000     0.2735E+01     2.000     5   5.9637
      474     0.00000     0.9083E+01     2.000     6   5.9681
      475     0.00000     0.8462E+01     2.000     5   5.9692
      476     0.00000     0.5971E+01     1.000     6   5.9697
      477     0.00000     0.3374E+01     2.000     5   5.9807
      478     0.00000     0.8773E+01     2.000     5   5.9829
      479     0.00000     0.6682E+01     2.000     5   5.9867
      480     0.00000     0.3143E+01     2.000     5   5.9875
      481     0.00000     0.3134E+01     2.000     5   5.9875
      482     0.00000     0.7127E+01     2.000     5   5.9879
      483     0.00000     0.8533E+01     2.000     5   5.9890
      484     0.00000     0.5401E+01     2.000     5   5.9908
      485     0.00000     0.7902E+01     2.000     5   5.9926
      486     0.00000     0.3143E+01     2.000     5   5.9933
      488     0.00000     0.5276E+01     2.000     5   5.9958
      489     0.00000     0.3341E+01     2.000     5   5.9981
      490     0.00000     0.2890E+01     2.000     5   6.0033
      492     0.00000     0.7252E+01     2.000     5   6.0072
      493     0.00000     0.3040E+01     2.000     5   6.0096
      494     0.00000     0.8487E+01     2.000     7   6.0114
      495     0.00000     0.8361E+01     2.000     7   6.0126
      496     0.00000     0.5383E+01     2.000     5   6.0129
      498     0.00000     0.8335E+01     2.000     5   6.0232
      499     0.00000     0.8737E+01     2.000     7   6.0268
      501     0.00000     0.7814E+01     2.000     5   6.0301
      502     0.00000     0.8264E+01     2.000     7   6.0317
      503     0.00000     0.8646E+01     2.000     7   6.0345
      504     0.00000     0.5633E+01     2.000     5   6.0355
      505     0.00000     0.5251E+01     2.000     5   6.0365
      506     0.00000     0.4949E+01     1.000     6   6.0368
      507     0.00000     0.6318E+01     1.000     6   6.0375
      508     0.00000     0.2420E+02     2.000     6   6.0384
      509     0.00000     0.8195E+01     2.000     7   6.0401
      510     0.00000     0.9295E+01     1.000     6   6.0402
      512     0.00000     0.3018E+01     2.000     5   6.0433
      513     0.00000     0.1314E+02     2.000     6   6.0439
      514     0.00000     0.4537E+01     1.000     6   6.0473
      515     0.00000     0.5683E+01     1.000     6   6.0470
      516     0.00000     0.2446E+02     2.000     6   6.0477
      517     0.00000     0.8391E+01     2.000     5   6.0495
      518     0.00000     0.8929E+01     1.000     6   6.0498
      519     0.00000     0.2858E+01     2.000     5   6.0500
      520     0.00000     0.5679E+01     2.000     5   6.0534
      521     0.00000     0.2564E+02     2.000     7   6.0552
      522     0.00000     0.3875E+01     2.000     7   6.0554
      523     0.00000     0.2304E+02     2.000     7   6.0566
      524     0.00000     0.3959E+01     2.000     4   6.0612
      525     0.00000     0.4094E+01     2.000     7   6.0629
      526     0.00000     0.6171E+01     1.000     6   6.0635
      527     0.00000     0.2374E+02     2.000     6   6.0642
      528     0.00000     0.4882E+01     1.000     6   6.0639
      529     0.00000     0.9247E+01     1.000     6   6.0664
      530     0.00000     0.5747E+01     2.000     5   6.0675
      531     0.00000     0.8388E+01     2.000     5   6.0715
      532     0.00000     0.4929E+01     2.000     5   6.0727
      533     0.00000     0.2255E+02     2.000     7   6.0733
      534     0.00000     0.3435E+01     2.000     5   6.0768
      535     0.00000     0.3947E+01     2.000     7   6.0816
      536     0.00000     0.3519E+01     2.000     5   6.0860
      537     0.00000     0.3108E+01     2.000     6   6.0867
      538     0.00000     0.4765E+01     2.000     6   6.0865
      539     0.00000     0.1171E+02     2.000     6   6.0877
      540     0.00000     0.6414E+01     2.000     6   6.0884
      541     0.00000     0.6242E+01     2.000     6   6.0893
      542     0.00000     0.5002E+01     2.000     6   6.0895
      543     0.00000     0.3907E+01     2.000     5   6.0904
      544     0.00000     0.5121E+01     2.000     5   6.0900
      545     0.00000     0.6186E+01     2.000     6   6.0960
      546     0.00000     0.2894E+01     2.000     4   6.0968
      547     0.00000     0.5357E+01     2.000     5   6.1000
      548     0.00000     0.3857E+01     2.000     6   6.1077
      549     0.00000     0.5742E+01     2.000     6   6.1079
      550     0.00000     0.1048E+02     2.000     6   6.1084
      551     0.00000     0.4902E+01     2.000     6   6.1105
      552     0.00000     0.5010E+01     2.000     5   6.1154
      553     0.00000     0.7941E+01     2.000     5   6.1160
      554     0.00000     0.5982E+01     1.000     6   6.1176
      555     0.00000     0.5519E+01     2.000     5   6.1198
      557     0.00000     0.4290E+01     2.000     5   6.1209
      558     0.00000     0.4275E+01     2.000     5   6.1226
      559     0.00000     0.1789E+02     2.000     6   6.1233
      560     0.00000     0.8518E+01     2.000     6   6.1277
      561     0.00000     0.3357E+01     2.000     6   6.1306
      562     0.00000     0.5821E+01     1.000     6   6.1324
      563     0.00000     0.5852E+01     1.000     6   6.1375
      564     0.00000     0.4613E+01     2.000     7   6.1377
      565     0.00000     0.3293E+02     2.000     7   6.1394
      566     0.00000     0.7181E+01     1.000     6   6.1400
      567     0.00000     0.8710E+01     2.000     6   6.1449
      568     0.00000     0.4096E+01     2.000     5   6.1473
      569     0.00000     0.3358E+01     2.000     6   6.1477
      570     0.00000     0.4292E+01     2.000     5   6.1487
      571     0.00000     0.2449E+02     2.000     5   6.1493
      572     0.00000     0.5925E+01     2.000     6   6.1509
      573     0.00000     0.3936E+01     2.000     6   6.1517
      574     0.00000     0.9785E+01     2.000     6   6.1525
      575     0.00000     0.4838E+01     2.000     6   6.1544
      576     0.00000     0.3412E+01     2.000     6   6.1561
      577     0.00000     0.1677E+02     2.000     6   6.1590
      578     0.00000     0.5279E+01     2.000     6   6.1595
      579     0.00000     0.3835E+01     2.000     6   6.1645
      580     0.00000     0.8451E+01     2.000     6   6.1667
      581     0.00000     0.4368E+01     2.000     5   6.1673
      582     0.00000     0.3221E+01     2.000     6   6.1696
      583     0.00000     0.2680E+02     2.000     5   6.1716
      584     0.00000     0.5499E+01     2.000     6   6.1774
      585     0.00000     0.3800E+01     2.000     6   6.1829
      586     0.00000     0.5164E+01     2.000     4   6.1833
      587     0.00000     0.9486E+01     2.000     6   6.1836
      588     0.00000     0.5841E+01     2.000     6   6.1834
      589     0.00000     0.4742E+01     2.000     6   6.1858
      590     0.00000     0.3951E+01     2.000     6   6.1890
      591     0.00000     0.1663E+02     2.000     6   6.1917
      594     0.00000     0.1593E+02     2.000     5   6.1935
      595     0.00000     0.2650E+02     2.000     5   6.1998
      596     0.00000     0.4302E+01     2.000     6   6.2030
      597     0.00000     0.5677E+01     2.000     6   6.2039
      598     0.00000     0.2940E+01     2.000     6   6.2035
      599     0.00000     0.4162E+01     2.000     6   6.2047
      600     0.00000     0.6018E+01     2.000     6   6.2052
      602     0.00000     0.1134E+02     2.000     6   6.2059
      604     0.00000     0.3389E+01     2.000     6   6.2072
      605     0.00000     0.6622E+01     2.000     6   6.2076
      606     0.00000     0.1228E+02     2.000     6   6.2081
      607     0.00000     0.3772E+01     2.000     6   6.2082
      608     0.00000     0.1068E+02     2.000     6   6.2085
      609     0.00000     0.1185E+02     2.000     6   6.2089
      610     0.00000     0.5068E+01     2.000     4   6.2092
      611     0.00000     0.7096E+01     2.000     5   6.2100
      612     0.00000     0.1282E+02     2.000     6   6.2104
      613     0.00000     0.2980E+01     1.000     6   6.2104
      614     0.00000     0.2867E+01     1.000     6   6.2105
      615     0.00000     0.5201E+01     2.000     6   6.2106
      616     0.00000     0.1680E+02     2.000     6   6.2111
      617     0.00000     0.6481E+01     2.000     6   6.2106
      618     0.00000     0.2052E+02     2.000     6   6.2115
      619     0.00000     0.2810E+01     2.000     6   6.2129
      620     0.00000     0.7904E+01     1.000     6   6.2133
      622     0.00000     0.5367E+01     2.000     6   6.2156
      623     0.00000     0.4381E+01     2.000     6   6.2163
      624     0.00000     0.4072E+01     2.000     5   6.2170
      625     0.00000     0.3334E+01     2.000     5   6.2196
      626     0.00000     0.4381E+01     2.000     6   6.2203
      627     0.00000     0.5639E+01     2.000     6   6.2199
      628     0.00000     0.4131E+01     2.000     6   6.2206
      629     0.00000     0.3462E+01     2.000     6   6.2213
      630     0.00000     0.1040E+02     2.000     6   6.2224
      631     0.00000     0.1055E+02     2.000     6   6.2243
      632     0.00000     0.4133E+01     2.000     6   6.2250
      633     0.00000     0.4855E+01     2.000     6   6.2257
      634     0.00000     0.5983E+01     2.000     6   6.2257
      635     0.00000     0.6560E+01     2.000     6   6.2264
      637     0.00000     0.1066E+02     2.000     6   6.2272
      638     0.00000     0.4292E+01     2.000     7   6.2275
      639     0.00000     0.3832E+01     2.000     5   6.2290
      640     0.00000     0.1982E+02     2.000     7   6.2291
      641     0.00000     0.1302E+02     2.000     6   6.2294
      643     0.00000     0.2889E+01     2.000     5   6.2310
      644     0.00000     0.5051E+01     2.000     6   6.2314
      645     0.00000     0.6315E+01     2.000     6   6.2314
      646     0.00000     0.1149E+02     2.000     7   6.2318
      648     0.00000     0.3815E+01     2.000     5   6.2345
      649     0.00000     0.5020E+01     2.000     4   6.2364
      650     0.00000     0.3440E+01     2.000     7   6.2396
      651     0.00000     0.3215E+01     2.000     7   6.2395
      652     0.00000     0.1005E+02     2.000     7   6.2407
      653     0.00000     0.1045E+02     2.000     6   6.2418
      654     0.00000     0.5129E+01     2.000     4   6.2439
      655     0.00000     0.2795E+01     2.000     5   6.2472
      656     0.00000     0.1005E+02     2.000     6   6.2471
      657     0.00000     0.1072E+02     2.000     6   6.2471
      659     0.00000     0.9950E+01     2.000     6   6.2486
      660     0.00000     0.1077E+02     2.000     6   6.2486
      662     0.00000     0.6072E+01     2.000     5   6.2506
      664     0.00000     0.1003E+02     2.000     7   6.2509
      666     0.00000     0.3510E+01     2.000     5   6.2534
      668     0.00000     0.5089E+01     2.000     6   6.2541
      670     0.00000     0.5580E+01     2.000     6   6.2547
      671     0.00000     0.8669E+01     2.000     6   6.2579
      672     0.00000     0.9084E+01     2.000     6   6.2580
      673     0.00000     0.9822E+01     2.000     6   6.2579
      674     0.00000     0.1051E+02     2.000     6   6.2580
      675     0.00000     0.3277E+01     2.000     7   6.2593
      676     0.00000     0.3733E+01     2.000     5   6.2623
      677     0.00000     0.9963E+01     2.000     6   6.2666
      678     0.00000     0.1058E+02     2.000     6   6.2666
      679     0.00000     0.4767E+01     2.000     5   6.2676
      682     0.00000     0.3503E+01     2.000     6   6.2687
      685     0.00000     0.5992E+01     2.000     6   6.2730
      686     0.00000     0.5545E+01     2.000     6   6.2729
      687     0.00000     0.3697E+01     2.000     7   6.2744
      688     0.00000     0.9164E+01     2.000     6   6.2755
      689     0.00000     0.1062E+02     2.000     6   6.2755
      690     0.00000     0.3327E+01     2.000     6   6.2758
      691     0.00000     0.5533E+01     2.000     5   6.2766
      693     0.00000     0.6964E+01     2.000     5   6.2857
      694     0.00000     0.1234E+02     2.000     6   6.2864
      695     0.00000     0.1167E+02     2.000     6   6.2883
      696     0.00000     0.7752E+01     2.000     7   6.2903
      697     0.00000     0.7753E+01     2.000     7   6.2920
      698     0.00000     0.5775E+01     2.000     6   6.2926
      699     0.00000     0.3437E+01     2.000     5   6.2945
      700     0.00000     0.1096E+02     2.000     6   6.3013
      703     0.00000     0.5938E+01     2.000     5   6.3081
      704     0.00000     0.3318E+01     2.000     5   6.3108
      705     0.00000     0.2793E+01     2.000     5   6.3188
      706     0.00000     0.6824E+01     2.000     5   6.3193
      707     0.00000     0.3429E+01     2.000     6   6.3245
      708     0.00000     0.2950E+01     2.000     5   6.3302
      709     0.00000     0.9424E+01     2.000     6   6.3299
      710     0.00000     0.1013E+02     2.000     6   6.3321
      711     0.00000     0.5778E+01     2.000     5   6.3342
      713     0.00000     0.3303E+01     2.000     5   6.3371
      714     0.00000     0.8647E+01     2.000     5   6.3379
      715     0.00000     0.8052E+01     2.000     6   6.3417
      716     0.00000     0.7722E+01     2.000     6   6.3417
      717     0.00000     0.9539E+01     2.000     6   6.3427
      718     0.00000     0.9099E+01     2.000     6   6.3441
      719     0.00000     0.7039E+01     2.000     6   6.3462
      720     0.00000     0.3316E+01     2.000     5   6.3472
      721     0.00000     0.3402E+01     2.000     6   6.3488
      722     0.00000     0.7467E+01     2.000     6   6.3528
      725     0.00000     0.3950E+01     1.000     6   6.3632
      727     0.00000     0.3888E+01     1.000     6   6.3663
      729     0.00000     0.6990E+01     2.000     6   6.3690
      730     0.00000     0.7647E+01     2.000     5   6.3696
      732     0.00000     0.6954E+01     2.000     6   6.3762
      733     0.00000     0.3232E+01     2.000     5   6.3784
      734     0.00000     0.4167E+01     1.000     6   6.3805
      735     0.00000     0.4846E+01     2.000     6   6.3826
      736     0.00000     0.4391E+01     1.000     6   6.3923
      737     0.00000     0.4494E+01     2.000     6   6.3926
      738     0.00000     0.4614E+01     2.000     6   6.4048
      740     0.00000     0.5318E+01     2.000     6   6.4161
      741     0.00000     0.7320E+01     2.000     5   6.4166
      742     0.00000     0.5605E+01     2.000     6   6.4167
      743     0.00000     0.5584E+01     2.000     6   6.4219
      744     0.00000     0.4550E+01     2.000     6   6.4253
      745     0.00000     0.5621E+01     2.000     6   6.4282
      746     0.00000     0.4839E+01     2.000     6   6.4282
      747     0.00000     0.1039E+02     1.000     6   6.4310
      748     0.00000     0.1015E+02     2.000     7   6.4335
      749     0.00000     0.3123E+01     2.000     7   6.4330
      750     0.00000     0.1154E+02     2.000     7   6.4338
      751     0.00000     0.7240E+01     2.000     7   6.4346
      752     0.00000     0.9165E+01     2.000     7   6.4346
      754     0.00000     0.6865E+01     2.000     7   6.4357
      756     0.00000     0.1119E+02     2.000     7   6.4368
      757     0.00000     0.4038E+01     2.000     7   6.4365
      758     0.00000     0.5852E+01     2.000     6   6.4385
      759     0.00000     0.4946E+01     2.000     7   6.4387
      761     0.00000     0.1079E+02     2.000     7   6.4480
      762     0.00000     0.2928E+01     2.000     7   6.4483
      763     0.00000     0.7063E+01     2.000     7   6.4487
      764     0.00000     0.9533E+01     2.000     7   6.4487
      765     0.00000     0.7225E+01     2.000     5   6.4499
      766     0.00000     0.3853E+01     2.000     7   6.4509
      767     0.00000     0.3086E+01     2.000     5   6.4515
      768     0.00000     0.1129E+02     2.000     7   6.4532
      769     0.00000     0.7300E+01     2.000     7   6.4539
      770     0.00000     0.8972E+01     2.000     7   6.4539
      771     0.00000     0.3055E+01     2.000     7   6.4536
      772     0.00000     0.4734E+01     2.000     5   6.4545
      773     0.00000     0.3873E+01     2.000     7   6.4561
      774     0.00000     0.8801E+01     2.000     7   6.4565
      775     0.00000     0.2135E+02     1.000     6   6.4604
      776     0.00000     0.9586E+01     2.000     7   6.4623
      777     0.00000     0.7190E+01     2.000     6   6.4652
      778     0.00000     0.1811E+02     1.000     6   6.4696
      780     0.00000     0.3271E+01     2.000     3   6.4733
      781     0.00000     0.1117E+02     2.000     7   6.4767
      782     0.00000     0.3699E+01     2.000     7   6.4764
      783     0.00000     0.1143E+02     2.000     7   6.4771
      784     0.00000     0.2159E+02     2.000     7   6.4771
      785     0.00000     0.2099E+02     2.000     7   6.4771
      786     0.00000     0.4685E+01     2.000     7   6.4775
      787     0.00000     0.4451E+01     2.000     7   6.4778
      788     0.00000     0.2098E+02     2.000     7   6.4787
      789     0.00000     0.2058E+02     2.000     7   6.4787
      790     0.00000     0.4868E+01     2.000     5   6.4794
      791     0.00000     0.1810E+02     2.000     7   6.4793
      792     0.00000     0.1901E+02     2.000     7   6.4805
      793     0.00000     0.3251E+01     2.000     6   6.4825
      794     0.00000     0.4096E+01     2.000     7   6.4849
      795     0.00000     0.2128E+02     1.000     6   6.4864
      796     0.00000     0.3833E+01     2.000     3   6.4883
      797     0.00000     0.3010E+01     2.000     6   6.4893
      798     0.00000     0.3118E+01     2.000     7   6.4938
      800     0.00000     0.1151E+02     2.000     7   6.4952
      801     0.00000     0.4360E+01     2.000     7   6.4947
      802     0.00000     0.2097E+02     2.000     7   6.4954
      803     0.00000     0.2050E+02     2.000     7   6.4954
      804     0.00000     0.1921E+02     2.000     7   6.4976
      805     0.00000     0.3077E+01     2.000     6   6.4999
      806     0.00000     0.3199E+01     2.000     3   6.5005
      807     0.00000     0.5066E+01     2.000     6   6.5026
      808     0.00000     0.4783E+01     2.000     7   6.5038
      809     0.00000     0.4843E+01     2.000     5   6.5047
      810     0.00000     0.8015E+01     1.000     6   6.5054
      811     0.00000     0.6660E+01     2.000     6   6.5089
      812     0.00000     0.3385E+01     2.000     7   6.5147
      813     0.00000     0.3877E+01     2.000     5   6.5170
      814     0.00000     0.5696E+01     2.000     5   6.5229
      815     0.00000     0.4111E+01     2.000     6   6.5233
      816     0.00000     0.6425E+01     2.000     6   6.5295
      817     0.00000     0.6051E+01     2.000     6   6.5303
      818     0.00000     0.8316E+01     2.000     6   6.5303
      819     0.00000     0.3002E+01     2.000     7   6.5311
      820     0.00000     0.3879E+01     2.000     5   6.5322
      821     0.00000     0.3341E+01     2.000     6   6.5361
      822     0.00000     0.7341E+01     2.000     6   6.5360
      823     0.00000     0.6145E+01     2.000     6   6.5363
      824     0.00000     0.3391E+01     2.000     5   6.5367
      825     0.00000     0.4171E+01     2.000     6   6.5373
      826     0.00000     0.3159E+01     2.000     6   6.5391
      827     0.00000     0.1198E+02     2.000     6   6.5427
      828     0.00000     0.5985E+01     2.000     6   6.5467
      829     0.00000     0.4021E+01     2.000     6   6.5489
      830     0.00000     0.3277E+01     2.000     6   6.5513
      831     0.00000     0.4864E+01     2.000     6   6.5561
      832     0.00000     0.7508E+01     1.000     6   6.5588
      834     0.00000     0.1021E+02     2.000     7   6.5595
      836     0.00000     0.2808E+01     2.000     6   6.5600
      837     0.00000     0.2081E+02     2.000     7   6.5606
      838     0.00000     0.2743E+01     2.000     7   6.5608
      839     0.00000     0.1876E+02     2.000     7   6.5606
      840     0.00000     0.1216E+02     2.000     7   6.5619
      841     0.00000     0.1585E+02     2.000     7   6.5625
      842     0.00000     0.4894E+01     2.000     3   6.5644
      843     0.00000     0.4948E+01     2.000     5   6.5664
      844     0.00000     0.6463E+01     2.000     6   6.5679
      845     0.00000     0.1023E+02     2.000     6   6.5678
      846     0.00000     0.3211E+01     2.000     6   6.5706
      848     0.00000     0.6077E+01     2.000     6   6.5709
      849     0.00000     0.3205E+01     2.000     6   6.5717
      851     0.00000     0.3580E+01     2.000     6   6.5737
      852     0.00000     0.8709E+01     2.000     6   6.5746
      853     0.00000     0.3416E+01     2.000     6   6.5767
      854     0.00000     0.3252E+01     2.000     6   6.5782
      855     0.00000     0.1828E+02     2.000     6   6.5788
      856     0.00000     0.1187E+02     2.000     7   6.5833
      857     0.00000     0.4757E+01     2.000     6   6.5866
      858     0.00000     0.1247E+02     2.000     7   6.5868
      859     0.00000     0.6383E+01     2.000     6   6.5884
      860     0.00000     0.3645E+01     2.000     6   6.5889
      861     0.00000     0.7470E+01     1.000     6   6.5896
      862     0.00000     0.3265E+01     2.000     6   6.5914
      863     0.00000     0.2710E+01     2.000     7   6.5917
      865     0.00000     0.5689E+01     2.000     5   6.5930
      866     0.00000     0.2853E+01     2.000     7   6.5946
      867     0.00000     0.3005E+01     2.000     6   6.5951
      869     0.00000     0.6288E+01     2.000     6   6.5969
      870     0.00000     0.5398E+01     2.000     6   6.5977
      872     0.00000     0.3828E+01     2.000     6   6.5985
      873     0.00000     0.3585E+01     2.000     6   6.5997
      874     0.00000     0.3347E+01     2.000     6   6.6005
      875     0.00000     0.2823E+01     2.000     6   6.6015
      876     0.00000     0.2754E+01     2.000     6   6.6022
      877     0.00000     0.8865E+01     2.000     6   6.6043
      878     0.00000     0.8616E+01     2.000     6   6.6058
      881     0.00000     0.2002E+02     2.000     6   6.6119
      882     0.00000     0.2807E+01     2.000     6   6.6142
      883     0.00000     0.2703E+01     2.000     6   6.6147
      884     0.00000     0.3356E+01     2.000     6   6.6148
      885     0.00000     0.3585E+01     2.000     6   6.6148
      886     0.00000     0.5758E+01     2.000     6   6.6190
      889     0.00000     0.6165E+01     2.000     6   6.6207
      891     0.00000     0.3440E+01     2.000     6   6.6218
      892     0.00000     0.2941E+01     2.000     6   6.6224
      894     0.00000     0.3563E+01     2.000     6   6.6236
      895     0.00000     0.8998E+01     2.000     6   6.6251
      896     0.00000     0.4047E+01     2.000     6   6.6258
      897     0.00000     0.7503E+01     2.000     6   6.6258
      898     0.00000     0.1133E+02     2.000     6   6.6268
      899     0.00000     0.1620E+02     2.000     6   6.6279
      900     0.00000     0.1818E+02     2.000     6   6.6305
      901     0.00000     0.2015E+02     2.000     6   6.6311
      903     0.00000     0.9068E+01     1.000     6   6.6328
      905     0.00000     0.2867E+01     2.000     7   6.6345
      909     0.00000     0.1265E+02     2.000     7   6.6356
      910     0.00000     0.1002E+02     2.000     7   6.6354
      911     0.00000     0.2765E+01     2.000     6   6.6363
      912     0.00000     0.3413E+01     2.000     6   6.6361
      913     0.00000     0.3654E+01     2.000     6   6.6361
      914     0.00000     0.2872E+01     2.000     6   6.6368
      916     0.00000     0.1003E+02     2.000     7   6.6374
      917     0.00000     0.1065E+02     2.000     7   6.6375
      918     0.00000     0.1039E+02     2.000     6   6.6383
      919     0.00000     0.3535E+01     2.000     6   6.6399
      920     0.00000     0.1126E+02     2.000     6   6.6428
      921     0.00000     0.2826E+01     2.000     7   6.6431
      922     0.00000     0.2677E+01     2.000     6   6.6445
      923     0.00000     0.2714E+01     2.000     6   6.6450
      925     0.00000     0.3293E+01     2.000     6   6.6477
      926     0.00000     0.4151E+01     2.000     6   6.6476
      927     0.00000     0.3065E+01     2.000     7   6.6476
      928     0.00000     0.2713E+01     2.000     7   6.6479
      929     0.00000     0.3272E+01     2.000     7   6.6483
      930     0.00000     0.5553E+01     2.000     6   6.6485
      931     0.00000     0.9257E+01     2.000     7   6.6488
      932     0.00000     0.4195E+01     2.000     6   6.6493
      933     0.00000     0.1839E+02     2.000     6   6.6493
      934     0.00000     0.8414E+01     2.000     6   6.6495
      936     0.00000     0.9148E+01     2.000     7   6.6504
      937     0.00000     0.1140E+02     2.000     7   6.6507
      938     0.00000     0.2876E+01     2.000     6   6.6510
      940     0.00000     0.3394E+01     2.000     6   6.6514
      941     0.00000     0.8437E+01     2.000     7   6.6538
      942     0.00000     0.8959E+01     2.000     6   6.6540
      947     0.00000     0.9383E+01     2.000     7   6.6584
      948     0.00000     0.2906E+01     2.000     6   6.6588
      950     0.00000     0.1195E+02     2.000     7   6.6606
      951     0.00000     0.8316E+01     2.000     7   6.6627
      952     0.00000     0.2750E+01     2.000     6   6.6648
      953     0.00000     0.3328E+01     2.000     6   6.6649
      954     0.00000     0.3591E+01     2.000     6   6.6649
      955     0.00000     0.3088E+01     2.000     7   6.6668
      956     0.00000     0.3652E+01     2.000     7   6.6704
      957     0.00000     0.8474E+01     2.000     7   6.6731
      958     0.00000     0.3378E+01     2.000     5   6.6740
      959     0.00000     0.8866E+01     2.000     7   6.6781
      960     0.00000     0.2736E+01     2.000     7   6.6784
      962     0.00000     0.4378E+01     2.000     5   6.6810
      963     0.00000     0.9755E+01     2.000     7   6.6813
      964     0.00000     0.3445E+01     2.000     5   6.6816
      969     0.00000     0.7806E+01     2.000     7   6.6873
      970     0.00000     0.2684E+01     2.000     6   6.6878
      974     0.00000     0.7335E+01     2.000     6   6.6899
      976     0.00000     0.7546E+01     2.000     7   6.6909
      978     0.00000     0.3103E+01     2.000     6   6.6934
      980     0.00000     0.3162E+01     2.000     6   6.6955
      982     0.00000     0.2814E+01     2.000     5   6.6979
      983     0.00000     0.8708E+01     2.000     7   6.6978
      984     0.00000     0.8262E+01     2.000     7   6.6983
      987     0.00000     0.2736E+01     2.000     6   6.7027
      990     0.00000     0.7397E+01     2.000     6   6.7054
      991     0.00000     0.8494E+01     2.000     7   6.7068
      992     0.00000     0.1041E+02     2.000     6   6.7077
      993     0.00000     0.3090E+01     2.000     6   6.7118
      994     0.00000     0.6672E+01     2.000     7   6.7123
      996     0.00000     0.8573E+01     2.000     7   6.7132
      997     0.00000     0.3242E+01     2.000     7   6.7151
      998     0.00000     0.3655E+01     2.000     6   6.7156
     1001     0.00000     0.3311E+01     2.000     3   6.7188
     1003     0.00000     0.2710E+01     2.000     6   6.7320
     1004     0.00000     0.3796E+01     2.000     4   6.7339
     1005     0.00000     0.2681E+01     2.000     6   6.7335
     1008     0.00000     0.7310E+01     2.000     6   6.7365
     1009     0.00000     0.4490E+01     2.000     7   6.7425
     1011     0.00000     0.6191E+01     2.000     7   6.7435
     1012     0.00000     0.6055E+01     2.000     7   6.7465
     1013     0.00000     0.3232E+01     2.000     6   6.7508
     1014     0.00000     0.4524E+01     2.000     7   6.7539
     1015     0.00000     0.3062E+01     2.000     6   6.7560
     1016     0.00000     0.4286E+01     2.000     7   6.7588
     1018     0.00000     0.8437E+01     2.000     6   6.7682
     1019     0.00000     0.2708E+01     2.000     6   6.7698
     1020     0.00000     0.5433E+01     2.000     6   6.7698
     1023     0.00000     0.7639E+01     2.000     6   6.7748
     1024     0.00000     0.2683E+01     2.000     6   6.7753
     1025     0.00000     0.3174E+01     2.000     6   6.7763
     1026     0.00000     0.3035E+01     2.000     6   6.7792
     1027     0.00000     0.3019E+01     2.000     6   6.7799
     1028     0.00000     0.2916E+01     2.000     6   6.7818
     1029     0.00000     0.3343E+01     2.000     6   6.7818
     1030     0.00000     0.1038E+02     2.000     7   6.7823
     1031     0.00000     0.2744E+01     2.000     6   6.7866
     1032     0.00000     0.9579E+01     2.000     7   6.7865
     1033     0.00000     0.2735E+01     2.000     7   6.7874
     1034     0.00000     0.5434E+01     2.000     6   6.7885
     1035     0.00000     0.1193E+02     2.000     7   6.7891
     1036     0.00000     0.4281E+01     2.000     6   6.7897
     1038     0.00000     0.4862E+01     2.000     6   6.7904
     1039     0.00000     0.8489E+01     2.000     6   6.7912
     1040     0.00000     0.9602E+01     2.000     7   6.8003
     1041     0.00000     0.9462E+01     2.000     7   6.8201
     1042     0.00000     0.3527E+01     2.000     7   6.8203
     1043     0.00000     0.4450E+01     2.000     7   6.8208
     1044     0.00000     0.1465E+02     2.000     7   6.8215
     1045     0.00000     0.5242E+01     2.000     7   6.8229
     1046     0.00000     0.5708E+01     2.000     7   6.8229
     1047     0.00000     0.4953E+01     2.000     7   6.8232
     1048     0.00000     0.6292E+01     2.000     7   6.8236
     1049     0.00000     0.1644E+02     2.000     7   6.8257
     1052     0.00000     0.2907E+01     2.000     5   6.8393
     1053     0.00000     0.3728E+01     2.000     7   6.8414
     1054     0.00000     0.9953E+01     2.000     7   6.8422
     1055     0.00000     0.3074E+01     2.000     7   6.8427
     1056     0.00000     0.4180E+01     2.000     7   6.8430
     1058     0.00000     0.5037E+01     2.000     7   6.8442
     1059     0.00000     0.5304E+01     2.000     7   6.8449
     1060     0.00000     0.5784E+01     2.000     7   6.8449
     1061     0.00000     0.5736E+01     2.000     7   6.8458
     1062     0.00000     0.1625E+02     2.000     7   6.8476
     1063     0.00000     0.9793E+01     2.000     6   6.8505
     1064     0.00000     0.2983E+01     2.000     7   6.8560
     1065     0.00000     0.2747E+01     2.000     7   6.8568
     1066     0.00000     0.1902E+02     2.000     7   6.8567
     1067     0.00000     0.5560E+01     2.000     7   6.8566
     1068     0.00000     0.6175E+01     2.000     7   6.8567
     1069     0.00000     0.3149E+01     2.000     7   6.8573
     1070     0.00000     0.3082E+01     2.000     7   6.8576
     1071     0.00000     0.4174E+01     2.000     7   6.8581
     1072     0.00000     0.3648E+01     2.000     7   6.8594
     1073     0.00000     0.3916E+01     2.000     7   6.8595
     1075     0.00000     0.5608E+01     2.000     7   6.8647
     1076     0.00000     0.3965E+01     2.000     7   6.8656
     1077     0.00000     0.4143E+01     2.000     7   6.8675
     1078     0.00000     0.4620E+01     2.000     7   6.8675
     1079     0.00000     0.4517E+01     2.000     7   6.8673
     1080     0.00000     0.7257E+01     2.000     7   6.8684
     1081     0.00000     0.9616E+01     2.000     7   6.8703
     1082     0.00000     0.1748E+02     2.000     7   6.8703
     1083     0.00000     0.3590E+01     2.000     7   6.8707
     1084     0.00000     0.1728E+02     2.000     7   6.8707
     1085     0.00000     0.4079E+01     2.000     7   6.8710
     1086     0.00000     0.1329E+02     2.000     7   6.8717
     1087     0.00000     0.5186E+01     2.000     7   6.8732
     1088     0.00000     0.5711E+01     2.000     7   6.8732
     1089     0.00000     0.5775E+01     2.000     7   6.8739
     1090     0.00000     0.4969E+01     2.000     7   6.8736
     1091     0.00000     0.6160E+01     2.000     7   6.8750
     1092     0.00000     0.2960E+01     2.000     7   6.8754
     1093     0.00000     0.3081E+01     2.000     7   6.8757
     1094     0.00000     0.1859E+02     2.000     7   6.8761
     1095     0.00000     0.1616E+02     2.000     7   6.8761
     1096     0.00000     0.3961E+01     2.000     7   6.8779
     1097     0.00000     0.3809E+01     2.000     4   6.8840
     1098     0.00000     0.1189E+02     2.000     7   6.8852
     1099     0.00000     0.3059E+02     2.000     7   6.8991
     1100     0.00000     0.6822E+01     2.000     7   6.8995
     1101     0.00000     0.2985E+01     2.000     7   6.9003
     1102     0.00000     0.3588E+02     2.000     7   6.9007
     1103     0.00000     0.1138E+02     2.000     7   6.9011
     1104     0.00000     0.4874E+01     2.000     7   6.9011
     1105     0.00000     0.4121E+01     2.000     7   6.9016
     1106     0.00000     0.3287E+01     2.000     7   6.9030
     1107     0.00000     0.6586E+01     2.000     7   6.9047
     1108     0.00000     0.2946E+01     2.000     7   6.9071
     1109     0.00000     0.2987E+01     2.000     7   6.9081
     1110     0.00000     0.6939E+01     2.000     7   6.9079
     1112     0.00000     0.3118E+01     2.000     7   6.9087
     1114     0.00000     0.3819E+01     2.000     7   6.9106
     1115     0.00000     0.3522E+01     2.000     7   6.9105
     1116     0.00000     0.3799E+01     2.000     7   6.9110
     1117     0.00000     0.3609E+01     2.000     7   6.9112
     1118     0.00000     0.3848E+01     2.000     7   6.9121
     1119     0.00000     0.6705E+01     2.000     7   6.9128
     1120     0.00000     0.2968E+01     2.000     7   6.9126
     1121     0.00000     0.1107E+02     2.000     7   6.9133
     1122     0.00000     0.5328E+01     2.000     7   6.9133
     1123     0.00000     0.9916E+01     2.000     7   6.9140
     1124     0.00000     0.6610E+01     2.000     7   6.9148
     1125     0.00000     0.4256E+01     2.000     7   6.9158
     1126     0.00000     0.3348E+01     2.000     7   6.9154
     1127     0.00000     0.3983E+01     2.000     7   6.9171
     1128     0.00000     0.6166E+01     2.000     7   6.9180
     1129     0.00000     0.3642E+02     2.000     7   6.9176
     1132     0.00000     0.3116E+01     2.000     7   6.9187
     1133     0.00000     0.3536E+01     2.000     7   6.9208
     1134     0.00000     0.2772E+01     2.000     7   6.9214
     1135     0.00000     0.3289E+01     2.000     7   6.9218
     1136     0.00000     0.6849E+01     2.000     6   6.9224
     1137     0.00000     0.3018E+01     2.000     7   6.9225
     1138     0.00000     0.3929E+01     2.000     7   6.9225
     1139     0.00000     0.3250E+01     2.000     7   6.9221
     1140     0.00000     0.9307E+01     2.000     7   6.9246
     1141     0.00000     0.9400E+01     2.000     6   6.9252
     1142     0.00000     0.3843E+01     2.000     7   6.9249
     1143     0.00000     0.3363E+01     2.000     7   6.9252
     1144     0.00000     0.2975E+01     2.000     7   6.9286
     1145     0.00000     0.6614E+01     2.000     7   6.9291
     1146     0.00000     0.1109E+02     2.000     7   6.9294
     1147     0.00000     0.4689E+01     2.000     7   6.9294
     1149     0.00000     0.3172E+01     2.000     7   6.9316
     1150     0.00000     0.6444E+01     2.000     7   6.9319
     1151     0.00000     0.4032E+01     2.000     7   6.9333
     1152     0.00000     0.3584E+01     2.000     7   6.9351
     1153     0.00000     0.3152E+01     2.000     7   6.9350
     1154     0.00000     0.6757E+01     2.000     7   6.9350
     1155     0.00000     0.3047E+01     2.000     7   6.9357
     1157     0.00000     0.2848E+01     2.000     7   6.9355
     1158     0.00000     0.3923E+01     2.000     7   6.9366
     1159     0.00000     0.2876E+01     2.000     7   6.9373
     1160     0.00000     0.3766E+01     2.000     7   6.9379
     1161     0.00000     0.3566E+01     2.000     7   6.9376
     1162     0.00000     0.3464E+01     2.000     7   6.9380
     1163     0.00000     0.3876E+01     2.000     7   6.9383
     1164     0.00000     0.9867E+01     2.000     7   6.9405
     1165     0.00000     0.3575E+01     2.000     7   6.9424
     1166     0.00000     0.1289E+02     2.000     7   6.9452
     1167     0.00000     0.2729E+01     2.000     7   6.9466
     1168     0.00000     0.3782E+01     2.000     7   6.9515
     1169     0.00000     0.3337E+01     2.000     7   6.9513
     1170     0.00000     0.4008E+01     2.000     7   6.9533
     1172     0.00000     0.4423E+01     2.000     6   6.9573
     1173     0.00000     0.3235E+01     2.000     7   6.9582
     1174     0.00000     0.3479E+01     2.000     7   6.9589
     1175     0.00000     0.3097E+01     2.000     7   6.9705
     1176     0.00000     0.2984E+01     2.000     7   6.9728
     1177     0.00000     0.6808E+01     2.000     7   6.9750
     1178     0.00000     0.5903E+01     2.000     7   6.9750
     1179     0.00000     0.6948E+01     2.000     6   6.9762
     1180     0.00000     0.3226E+01     2.000     7   6.9780
     1181     0.00000     0.9194E+01     2.000     6   6.9790
     1182     0.00000     0.4260E+01     2.000     7   6.9811
     1183     0.00000     0.3616E+01     2.000     6   6.9816
     1184     0.00000     0.1531E+02     2.000     7   6.9819
     1185     0.00000     0.6785E+01     2.000     7   6.9824
     1186     0.00000     0.2790E+01     2.000     7   6.9828
     1189     0.00000     0.1091E+02     2.000     7   6.9840
     1190     0.00000     0.1064E+02     2.000     7   6.9840
     1192     0.00000     0.2883E+01     2.000     7   6.9859
     1194     0.00000     0.8077E+01     2.000     6   6.9936
     1197     0.00000     0.8202E+01     2.000     7   6.9987
     1200     0.00000     0.6696E+01     2.000     7   7.0052
     1201     0.00000     0.1059E+02     2.000     7   7.0055
     1203     0.00000     0.6785E+01     2.000     6   7.0066
     1204     0.00000     0.3502E+01     2.000     7   7.0075
     1205     0.00000     0.2937E+01     2.000     7   7.0077
     1207     0.00000     0.6402E+01     2.000     7   7.0083
     1210     0.00000     0.9105E+01     2.000     6   7.0096
     1211     0.00000     0.2865E+01     2.000     7   7.0109
     1212     0.00000     0.2715E+01     2.000     7   7.0139
     1214     0.00000     0.4305E+01     2.000     7   7.0150
     1215     0.00000     0.3257E+01     2.000     6   7.0156
     1216     0.00000     0.1069E+02     2.000     7   7.0177
     1217     0.00000     0.2779E+01     2.000     7   7.0176
     1218     0.00000     0.8486E+01     2.000     6   7.0198
     1219     0.00000     0.8644E+01     2.000     6   7.0241
     1224     0.00000     0.3062E+01     2.000     7   7.0296
     1225     0.00000     0.2895E+01     2.000     7   7.0309
     1226     0.00000     0.2992E+01     2.000     6   7.0319
     1227     0.00000     0.7444E+01     2.000     7   7.0338
     1230     0.00000     0.4275E+01     2.000     7   7.0362
     1231     0.00000     0.3947E+01     2.000     7   7.0378
     1232     0.00000     0.1086E+02     2.000     7   7.0391
     1233     0.00000     0.3180E+01     2.000     7   7.0409
     1234     0.00000     0.6783E+01     2.000     6   7.0419
     1236     0.00000     0.8431E+01     2.000     6   7.0436
     1237     0.00000     0.9049E+01     2.000     6   7.0453
     1243     0.00000     0.4745E+01     2.000     7   7.0560
     1244     0.00000     0.8372E+01     2.000     7   7.0569
     1245     0.00000     0.1187E+02     2.000     7   7.0573
     1250     0.00000     0.2927E+01     2.000     7   7.0627
     1251     0.00000     0.7431E+01     2.000     7   7.0654
     1255     0.00000     0.6980E+01     2.000     6   7.0689
     1256     0.00000     0.1354E+02     2.000     7   7.0708
     1257     0.00000     0.6608E+01     2.000     6   7.0714
     1259     0.00000     0.9001E+01     2.000     6   7.0740
     1260     0.00000     0.5455E+01     2.000     7   7.0761
     1262     0.00000     0.5885E+01     2.000     7   7.0773
     1264     0.00000     0.5472E+01     2.000     7   7.0786
     1266     0.00000     0.1412E+02     2.000     7   7.0806
     1267     0.00000     0.2773E+01     2.000     7   7.0807
     1268     0.00000     0.2667E+01     2.000     7   7.0820
     1270     0.00000     0.2907E+01     2.000     7   7.0823
     1271     0.00000     0.6071E+01     2.000     7   7.0829
     1272     0.00000     0.3084E+01     2.000     7   7.0836
     1273     0.00000     0.6476E+01     2.000     7   7.0841
     1274     0.00000     0.7496E+01     2.000     7   7.0852
     1276     0.00000     0.3398E+01     2.000     7   7.0869
     1277     0.00000     0.2915E+01     2.000     7   7.0888
     1278     0.00000     0.3081E+01     2.000     7   7.0895
     1279     0.00000     0.2970E+01     2.000     7   7.0914
     1283     0.00000     0.2786E+01     2.000     7   7.1009
     1284     0.00000     0.6592E+01     2.000     7   7.1035
     1285     0.00000     0.3392E+01     2.000     5   7.1037
     1286     0.00000     0.3059E+01     2.000     7   7.1067
     1287     0.00000     0.3487E+01     2.000     6   7.1072
     1288     0.00000     0.8089E+01     2.000     6   7.1097
     1289     0.00000     0.2919E+01     2.000     7   7.1096
     1292     0.00000     0.3366E+01     2.000     5   7.1201
     1293     0.00000     0.8488E+01     2.000     6   7.1256
     1294     0.00000     0.1075E+02     2.000     7   7.1345
     1295     0.00000     0.3562E+01     2.000     6   7.1555
     1297     0.00000     0.8397E+01     2.000     6   7.1565
     1298     0.00000     0.5227E+01     2.000     7   7.1637
     1299     0.00000     0.5475E+01     2.000     7   7.1645
     1300     0.00000     0.3290E+01     2.000     7   7.1659
     1301     0.00000     0.7275E+01     2.000     7   7.1659
     1302     0.00000     0.3223E+01     2.000     7   7.1684
     1305     0.00000     0.4700E+01     2.000     7   7.1758
     1307     0.00000     0.5267E+01     2.000     7   7.1810
     1308     0.00000     0.4025E+01     2.000     7   7.1843
     1309     0.00000     0.3400E+01     2.000     6   7.1911
     1310     0.00000     0.4945E+01     2.000     6   7.1918
     1311     0.00000     0.4403E+01     2.000     7   7.1941
     1312     0.00000     0.9782E+01     2.000     7   7.2042
     1313     0.00000     0.5662E+01     2.000     7   7.2042
     1314     0.00000     0.1083E+02     2.000     7   7.2085
     1315     0.00000     0.6182E+01     2.000     7   7.2085
     1316     0.00000     0.3901E+01     2.000     7   7.2095
     1318     0.00000     0.6025E+01     2.000     6   7.2105
     1319     0.00000     0.5766E+01     2.000     6   7.2125
     1320     0.00000     0.1101E+02     2.000     7   7.2225
     1321     0.00000     0.6314E+01     2.000     7   7.2225
     1322     0.00000     0.1282E+02     2.000     7   7.2427
     1323     0.00000     0.1299E+02     2.000     7   7.2434
     1324     0.00000     0.1854E+02     2.000     7   7.2455
     1325     0.00000     0.6712E+01     2.000     7   7.2643
     1326     0.00000     0.1369E+02     2.000     7   7.2651
     1327     0.00000     0.4074E+01     2.000     7   7.2647
     1328     0.00000     0.8057E+01     2.000     7   7.2651
     1329     0.00000     0.1248E+02     2.000     7   7.2659
     1330     0.00000     0.1004E+02     2.000     7   7.2678
     1331     0.00000     0.1905E+02     2.000     7   7.2678
     1332     0.00000     0.7629E+01     2.000     7   7.2792
     1333     0.00000     0.5695E+01     2.000     6   7.2795
     1334     0.00000     0.8685E+01     2.000     7   7.2796
     1335     0.00000     0.7808E+01     2.000     7   7.2869
     1337     0.00000     0.1612E+02     2.000     7   7.2897
     1339     0.00000     0.1339E+02     2.000     7   7.2932
     1340     0.00000     0.1230E+02     2.000     7   7.2939
     1341     0.00000     0.1898E+02     2.000     7   7.2961
     1342     0.00000     0.8796E+01     2.000     7   7.2979
     1343     0.00000     0.5418E+01     2.000     6   7.3055
     1344     0.00000     0.5961E+01     2.000     7   7.3062
     1345     0.00000     0.5558E+01     2.000     7   7.3065
     1346     0.00000     0.4345E+01     2.000     7   7.3065
     1351     0.00000     0.1559E+02     2.000     7   7.3232
     1352     0.00000     0.9426E+01     2.000     7   7.3232
     1353     0.00000     0.4462E+01     2.000     7   7.3237
     1354     0.00000     0.7107E+01     2.000     7   7.3268
     1355     0.00000     0.4389E+01     2.000     6   7.3293
     1356     0.00000     0.7603E+01     2.000     7   7.3308
     1357     0.00000     0.9105E+01     2.000     7   7.3308
     1358     0.00000     0.4421E+01     2.000     7   7.3305
     1359     0.00000     0.5399E+01     2.000     6   7.3327
     1360     0.00000     0.9370E+01     2.000     7   7.3342
     1361     0.00000     0.1129E+02     2.000     7   7.3342
     1362     0.00000     0.1498E+02     2.000     7   7.3352
     1363     0.00000     0.6597E+01     2.000     6   7.3400
     1364     0.00000     0.7948E+01     2.000     7   7.3406
     1365     0.00000     0.1016E+02     2.000     7   7.3444
     1366     0.00000     0.1521E+02     2.000     7   7.3515
     1367     0.00000     0.9337E+01     2.000     7   7.3515
     1368     0.00000     0.7030E+01     2.000     7   7.3541
     1369     0.00000     0.4277E+01     2.000     7   7.3555
     1370     0.00000     0.7486E+01     2.000     7   7.3579
     1371     0.00000     0.8974E+01     2.000     7   7.3579
     1372     0.00000     0.9326E+01     2.000     7   7.3605
     1373     0.00000     0.1126E+02     2.000     7   7.3605
     1374     0.00000     0.3814E+01     2.000     7   7.3625
     1375     0.00000     0.4634E+01     2.000     7   7.3710
     1376     0.00000     0.4245E+01     2.000     6   7.3788
     1377     0.00000     0.4032E+01     2.000     7   7.3787
     1379     0.00000     0.2930E+01     2.000     7   7.3814
     1380     0.00000     0.5567E+01     2.000     7   7.3819
     1381     0.00000     0.4926E+01     2.000     6   7.3835
     1382     0.00000     0.4160E+01     2.000     7   7.3855
     1383     0.00000     0.4838E+01     2.000     6   7.3935
     1384     0.00000     0.3093E+01     2.000     6   7.4037
     1385     0.00000     0.1308E+02     2.000     7   7.4060
     1386     0.00000     0.5484E+01     2.000     7   7.4156
     1387     0.00000     0.5289E+01     2.000     7   7.4181
     1388     0.00000     0.1311E+02     2.000     7   7.4277
     1389     0.00000     0.1220E+02     2.000     7   7.4307
     1390     0.00000     0.3270E+01     2.000     3   7.5475
     1391     0.00000     0.8624E+01     2.000     7   7.5507
     1392     0.00000     0.8272E+01     2.000     7   7.6010
     1393     0.00000     0.5070E+01     2.000     7   7.6064
     1394     0.00000     0.9621E+01     2.000     7   7.6143
     1395     0.00000     0.4756E+01     2.000     7   7.6160
     1396     0.00000     0.8659E+01     2.000     7   7.6310
     1397     0.00000     0.4999E+01     2.000     7   7.6317
     1398     0.00000     0.5121E+01     2.000     7   7.6383
     1399     0.00000     0.3862E+01     2.000     5   7.6606
     1400     0.00000     0.3396E+02     2.000     7   7.6654
     1401     0.00000     0.3722E+02     2.000     7   7.6880
     1402     0.00000     0.8524E+01     2.000     7   7.6892
     1403     0.00000     0.2905E+01     2.000     7   7.6900
     1404     0.00000     0.6670E+01     2.000     7   7.7089
     1405     0.00000     0.3136E+01     2.000     7   7.7095
     1406     0.00000     0.3589E+01     2.000     7   7.7138
     1407     0.00000     0.3682E+02     2.000     7   7.7161
     1408     0.00000     0.4292E+01     2.000     7   7.7259
     1409     0.00000     0.3638E+01     2.000     7   7.7326
     1410     0.00000     0.9064E+01     2.000     7   7.7341
     1411     0.00000     0.6308E+01     2.000     7   7.7426
     1412     0.00000     0.6262E+01     2.000     7   7.7457
     1413     0.00000     0.3716E+01     2.000     6   7.7477
     1414     0.00000     0.3804E+01     2.000     6   7.7540
     1415     0.00000     0.5242E+01     2.000     7   7.7587
     1416     0.00000     0.6306E+01     2.000     7   7.7639
     1417     0.00000     0.3439E+01     2.000     7   7.7798
     1418     0.00000     0.5006E+01     2.000     7   7.7934
     1419     0.00000     0.5066E+01     2.000     7   7.8101
     1420     0.00000     0.4449E+01     2.000     6   7.8301
     1421     0.00000     0.3784E+01     2.000     6   7.9175
     1422     0.00000     0.2832E+01     2.000     7   7.9958
     1423     0.00000     0.4136E+01     2.000     6   8.0007
     1424     0.00000     0.2856E+01     2.000     7   8.0210
