# r  chir_mag  chir_re  chir_im
0.000000000000000000e+00 1.553189176527081626e-02 -1.553189176527081626e-02 0.000000000000000000e+00
3.067961575771282340e-02 1.562012837447576512e-02 -1.550829404710567586e-02 1.865804433377089844e-03
6.135923151542564680e-02 1.586243017038515418e-02 -1.539415632638769030e-02 3.825786443214390393e-03
9.203884727313846326e-02 1.620417314907407480e-02 -1.508735989553042223e-02 5.911581753466112372e-03
1.227184630308512936e-01 1.658832318368360162e-02 -1.449212448506418185e-02 8.071604174867475986e-03
1.533980787885641239e-01 1.698586815825635019e-02 -1.357742299387664636e-02 1.020653231685554607e-02
1.840776945462769265e-01 1.741331934180902555e-02 -1.238802779280167264e-02 1.223766554145820640e-02
2.147573103039897569e-01 1.793028763519275218e-02 -1.099778911435280414e-02 1.416135054565662368e-02
2.454369260617025872e-01 1.861604934879690712e-02 -9.433349364298158207e-03 1.604896299229134973e-02
2.761165418194154175e-01 1.953237441582440087e-02 -7.618874115036859684e-03 1.798517187961163125e-02
3.067961575771282479e-01 2.069002752968392839e-02 -5.383420383631712207e-03 1.997738782103850030e-02
3.374757733348410782e-01 2.203766490751403115e-02 -2.536371044842023696e-03 2.189121962108923555e-02
3.681553890925538530e-01 2.347811699868898247e-02 1.025669222481841430e-03 2.345570251453113139e-02
3.988350048502666834e-01 2.490068860291498251e-02 5.239071643907779186e-03 2.434330341612127302e-02
4.295146206079795137e-01 2.621366818286737649e-02 9.866434698611982815e-03 2.428600143991387766e-02
4.601942363656923440e-01 2.736659626278392654e-02 1.456814341469303206e-02 2.316678200482654923e-02
4.908738521234051744e-01 2.835773269295882928e-02 1.901279344874702223e-02 2.103983575887864374e-02
5.215534678811180047e-01 2.922550809799472418e-02 2.296578371988104023e-02 1.807493019952226970e-02
5.522330836388308350e-01 3.002590207365648037e-02 2.631127817986373199e-02 1.446621705487081098e-02
5.829126993965436654e-01 3.080280216999458157e-02 2.900654527414598532e-02 1.036498686843075751e-02
6.135923151542564957e-01 3.156388428678619934e-02 3.101200526798578161e-02 5.876590893371002287e-03
6.442719309119693261e-01 3.227541719761356509e-02 3.225614509951369585e-02 1.115194422120307366e-03
6.749515466696821564e-01 3.288247599215839839e-02 3.266977238741245598e-02 -3.734059390199339929e-03
7.056311624273949867e-01 3.334993472785389990e-02 3.227281561130220661e-02 -8.407349098913653035e-03
7.363107781851077061e-01 3.371081222167656571e-02 3.125189477566064911e-02 -1.263874731040117577e-02
7.669903939428205364e-01 3.410358098848897956e-02 2.996005713032178983e-02 -1.629261222107372675e-02
7.976700097005333667e-01 3.477626589789137995e-02 2.881109552518549763e-02 -1.947586825893724005e-02
8.283496254582461971e-01 3.603699530224417635e-02 2.810827255899800772e-02 -2.255194102872408110e-02
8.590292412159590274e-01 3.815596071024146552e-02 2.789870903217982548e-02 -2.602958647499530390e-02
8.897088569736718577e-01 4.127499076708541353e-02 2.794215201531258588e-02 -3.037862741428829991e-02
9.203884727313846881e-01 4.540202582788222668e-02 2.781851573147119117e-02 -3.588138976926025930e-02
9.510680884890975184e-01 5.050900694126696927e-02 2.710492700482853429e-02 -4.262021485464229792e-02
9.817477042468103487e-01 5.667495981143868405e-02 2.548824411578584290e-02 -5.062015884528908022e-02
1.012427320004523068e+00 6.419619206707197212e-02 2.269380151781079033e-02 -6.005116525582665510e-02
1.043106935762236009e+00 7.360447600812265734e-02 1.821432352681076616e-02 -7.131519688601421769e-02
1.073786551519948729e+00 8.556802347112477114e-02 1.096791908947993867e-02 -8.486219058922282732e-02
1.104466167277661670e+00 1.007105007907349720e-01 -8.826242344074714452e-04 -1.007066330684402572e-01
1.135145783035374389e+00 1.194413181602960450e-01 -1.973071260568181814e-02 -1.178003712385536361e-01
1.165825398793087331e+00 1.418799821307021869e-01 -4.787824662249128005e-02 -1.335574888569123764e-01
1.196505014550800050e+00 1.678874493535120471e-01 -8.659691418083825809e-02 -1.438303518204158693e-01
1.227184630308512991e+00 1.971667207296515234e-01 -1.352416004804623262e-01 -1.434727335167466922e-01
1.257864246066225711e+00 2.293926897055143799e-01 -1.907886914913664578e-01 -1.273604384781341636e-01
1.288543861823938652e+00 2.643464072831666067e-01 -2.480022514824599400e-01 -9.150905038928384971e-02
1.319223477581651371e+00 3.020352871945182760e-01 -3.001297654264452053e-01 -3.387386331291556557e-02
1.349903093339364313e+00 3.427766910346637386e-01 -3.397568936186067257e-01 4.539948408636491906e-02
1.380582709097077032e+00 3.872167529285355236e-01 -3.593829058843333590e-01 1.441552659692004468e-01
1.411262324854789973e+00 4.362593207299594877e-01 -3.515028277992491845e-01 2.583949631337596475e-01
1.441941940612502693e+00 4.908984512238578901e-01 -3.084257014877592740e-01 3.819095129422230284e-01
1.472621556370215412e+00 5.519797249923831250e-01 -2.224911245147785377e-01 5.051527653243286231e-01
1.503301172127928353e+00 6.199456123328631607e-01 -8.747768696576581349e-02 6.137427934679871022e-01
1.533980787885641073e+00 6.946287743248348301e-01 9.837238629839717419e-02 6.876278119258857346e-01
1.564660403643354014e+00 7.751382254207415112e-01 3.281288161281028515e-01 7.022611683232855562e-01
1.595340019401066733e+00 8.598502543652436492e-01 5.821739227120895643e-01 6.327843105245201105e-01
1.626019635158779675e+00 9.464888756781036916e-01 8.265407561849942297e-01 4.611632792705191441e-01
1.656699250916492394e+00 1.032269055537722302e+00 1.015600019843825086e+00 1.847593102226877948e-01
1.687378866674205335e+00 1.114076918064059729e+00 1.100010440336518291e+00 -1.764777904263671593e-01
1.718058482431918055e+00 1.188666943399845799e+00 1.038970664050988590e+00 -5.774678013300658108e-01
1.748738098189630996e+00 1.252861544703076202e+00 8.137832551423981320e-01 -9.525853577741056899e-01
1.779417713947343715e+00 1.303741753640757395e+00 4.384004243039433257e-01 -1.227822311312349202e+00
1.810097329705056657e+00 1.338819514679610023e+00 -3.732303109139870068e-02 -1.338299175908397975e+00
1.840776945462769376e+00 1.356183231433511605e+00 -5.342405437689827785e-01 -1.246523164090769464e+00
1.871456561220482318e+00 1.354609429686999711e+00 -9.599949362228026306e-01 -9.557072927541756524e-01
1.902136176978195037e+00 1.333635041698446821e+00 -1.230902631175730733e+00 -5.132846549534488823e-01
1.932815792735907978e+00 1.293586938727002034e+00 -1.293584691490845318e+00 -2.411220776012128631e-03
1.963495408493620697e+00 1.235567845756843530e+00 -1.139765746535976287e+00 4.770345317600139801e-01
1.994175024251333417e+00 1.161400491350871311e+00 -8.093635742902698382e-01 8.329355953026165160e-01
2.024854640009046136e+00 1.073534586941463642e+00 -3.804650696262232290e-01 1.003853993444211889e+00
2.055534255766759077e+00 9.749238314221003732e-01 5.111077019745832034e-02 9.735831583612006845e-01
2.086213871524472019e+00 8.688825073902477492e-01 3.966466307939149338e-01 7.730642029796745973e-01
2.116893487282184960e+00 7.589334123968228818e-01 5.963876552628315508e-01 4.693630674673795466e-01
2.147573103039897457e+00 6.486611061656406552e-01 6.321449338602037615e-01 1.454441928951142882e-01
2.178252718797610399e+00 5.415873342048295180e-01 5.274800851883804098e-01 -1.228071671391888636e-01
2.208932334555323340e+00 4.410898482387966002e-01 3.363432902938509605e-01 -2.853654591810840246e-01
2.239611950313036282e+00 3.503911592987402068e-01 1.245638836826140627e-01 -3.275023715893051746e-01
2.270291566070748779e+00 2.726378273082338821e-01 -4.956577891745334030e-02 -2.680944207544433411e-01
2.300971181828461720e+00 2.110035811063777078e-01 -1.497292414325413212e-01 -1.486730153718268943e-01
2.331650797586174662e+00 1.683560849910022694e-01 -1.674153669651953502e-01 -1.777262663217097499e-02
2.362330413343887603e+00 1.454069512592689739e-01 -1.186988782725748870e-01 8.398665234040392225e-02
2.393010029101600100e+00 1.380460632374020113e-01 -3.446612741452459439e-02 1.336742369957298615e-01
2.423689644859313042e+00 1.386351857361937945e-01 5.172739100230395320e-02 1.286234494336227774e-01
2.454369260617025983e+00 1.406355984228144507e-01 1.139506057372127457e-01 8.242348570562534060e-02
2.485048876374738480e+00 1.405491785379293368e-01 1.395212831997185987e-01 1.696711884766104877e-02
2.515728492132451422e+00 1.372041688563554740e-01 1.292449205396830891e-01 -4.605143283606179250e-02
2.546408107890164363e+00 1.307135170925291523e-01 9.349216365553028596e-02 -9.135227903947687467e-02
2.577087723647877304e+00 1.217961929815110367e-01 4.644836639119877958e-02 -1.125915711071589637e-01
2.607767339405589802e+00 1.113915482976162580e-01 9.081901645854053261e-04 -1.113878459382581232e-01
2.638446955163302743e+00 1.004383739913198292e-01 -3.483171418446157769e-02 -9.420519442680543032e-02
2.669126570921015684e+00 8.974440067128573728e-02 -5.760775142297788753e-02 -6.881427488418855043e-02
2.699806186678728626e+00 7.991088915021478389e-02 -6.817947172008451129e-02 -4.168104894011321476e-02
2.730485802436441123e+00 7.129869834152011143e-02 -6.927843148219549330e-02 -1.685239794693405013e-02
2.761165418194154064e+00 6.403410687663593781e-02 -6.391761069284675190e-02 3.860814267239121196e-03
2.791845033951867006e+00 5.805480781763095594e-02 -5.448496284380605070e-02 2.004369064446811718e-02
2.822524649709579947e+00 5.318713536477564369e-02 -4.260468213706968682e-02 3.183885092634819447e-02
2.853204265467292444e+00 4.923156898289125782e-02 -2.940961932136202175e-02 3.948191580825011204e-02
2.883883881225005386e+00 4.602923185704759640e-02 -1.582810234902621779e-02 4.322223225816310826e-02
2.914563496982718327e+00 4.349281740524855305e-02 -2.675515639738129930e-03 4.341044553915345688e-02
2.945243112740430824e+00 4.160130479055995645e-02 9.415755470068169763e-03 4.052174859510566940e-02
2.975922728498143766e+00 4.036854703481456558e-02 2.005515026376790411e-02 3.503441932728050545e-02
3.006602344255856707e+00 3.980092402759585063e-02 2.899860176482514998e-02 2.726159659916374545e-02
3.037281960013569648e+00 3.986162437735464581e-02 3.590592211789879473e-02 1.731224580650067568e-02
3.067961575771282146e+00 4.045635358934362991e-02 4.010929835735368987e-02 5.287790751039746565e-03
3.098641191528995087e+00 4.144437323444241650e-02 4.059569561525563225e-02 -8.344193808228671239e-03
3.129320807286708028e+00 4.266578256901826932e-02 3.630807227687724709e-02 -2.240742934305050421e-02
3.160000423044420970e+00 4.397093211827296511e-02 2.668531428562606264e-02 -3.494763043222144649e-02
3.190680038802133467e+00 4.524208314579255402e-02 1.219812277464729644e-02 -4.356663732887170598e-02
3.221359654559846408e+00 4.640420164064300301e-02 -5.403772605055682035e-03 -4.608849283214091347e-02
3.252039270317559350e+00 4.742612057170159101e-02 -2.330763403428493322e-02 -4.130364521692268115e-02
3.282718886075272291e+00 4.831493983059863273e-02 -3.828276673413916892e-02 -2.947478892229516215e-02
3.313398501832984788e+00 4.910684628272445063e-02 -4.752044196829557920e-02 -1.238103174105375896e-02
3.344078117590697730e+00 4.985726118875312418e-02 -4.934613990452130922e-02 7.120742220229491111e-03
3.374757733348410671e+00 5.063230856920935413e-02 -4.354776006428299345e-02 2.583066519529202826e-02
3.405437349106123612e+00 5.150194125347089258e-02 -3.124603522737185932e-02 4.094063061856526714e-02
3.436116964863836110e+00 5.253312865747625932e-02 -1.443536457194275792e-02 5.051088849167131856e-02
3.466796580621549051e+00 5.378042739096246250e-02 4.558078906199326645e-03 5.358692272410728319e-02
3.497476196379261992e+00 5.527218480307870274e-02 2.347278632764979167e-02 5.004041081887897896e-02
3.528155812136974490e+00 5.699368202504359604e-02 4.026903075338396365e-02 4.033218259597159266e-02
3.558835427894687431e+00 5.887208615320544541e-02 5.311972352194453684e-02 2.538144008882508434e-02
3.589515043652400372e+00 6.076958376083285707e-02 6.041006738022709766e-02 6.600459800748938871e-03
3.620194659410113314e+00 6.248916165756245034e-02 6.089985326322729098e-02 -1.400368512864940199e-02
3.650874275167825811e+00 6.379344753334936780e-02 5.407061006673806458e-02 -3.385222408056761528e-02
3.681553890925538752e+00 6.443348823543749992e-02 4.051474036314539617e-02 -5.010219775112843138e-02
3.712233506683251694e+00 6.418300856685753286e-02 2.212473863523956030e-02 -6.024910396857072886e-02
3.742913122440964635e+00 6.287442729256355334e-02 1.875169086958316730e-03 -6.284645851806748562e-02
3.773592738198677132e+00 6.043476209790157178e-02 -1.684441182571246032e-02 -5.803986785026097467e-02
3.804272353956390074e+00 5.692184134382176353e-02 -3.116592113928050647e-02 -4.763172662744197955e-02
3.834951969714103015e+00 5.256345214914182051e-02 -3.960278051264198157e-02 -3.456206413833852464e-02
3.865631585471815956e+00 4.780189591560879414e-02 -4.246857807615189023e-02 -2.194176677746093040e-02
3.896311201229528454e+00 4.333361119739598255e-02 -4.164172370386011457e-02 -1.199035889281289610e-02
3.926990816987241395e+00 4.008135197462945470e-02 -3.972873928456478743e-02 -5.304908196492324687e-03
3.957670432744954336e+00 3.894859522218682701e-02 -3.894089438340703896e-02 -7.744768570414083987e-04
3.988350048502666834e+00 4.031729523351898492e-02 -4.013749149112870451e-02 3.803428945872827302e-03
4.019029664260379775e+00 4.375054435078924719e-02 -4.243647573947517682e-02 1.064216415036491406e-02
4.049709280018092272e+00 4.830301664873797723e-02 -4.356642744666315570e-02 2.086019695263910401e-02
4.080388895775805658e+00 5.300939096084660018e-02 -4.082870147698764579e-02 3.380847032539201213e-02
4.111068511533518155e+00 5.711581871368000968e-02 -3.228515373774609037e-02 4.711566189139296951e-02
4.141748127291231540e+00 6.010736458709389080e-02 -1.769319805040431987e-02 5.744428622896273484e-02
4.172427743048944038e+00 6.167559977971947410e-02 1.186465672506915436e-03 6.166418658667358749e-02
4.203107358806656535e+00 6.168365925751136819e-02 2.103029556874019476e-02 5.798793398361588858e-02
4.233786974564369920e+00 6.013754931120608715e-02 3.796620446631044504e-02 4.663788326650397664e-02
4.264466590322082418e+00 5.716093342776729092e-02 4.877263663848949160e-02 2.980943182389620555e-02
4.295146206079794915e+00 5.297047892416256731e-02 5.182157643992253010e-02 1.097250439673716320e-02
4.325825821837508300e+00 4.785050945008504503e-02 4.744684646583656462e-02 -6.202258869154893446e-03
4.356505437595220798e+00 4.212702011602088153e-02 3.765478884326201731e-02 -1.888922182158327134e-02
4.387185053352934183e+00 3.614182806581114904e-02 2.534201133105200288e-02 -2.576847293953381246e-02
4.417864669110646680e+00 3.022781823495028150e-02 1.334650992476434615e-02 -2.712179323115194648e-02
4.448544284868359178e+00 2.468593275434466036e-02 3.679763644710576549e-03 -2.441013345869073176e-02
4.479223900626072563e+00 1.976374250068957741e-02 -2.824787883538773872e-03 -1.956083053059291810e-02
4.509903516383785060e+00 1.563450110770893756e-02 -6.398175489619571318e-03 -1.426537680157742745e-02
4.540583132141497558e+00 1.237668101035302101e-02 -7.888236200318378064e-03 -9.537188394910720707e-03
4.571262747899210943e+00 9.962641070309063637e-03 -8.212780894772569659e-03 -5.639543161486361943e-03
4.601942363656923440e+00 8.281799927312686119e-03 -7.946493391867657033e-03 -2.332692180515908136e-03
4.632621979414635938e+00 7.218699648461449764e-03 -7.181896586613680487e-03 7.280013968971639363e-04
4.663301595172349323e+00 6.740639181676570148e-03 -5.670484634239882776e-03 3.644423217794930461e-03
4.693981210930061820e+00 6.882484789738453797e-03 -3.132731468886588121e-03 6.128180025491160830e-03
4.724660826687775206e+00 7.609785617554817166e-03 4.308968743301002388e-04 7.597576260152754356e-03
4.755340442445487703e+00 8.746628264088372046e-03 4.577200139043829420e-03 7.453371376584337800e-03
4.786020058203200200e+00 1.004968519250480294e-02 8.477858959856025833e-03 5.396487739746956558e-03
4.816699673960913586e+00 1.129071818195029678e-02 1.117067153653675260e-02 1.642076273207380456e-03
4.847379289718626083e+00 1.228639656176000634e-02 1.189788419081677304e-02 -3.065271970762208954e-03
4.878058905476338580e+00 1.290262938213685047e-02 1.039316940109841561e-02 -7.645905752286826298e-03
4.908738521234051966e+00 1.305362475802084900e-02 7.002762535154441643e-03 -1.101628050657081810e-02
4.939418136991764463e+00 1.270026535327839837e-02 2.592856802668714201e-03 -1.243277256465902952e-02
4.970097752749476960e+00 1.184771870508307019e-02 -1.722954418416635606e-03 -1.172176891884641435e-02
5.000777368507190346e+00 1.054179495815038559e-02 -4.936471863138488202e-03 -9.314541667958059490e-03
5.031456984264902843e+00 8.864022830424945001e-03 -6.451325285039125057e-03 -6.078758327562423444e-03
5.062136600022616229e+00 6.926247664765952314e-03 -6.236822551778939752e-03 -3.012465961848770531e-03
5.092816215780328726e+00 4.868220139400042216e-03 -4.781637217925877037e-03 -9.140639156023181453e-04
5.123495831538041223e+00 2.877944806833032578e-03 -2.874219014325206725e-03 -1.463945657073981025e-04
5.154175447295754608e+00 1.420334066181750711e-03 -1.299257314080126766e-03 -5.738286254324374705e-04
5.184855063053467106e+00 1.776350145022423214e-03 -5.668114474397780095e-04 -1.683491794091200198e-03
5.215534678811179603e+00 2.935233725431899213e-03 -7.729382872938659211e-04 -2.831636174890420510e-03
5.246214294568892988e+00 3.872797431644814381e-03 -1.635104260567144538e-03 -3.510697082294319052e-03
5.276893910326605486e+00 4.428321460091116067e-03 -2.674477774974213899e-03 -3.529475822990220044e-03
5.307573526084318871e+00 4.604441310549279784e-03 -3.458952730823315874e-03 -3.039165311104793758e-03
5.338253141842031368e+00 4.496426671914727398e-03 -3.799180846695130766e-03 -2.405010958397283804e-03
5.368932757599743866e+00 4.301582284450560303e-03 -3.813923040119189100e-03 -1.989372060210684197e-03
5.399612373357457251e+00 4.306786430991014526e-03 -3.840588654902747298e-03 -1.948919738214128193e-03
5.430291989115169748e+00 4.746618433891520127e-03 -4.236507767784031264e-03 -2.140651417317716767e-03
5.460971604872882246e+00 5.607712366619386699e-03 -5.166016583971731919e-03 -2.181446914519132810e-03
5.491651220630595631e+00 6.679108149673806775e-03 -6.475763489869438248e-03 -1.635534438131177942e-03
5.522330836388308128e+00 7.725706737111088900e-03 -7.721839339386595523e-03 -2.444213667936253492e-04
5.553010452146020626e+00 8.559344284973763317e-03 -8.343865185703260717e-03 1.908478019659150954e-03
5.583690067903734011e+00 9.044556131046493572e-03 -7.913100736220243792e-03 4.380277656277207186e-03
5.614369683661446508e+00 9.094624979450495472e-03 -6.344541176862807802e-03 6.516057149222774340e-03
5.645049299419159894e+00 8.669830824008467260e-03 -3.974253549006515236e-03 7.705275805909641250e-03
5.675728915176872391e+00 7.777890650809705583e-03 -1.459029928901663196e-03 7.639817710032238002e-03
5.706408530934584888e+00 6.477915340904001965e-03 4.679527848374679050e-04 6.460991205309156091e-03
5.737088146692298274e+00 4.899076961229495777e-03 1.287761119934899582e-03 4.726798744397062157e-03
5.767767762450010771e+00 3.332860689651868588e-03 9.117783849424844879e-04 3.205716854835811026e-03
5.798447378207723268e+00 2.590965900637412500e-03 -2.692616435401679010e-04 2.576936643688370991e-03
5.829126993965436654e+00 3.507866828703745492e-03 -1.527689711505039391e-03 3.157735554678656360e-03
5.859806609723149151e+00 5.202103902317686303e-03 -2.078349498803524261e-03 4.768893830998132029e-03
5.890486225480861648e+00 6.932799464378856455e-03 -1.384503104223877611e-03 6.793147986588118740e-03
5.921165841238575034e+00 8.427165953514519428e-03 6.305530125997660168e-04 8.403542640242605416e-03
5.951845456996287531e+00 9.554186514337694933e-03 3.547683602482424453e-03 8.871100326759336421e-03
5.982525072754000917e+00 1.024355772137762466e-02 6.602273881548170915e-03 7.832014707865531805e-03
