# r  chir_mag  chir_re  chir_im
0.000000000000000000e+00 6.827531726370753007e-02 -6.827531726370753007e-02 0.000000000000000000e+00
3.067961575771282340e-02 6.903260172625980129e-02 -6.871050438436891727e-02 6.660832406090606665e-03
6.135923151542564680e-02 7.102787655155964885e-02 -6.954062366010045626e-02 1.445893870198895065e-02
9.203884727313846326e-02 7.358505423127525980e-02 -6.960525384882811084e-02 2.387192583056343270e-02
1.227184630308512936e-01 7.596021288292648110e-02 -6.771111806161395075e-02 3.442613007681354087e-02
1.533980787885641239e-01 7.764062004005080342e-02 -6.331018304447945388e-02 4.494314856658403190e-02
1.840776945462769265e-01 7.852523193063506990e-02 -5.681955161363194673e-02 5.420102032421385968e-02
2.147573103039897569e-01 7.899028292247664562e-02 -4.938251206402220067e-02 6.165089049170018043e-02
2.454369260617025872e-01 7.982694699820244710e-02 -4.217040237130519759e-02 6.777904271156415250e-02
2.761165418194154175e-01 8.199791201320853762e-02 -3.558764295731935839e-02 7.387270973281165332e-02
3.067961575771282479e-01 8.621973401210321353e-02 -2.882646058864960295e-02 8.125809315415208345e-02
3.374757733348410782e-01 9.257683851572658107e-02 -2.006850289025444503e-02 9.037547356064458415e-02
3.681553890925538530e-01 1.004491378922155176e-01 -7.310540806749463161e-03 1.001827594768789492e-01
3.988350048502666834e-01 1.087694148846173881e-01 1.054476541693626090e-02 1.082570715318117716e-01
4.295146206079795137e-01 1.163768145621315170e-01 3.287172341034253625e-02 1.116378643994172942e-01
4.601942363656923440e-01 1.222955173127147493e-01 5.723496543665698016e-02 1.080756785139431464e-01
4.908738521234051744e-01 1.259224462749191920e-01 8.016686101717204749e-02 9.710683225455010725e-02
5.215534678811180047e-01 1.271639360058116619e-01 9.852078275542178187e-02 8.040100736775097900e-02
5.522330836388308350e-01 1.265429708521848551e-01 1.107951725694592549e-01 6.113553146412203237e-02
5.829126993965436654e-01 1.252487135997083223e-01 1.177784909804395347e-01 4.260830107798575100e-02
6.135923151542564957e-01 1.250215821403616034e-01 1.221379790826103151e-01 2.669663024606348453e-02
6.442719309119693261e-01 1.277119441113205855e-01 1.270586222239858398e-01 1.290144128520256603e-02
6.749515466696821564e-01 1.345220595742316616e-01 1.345136680233847970e-01 -1.502540178418264229e-03
7.056311624273949867e-01 1.453892444483965707e-01 1.439815063244589688e-01 -2.018311764359988908e-02
7.363107781851077061e-01 1.590355666868772666e-01 1.522807176231593396e-01 -4.585732778511839025e-02
7.669903939428205364e-01 1.735597315051784495e-01 1.547117793238340089e-01 -7.865904740462426048e-02
7.976700097005333667e-01 1.870632061696969883e-01 1.470739080573209012e-01 -1.155937224559936138e-01
8.283496254582461971e-01 1.980787654750519600e-01 1.276559156440147946e-01 -1.514568074838790745e-01
8.590292412159590274e-01 2.058594658789987819e-01 9.822101671958792524e-02 -1.809164214950016725e-01
8.897088569736718577e-01 2.106272580062091559e-01 6.339226105769958652e-02 -2.008613030257612175e-01
9.203884727313846881e-01 2.138023172039518471e-01 2.855777749491248893e-02 -2.118864889187847822e-01
9.510680884890975184e-01 2.180952359432376253e-01 -2.853876363387901349e-03 -2.180765630021689883e-01
9.817477042468103487e-01 2.271558657434012141e-01 -3.147265798118849961e-02 -2.249650175943656571e-01
1.012427320004523068e+00 2.444866148205641354e-01 -6.234856171252887297e-02 -2.364029646150780928e-01
1.043106935762236009e+00 2.719907865096653499e-01 -1.031445365055683877e-01 -2.516747753256131093e-01
1.073786551519948729e+00 3.092658338382387462e-01 -1.606833965323256896e-01 -2.642464797466496096e-01
1.104466167277661670e+00 3.541161140165863253e-01 -2.371840459155723779e-01 -2.629485701982949286e-01
1.135145783035374389e+00 4.035644415642919980e-01 -3.278068520910982220e-01 -2.353867587975663755e-01
1.165825398793087331e+00 4.546452519086834898e-01 -4.207049895293667463e-01 -1.723647785024703394e-01
1.196505014550800050e+00 5.048736455728458639e-01 -4.997773875322689685e-01 -7.155390209789937173e-02
1.227184630308512991e+00 5.525404202616829297e-01 -5.491458669659201597e-01 6.115335491373446314e-02
1.257864246066225711e+00 5.969423224738825695e-01 -5.575564722637680326e-01 2.132391066321910611e-01
1.288543861823938652e+00 6.385673687608075522e-01 -5.208430592427936157e-01 3.694466024809390792e-01
1.319223477581651371e+00 6.791861025908538796e-01 -4.413898319276180482e-01 5.162061392733168219e-01
1.349903093339364313e+00 7.217507289838488438e-01 -3.249024690367733892e-01 6.444862298005487045e-01
1.380582709097077032e+00 7.699940520342596351e-01 -1.761634065978379127e-01 7.495714071014067947e-01
1.411262324854789973e+00 8.276975363117082818e-01 3.837853915211866807e-03 8.276886386158729403e-01
1.441941940612502693e+00 8.977773431072234578e-01 2.173656004026690014e-01 8.710662165175805383e-01
1.472621556370215412e+00 9.815063218684584312e-01 4.653707122822742792e-01 8.641670903347561383e-01
1.503301172127928353e+00 1.078164132890939930e+00 7.402525459401428920e-01 7.838775833518962788e-01
1.533980787885641073e+00 1.185172308504359728e+00 1.019029949095803245e+00 6.051539999796398117e-01
1.564660403643354014e+00 1.298541956403494568e+00 1.260653690535729954e+00 3.113896033570476840e-01
1.595340019401066733e+00 1.413410551839767937e+00 1.410307026183595491e+00 -9.361346029914989486e-02
1.626019635158779675e+00 1.524528166953021069e+00 1.411241426986637126e+00 -5.767007600045781501e-01
1.656699250916492394e+00 1.626649933986419994e+00 1.221713098710828893e+00 -1.073967928839780983e+00
1.687378866674205335e+00 1.714842462633108022e+00 8.320316941245768927e-01 -1.499469216630261226e+00
1.718058482431918055e+00 1.784723933968882292e+00 2.756821136626981805e-01 -1.763303403469701047e+00
1.748738098189630996e+00 1.832652802430887018e+00 -3.704557419025883425e-01 -1.794820001434457524e+00
1.779417713947343715e+00 1.855872431580938064e+00 -9.987267340322950604e-01 -1.564227410906524174e+00
1.810097329705056657e+00 1.852613583692257482e+00 -1.493991289095678132e+00 -1.095521391204801187e+00
1.840776945462769376e+00 1.822154103238452283e+00 -1.761631293212987615e+00 -4.657260597405568636e-01
1.871456561220482318e+00 1.764834679450707489e+00 -1.752226308119510412e+00 2.105811267083378679e-01
1.902136176978195037e+00 1.682030434041520639e+00 -1.475323514923279289e+00 8.078656493231577418e-01
1.932815792735907978e+00 1.576079645908134097e+00 -9.977402244577657786e-01 1.220057988271408655e+00
1.963495408493620697e+00 1.450172784985747310e+00 -4.264848277453598402e-01 1.386041773546645040e+00
1.994175024251333417e+00 1.308206917177806128e+00 1.188640314443989293e-01 1.302795716979697538e+00
2.024854640009046136e+00 1.154612299546393439e+00 5.362227072364891267e-01 1.022543285395675072e+00
2.055534255766759077e+00 9.941595434135221954e-01 7.647633246807399310e-01 6.352088278538357002e-01
2.086213871524472019e+00 8.317571630681324102e-01 7.957904558636005321e-01 2.419453009908447971e-01
2.116893487282184960e+00 6.722510865579398587e-01 6.683842750771394892e-01 -7.199989033281485595e-02
2.147573103039897457e+00 5.202413753670958041e-01 4.522905135469359461e-01 -2.570688234681453022e-01
2.178252718797610399e+00 3.799432105160063244e-01 2.243296842050522544e-01 -3.066480653806115675e-01
2.208932334555323340e+00 2.551688427723173835e-01 4.612273516326260286e-02 -2.509657977151930064e-01
2.239611950313036282e+00 1.497861518432540562e-01 -5.020989876853844402e-02 -1.411200104509048037e-01
2.270291566070748779e+00 7.137767016230410488e-02 -6.497549525767461198e-02 -2.954584258095514088e-02
2.300971181828461720e+00 5.178924072820303981e-02 -2.317415970345391985e-02 4.631504914433943326e-02
2.331650797586174662e+00 8.246099186875327502e-02 3.970815331539499782e-02 7.227086370218414879e-02
2.362330413343887603e+00 1.081798859917152134e-01 9.251271895415857927e-02 5.607392054145461657e-02
2.393010029101600100e+00 1.199817725538642188e-01 1.185291530199726329e-01 1.861358722909465732e-02
2.423689644859313042e+00 1.193855602383643716e-01 1.180342993804481128e-01 -1.791134174747585975e-02
2.454369260617025983e+00 1.109610181872246887e-01 1.035581410867891794e-01 -3.985045761085153487e-02
2.485048876374738480e+00 1.020781269192365392e-01 9.091615498124552830e-02 -4.641332522849347247e-02
2.515728492132451422e+00 1.020438347357536663e-01 9.032172287261851229e-02 -4.748610938895402034e-02
2.546408107890164363e+00 1.161500667924331431e-01 1.013533089624805428e-01 -5.673045723632626214e-02
2.577087723647877304e+00 1.409579064903675738e-01 1.135657011299308211e-01 -8.349828099436801265e-02
2.607767339405589802e+00 1.695368553002440659e-01 1.120035735955740991e-01 -1.272711467965803589e-01
2.638446955163302743e+00 1.962673245113151776e-01 8.484921277124948813e-02 -1.769787381662812631e-01
2.669126570921015684e+00 2.173584659848384892e-01 2.969343571749286786e-02 -2.153206971254117974e-01
2.699806186678728626e+00 2.303742793447488835e-01 -4.432311023524046489e-02 -2.260702777516034045e-01
2.730485802436441123e+00 2.339083066184186877e-01 -1.193891974798116234e-01 -2.011450109503656603e-01
2.761165418194154064e+00 2.274146635935282990e-01 -1.756670652073137606e-01 -1.444247604076496772e-01
2.791845033951867006e+00 2.111071097609337754e-01 -1.989044560171188414e-01 -7.073350810011463929e-02
2.822524649709579947e+00 1.858841935115747024e-01 -1.858836818050126904e-01 -4.361605912305330083e-04
2.853204265467292444e+00 1.532827873285466103e-01 -1.455343960734316322e-01 4.811810938461718451e-02
2.883883881225005386e+00 1.155409751511416866e-01 -9.534508655506369890e-02 6.526125503454673071e-02
2.914563496982718327e+00 7.622016637891300406e-02 -5.460193259036922458e-02 5.318028507093540413e-02
2.945243112740430824e+00 4.452438640755823629e-02 -3.719539602962333019e-02 2.447291358153003485e-02
2.975922728498143766e+00 4.691192752688629064e-02 -4.680447621482310139e-02 -3.173318538043442324e-03
3.006602344255856707e+00 7.747864099763109025e-02 -7.621446461262641747e-02 -1.393898111952657573e-02
3.037281960013569648e+00 1.108160138801814465e-01 -1.108155695560369969e-01 3.138092791743433822e-04
3.067961575771282146e+00 1.398197120676435146e-01 -1.346791715632865982e-01 3.756424669423770457e-02
3.098641191528995087e+00 1.621483188256942487e-01 -1.366743658725247390e-01 8.724789402239023495e-02
3.129320807286708028e+00 1.768709380620259175e-01 -1.142125669417315414e-01 1.350511691305243678e-01
3.160000423044420970e+00 1.839815919981027392e-01 -7.329471242009318044e-02 1.687516261415343555e-01
3.190680038802133467e+00 1.843858485778866740e-01 -2.510383930285435897e-02 1.826689311515338754e-01
3.221359654559846408e+00 1.800198087887153742e-01 1.921834258111205715e-02 1.789910245368763475e-01
3.252039270317559350e+00 1.739829804867631946e-01 5.330635293212791087e-02 1.656155494998366451e-01
3.282718886075272291e+00 1.704179177775436149e-01 7.781788038402319418e-02 1.516134696924104908e-01
3.313398501832984788e+00 1.735933443285932187e-01 9.930954915908186964e-02 1.423806961670205651e-01
3.344078117590697730e+00 1.860602244504506453e-01 1.263045721674563859e-01 1.366219681169462130e-01
3.374757733348410671e+00 2.073545773358778654e-01 1.642942935522412606e-01 1.265041732446425815e-01
3.405437349106123612e+00 2.346897183538101395e-01 2.118569359566141730e-01 1.009747621342373114e-01
3.436116964863836110e+00 2.645666521609039146e-01 2.596204284911574622e-01 5.091901948875787037e-02
3.466796580621549051e+00 2.937923759589531336e-01 2.926447268280304992e-01 -2.594270670832728165e-02
3.497476196379261992e+00 3.197943681297100715e-01 2.954249561811591596e-01 -1.224440000687690572e-01
3.528155812136974490e+00 3.406351986027580936e-01 2.576662203449666677e-01 -2.228013855887784611e-01
3.558835427894687431e+00 3.549604231005419330e-01 1.786571467658249757e-01 -3.067222291866212869e-01
3.589515043652400372e+00 3.619471018467838586e-01 6.858046081344429390e-02 -3.553905245358994769e-01
3.620194659410113314e+00 3.612600150115923836e-01 -5.377170446171745943e-02 -3.572357796266461549e-01
3.650874275167825811e+00 3.530101098614705224e-01 -1.661071650054332938e-01 -3.114876360279252854e-01
3.681553890925538752e+00 3.377105385196494391e-01 -2.488129066046290139e-01 -2.283430431044216891e-01
3.712233506683251694e+00 3.162288356773725884e-01 -2.901339810465729530e-01 -1.257893062065832679e-01
3.742913122440964635e+00 2.897368463734009136e-01 -2.887184541467109899e-01 -2.427126658288093070e-02
3.773592738198677132e+00 2.596627241265246355e-01 -2.528832861591124304e-01 5.894721267520722924e-02
3.804272353956390074e+00 2.276516976718374052e-01 -1.971055010687199349e-01 1.139066148268769729e-01
3.834951969714103015e+00 1.955430966523636072e-01 -1.371298917665169925e-01 1.394004857685185728e-01
3.865631585471815956e+00 1.653636688989953973e-01 -8.541238888581738353e-02 1.415975522971865130e-01
3.896311201229528454e+00 1.392983600373672581e-01 -4.831807457881624746e-02 1.306499015617537396e-01
3.926990816987241395e+00 1.194846693814344829e-01 -2.573024324180728586e-02 1.166813644071243161e-01
3.957670432744954336e+00 1.073474830290890442e-01 -1.282077931385335393e-02 1.065791242714352188e-01
3.988350048502666834e+00 1.025809438129901829e-01 -3.022763760074894876e-03 1.025363980877747883e-01
4.019029664260379775e+00 1.029398651828335315e-01 9.032740679098892611e-03 1.025427980878427930e-01
4.049709280018092272e+00 1.054639167960003676e-01 2.565167168872125106e-02 1.022967716280809292e-01
4.080388895775805658e+00 1.077824087485197702e-01 4.576897463674336336e-02 9.758200959364451976e-02
4.111068511533518155e+00 1.085286532520566560e-01 6.603045575458647842e-02 8.613040978392444424e-02
4.141748127291231540e+00 1.072072265550181452e-01 8.259932426188988652e-02 6.834282008446943002e-02
4.172427743048944038e+00 1.039643492161487354e-01 9.284666775436446751e-02 4.677694084533515206e-02
4.203107358806656535e+00 9.940367273622814637e-02 9.625767995780429298e-02 2.481026405728219142e-02
4.233786974564369920e+00 9.443688925319063121e-02 9.429593261633532897e-02 5.157823556010753679e-03
4.264466590322082418e+00 9.011467241086547342e-02 8.942743226980097437e-02 -1.110803949163653020e-02
4.295146206079794915e+00 8.738506658790957948e-02 8.382846333930893401e-02 -2.467668123438660280e-02
4.325825821837508300e+00 8.679691257999239129e-02 7.837448427871707146e-02 -3.729804616148106600e-02
4.356505437595220798e+00 8.829688053890692723e-02 7.232946798843224723e-02 -5.064372787831042388e-02
4.387185053352934183e+00 9.128399869991254967e-02 6.382282544408192371e-02 -6.526419670064041723e-02
4.417864669110646680e+00 9.488051733719496394e-02 5.086226325416812188e-02 -8.009583476584443418e-02
4.448544284868359178e+00 9.821746578985290910e-02 3.242186937715283573e-02 -9.271188150540235484e-02
4.479223900626072563e+00 1.006071449480380187e-01 9.138215083605055050e-03 -1.001912702768125718e-01
4.509903516383785060e+00 1.016075236159348083e-01 -1.666966645814930287e-02 -1.002307890597335521e-01
4.540583132141497558e+00 1.010290026773136146e-01 -4.165395819070256272e-02 -9.204242037788795683e-02
4.571262747899210943e+00 9.892071244453272405e-02 -6.249248107114330208e-02 -7.668113953317808040e-02
4.601942363656923440e+00 9.555272711859214008e-02 -7.692142312878251509e-02 -5.668702076880505203e-02
4.632621979414635938e+00 9.139645290921658005e-02 -8.434654430562105176e-02 -3.519903504482117113e-02
4.663301595172349323e+00 8.709405659526080201e-02 -8.581016683683609370e-02 -1.489932755706939102e-02
4.693981210930061820e+00 8.339500335499526462e-02 -8.334807005273547897e-02 2.797463684119647249e-03
4.724660826687775206e+00 8.103090707006979643e-02 -7.900634278145697575e-02 1.800015835755924137e-02
4.755340442445487703e+00 8.052634141161243986e-02 -7.391553449013851806e-02 3.195286250364293840e-02
4.786020058203200200e+00 8.201896412809167591e-02 -6.779409050031413864e-02 4.616353290076925103e-02
4.816699673960913586e+00 8.521179626246312699e-02 -5.908815705783116573e-02 6.139739341197313072e-02
4.847379289718626083e+00 8.949589318195751153e-02 -4.571310240225109900e-02 7.694041308179762340e-02
4.878058905476338580e+00 9.414522600244103201e-02 -2.613171240956776303e-02 9.044587987075111690e-02
4.908738521234051966e+00 9.847003564444346824e-02 -3.672394306337968496e-04 9.846935084085074730e-02
4.939418136991764463e+00 1.018944481798573914e-01 2.944524068114484291e-02 9.754720073434755556e-02
4.970097752749476960e+00 1.039798778929202638e-01 5.921920781725863864e-02 8.546871025189826943e-02
5.000777368507190346e+00 1.044225173494378461e-01 8.380001681718686479e-02 6.230264288963067998e-02
5.031456984264902843e+00 1.030418417725975921e-01 9.833130211385320008e-02 3.079896395145734558e-02
5.062136600022616229e+00 9.976723426629696689e-02 9.968611423174206232e-02 -4.022395122592127212e-03
5.092816215780328726e+00 9.462486852741112953e-02 8.750011384132255765e-02 -3.602215736994988232e-02
5.123495831538041223e+00 8.772509663074433417e-02 6.445214711599740742e-02 -5.951145529233223957e-02
5.154175447295754608e+00 7.925008996146577778e-02 3.566604240629706046e-02 -7.077082858051499115e-02
5.184855063053467106e+00 6.944150988752369191e-02 7.384329736784096647e-03 -6.904777309803333818e-02
5.215534678811179603e+00 5.858822954469507932e-02 -1.469990608018114861e-02 -5.671413758857428433e-02
5.246214294568892988e+00 4.701464222206644394e-02 -2.695077488007388902e-02 -3.852314001522320203e-02
5.276893910326605486e+00 3.507166795097798467e-02 -2.867848401101958170e-02 -2.018827500539237610e-02
5.307573526084318871e+00 2.314046111138078760e-02 -2.214298887256823528e-02 -6.720787471468338964e-03
5.338253141842031368e+00 1.173116801917750696e-02 -1.168520280425692365e-02 -1.037467357346358917e-03
5.368932757599743866e+00 3.974994277362177419e-03 -2.273907626588321518e-03 -3.260356362547739070e-03
5.399612373357457251e+00 1.109705489472775572e-02 2.062928047825604485e-03 -1.090362119692791197e-02
5.430291989115169748e+00 1.986370206035088792e-02 -5.723311968011427983e-04 -1.985545508276141680e-02
5.460971604872882246e+00 2.750161696773902389e-02 -9.495168914481924224e-03 -2.581047661562426918e-02
5.491651220630595631e+00 3.370228586308773866e-02 -2.183230043758898481e-02 -2.567478782775303378e-02
5.522330836388308128e+00 3.834349333447353847e-02 -3.358833867116616662e-02 -1.849451233209083514e-02
5.553010452146020626e+00 4.138684156019441923e-02 -4.100130193662216566e-02 -5.635946578045231657e-03
5.583690067903734011e+00 4.286129985680525029e-02 -4.172750970679010851e-02 9.793158789926287300e-03
5.614369683661446508e+00 4.285671445199182306e-02 -3.548008996653209679e-02 2.403874351097312623e-02
5.645049299419159894e+00 4.151828047250834264e-02 -2.395262586982543559e-02 3.391222976057511190e-02
5.675728915176872391e+00 3.904055789756883527e-02 -1.011273343877369148e-02 3.770805992556144209e-02
5.706408530934584888e+00 3.566128149086922328e-02 2.841627079221413932e-03 3.554788535361348006e-02
5.737088146692298274e+00 3.165596396571136034e-02 1.247877278925706504e-02 2.909261563133356057e-02
5.767767762450010771e+00 2.733486491169855037e-02 1.774930892259699369e-02 2.078838311439895267e-02
5.798447378207723268e+00 2.304382660593789697e-02 1.905373165077567030e-02 1.296044963821705968e-02
5.829126993965436654e+00 1.916649646986033281e-02 1.780634491521821891e-02 7.091450323414173057e-03
5.859806609723149151e+00 1.610673962084281999e-02 1.571788162066863753e-02 3.517848571538430367e-03
5.890486225480861648e+00 1.418877459771595434e-02 1.409843807696779285e-02 1.598551961837403265e-03
5.921165841238575034e+00 1.344269951457339671e-02 1.344079823799391483e-02 2.260817654112594582e-04
5.951845456996287531e+00 1.349842996614983998e-02 1.340726321653538597e-02 -1.566175147800893648e-03
5.982525072754000917e+00 1.381174353625657172e-02 1.317118655643938034e-02 -4.157415568210099874e-03
