# r  chir_mag  chir_re  chir_im
0.000000000000000000e+00 5.599822349801562849e-02 -5.599822349801562849e-02 0.000000000000000000e+00
3.067961575771282340e-02 5.635864809794589869e-02 -5.607344342179160224e-02 5.662698848714893367e-03
6.135923151542564680e-02 5.729712079519073964e-02 -5.606773931169107411e-02 1.180545043168325543e-02
9.203884727313846326e-02 5.847147609448485189e-02 -5.545075158328744563e-02 1.855067830340603394e-02
1.227184630308512936e-01 5.954078574955096875e-02 -5.378007779995142013e-02 2.555011544993687767e-02
1.533980787885641239e-01 6.037088818013786051e-02 -5.105872624302913720e-02 3.221258471619619507e-02
1.840776945462769265e-01 6.116824496110077891e-02 -4.780952343273046218e-02 3.815499522679077771e-02
2.147573103039897569e-01 6.249111482777335719e-02 -4.476698752322934988e-02 4.360110389099090822e-02
2.454369260617025872e-01 6.508188181894027091e-02 -4.231674576199089682e-02 4.944637872695566150e-02
2.761165418194154175e-01 6.952255908208572477e-02 -3.999129507286955376e-02 5.686899453759297618e-02
3.067961575771282479e-01 7.589293716039165194e-02 -3.635159081764285233e-02 6.662056556242838823e-02
3.374757733348410782e-01 8.368370076540050662e-02 -2.941776510688451016e-02 7.834256103746713162e-02
3.681553890925538530e-01 9.198840888048037678e-02 -1.752992418311370704e-02 9.030265293166488128e-02
3.988350048502666834e-01 9.978367373763828707e-02 -2.619243877310735067e-04 9.978332997146645289e-02
4.295146206079795137e-01 1.061585358168490312e-01 2.108080110136605415e-02 1.040443874108635536e-01
4.601942363656923440e-01 1.104799932329009193e-01 4.370476334394989698e-02 1.014678400567941979e-01
4.908738521234051744e-01 1.125268028741065601e-01 6.430610383971450961e-02 9.234179104838659280e-02
5.215534678811180047e-01 1.126115499466478070e-01 8.040251557518811321e-02 7.884666556404264226e-02
5.522330836388308350e-01 1.116747739207015477e-01 9.141198414773571423e-02 6.414907859364711584e-02
5.829126993965436654e-01 1.112661097451843467e-01 9.892047000294700021e-02 5.094004114862365346e-02
6.135923151542564957e-01 1.132401063867466140e-01 1.059139506171198064e-01 4.006939928618843960e-02
6.442719309119693261e-01 1.190638913813559241e-01 1.152334424857290041e-01 2.995770291193080442e-02
6.749515466696821564e-01 1.290690841096417130e-01 1.279227200433357137e-01 1.716409536259130494e-02
7.056311624273949867e-01 1.422823026768999799e-01 1.422677719868119250e-01 -2.033398374513147120e-03
7.363107781851077061e-01 1.569170865468671461e-01 1.540808808943864572e-01 -2.969939718524407593e-02
7.669903939428205364e-01 1.710119575544469250e-01 1.582396799909651652e-01 -6.484823284377837227e-02
7.976700097005333667e-01 1.828793366625340866e-01 1.508831865445641185e-01 -1.033398074136329531e-01
8.283496254582461971e-01 1.913901830150892269e-01 1.312786156179626129e-01 -1.392699796653269206e-01
8.590292412159590274e-01 1.962125354548303335e-01 1.024148035790630878e-01 -1.673635775115809854e-01
8.897088569736718577e-01 1.980711987601258828e-01 6.987710494337902312e-02 -1.853358842291618624e-01
9.203884727313846881e-01 1.990007875792916270e-01 3.932762296861418844e-02 -1.950760147450651683e-01
9.510680884890975184e-01 2.023818360444830655e-01 1.362001005440482450e-02 -2.019230122765949820e-01
9.817477042468103487e-01 2.123104447212919299e-01 -9.118141061940728334e-03 -2.121145549964153498e-01
1.012427320004523068e+00 2.320674624656982321e-01 -3.538519598665547383e-02 -2.293538642365857971e-01
1.043106935762236009e+00 2.625920428536417939e-01 -7.393867378080276609e-02 -2.519675643601471116e-01
1.073786551519948729e+00 3.023352124863911694e-01 -1.319174326909126338e-01 -2.720374453295535955e-01
1.104466167277661670e+00 3.483232963807283977e-01 -2.109773551712572637e-01 -2.771600158869925168e-01
1.135145783035374389e+00 3.972574762879915733e-01 -3.051235379471936571e-01 -2.543877533555647941e-01
1.165825398793087331e+00 4.461589844247589309e-01 -4.013381019539485339e-01 -1.948988642935979010e-01
1.196505014550800050e+00 4.927120307157375478e-01 -4.829699507997386454e-01 -9.749447079975323560e-02
1.227184630308512991e+00 5.355087022836078070e-01 -5.346331639681471959e-01 3.060964238409222965e-02
1.257864246066225711e+00 5.742785829359288163e-01 -5.466009087635276265e-01 1.761344297909533119e-01
1.288543861823938652e+00 6.100904595582502532e-01 -5.167738044257270680e-01 3.242764313103210227e-01
1.319223477581651371e+00 6.454430173321052955e-01 -4.492903613915719130e-01 4.633949285257695783e-01
1.349903093339364313e+00 6.841030918932982097e-01 -3.503744275309280676e-01 5.875668480014378803e-01
1.380582709097077032e+00 7.305464886486348064e-01 -2.234382732708161678e-01 6.955382880292112491e-01
1.411262324854789973e+00 7.889939805013533869e-01 -6.611013711315938401e-02 7.862194038805258023e-01
1.441941940612502693e+00 8.623137191164383930e-01 1.286711258631103860e-01 8.526597747903575941e-01
1.472621556370215412e+00 9.512502398215717525e-01 3.669820334094275882e-01 8.776110789611076823e-01
1.503301172127928353e+00 1.054278649378110666e+00 6.453131444810151773e-01 8.337112306395769723e-01
1.533980787885641073e+00 1.167997264492867338e+00 9.425112042293963821e-01 6.898479830838633031e-01
1.564660403643354014e+00 1.287747807833381941e+00 1.216360359625390020e+00 4.228024268043799050e-01
1.595340019401066733e+00 1.408208626795451890e+00 1.407873329708785981e+00 3.072822929861611721e-02
1.626019635158779675e+00 1.523863281776403289e+00 1.453860814737406804e+00 -4.565610943974900415e-01
1.656699250916492394e+00 1.629349167043326441e+00 1.305164569277577291e+00 -9.753584752526929247e-01
1.687378866674205335e+00 1.719720402688629024e+00 9.452442508882592520e-01 -1.436645944408793341e+00
1.718058482431918055e+00 1.790653228435968636e+00 4.027109754654814577e-01 -1.744781606605192881e+00
1.748738098189630996e+00 1.838608887626466348e+00 -2.474860055466014674e-01 -1.821876318172454656e+00
1.779417713947343715e+00 1.860959050476831411e+00 -8.963550240057502894e-01 -1.630863654169557142e+00
1.810097329705056657e+00 1.856073569893938791e+00 -1.424517315165528819e+00 -1.189856930749417341e+00
1.840776945462769376e+00 1.823368539009696754e+00 -1.731164991280117471e+00 -5.724863334757142042e-01
1.871456561220482318e+00 1.763312848030046620e+00 -1.760061540862503771e+00 1.070307077643724708e-01
1.902136176978195037e+00 1.677392759572280623e+00 -1.514724573857942458e+00 7.205941543035063734e-01
1.932815792735907978e+00 1.568035850544135856e+00 -1.057928696591780238e+00 1.157377769580567373e+00
1.963495408493620697e+00 1.438497660303778458e+00 -4.953491318667762044e-01 1.350520179878211380e+00
1.994175024251333417e+00 1.292716345792375376e+00 5.199014990798552643e-02 1.291670459130864090e+00
2.024854640009046136e+00 1.135142501750243449e+00 4.784043863261572826e-01 1.029406500088130505e+00
2.055534255766759077e+00 9.705531546267812670e-01 7.184916754265354699e-01 6.524899526420055995e-01
2.086213871524472019e+00 8.038612794095650882e-01 7.594556557129669150e-01 2.634768747719055115e-01
2.116893487282184960e+00 6.399367835223501721e-01 6.380488907245979169e-01 -4.911924215662737819e-02
2.147573103039897457e+00 4.834684302234513176e-01 4.242005406080531227e-01 -2.319388375640520916e-01
2.178252718797610399e+00 3.389490329436798954e-01 1.973093885780180801e-01 -2.756001671124755914e-01
2.208932334555323340e+00 2.111416297186872182e-01 2.295424968954985420e-02 -2.098901861008584946e-01
2.239611950313036282e+00 1.085203573186470927e-01 -6.306094909707285479e-02 -8.831752176971015278e-02
2.270291566070748779e+00 6.745166936839550043e-02 -5.940171266030749159e-02 3.195566043137912371e-02
2.300971181828461720e+00 1.082354202103232854e-01 7.295091855541340105e-03 1.079892949459550638e-01
2.331650797586174662e+00 1.550975006236770537e-01 9.646698641648754347e-02 1.214469235157182303e-01
2.362330413343887603e+00 1.872017249553637186e-01 1.695821580103391568e-01 7.928667927729105003e-02
2.393010029101600100e+00 2.025781425904080724e-01 2.024876057576559529e-01 6.055854185149944259e-03
2.423689644859313042e+00 2.024652560246756883e-01 1.906050306479658285e-01 -6.827812379397579789e-02
2.454369260617025983e+00 1.893203691612911910e-01 1.463784828002762106e-01 -1.200647406712596066e-01
2.485048876374738480e+00 1.664297059338011586e-01 9.115803363091293243e-02 -1.392446046414613225e-01
2.515728492132451422e+00 1.379716942634525711e-01 4.534961418026377949e-02 -1.303057976900063031e-01
2.546408107890164363e+00 1.095950493965331812e-01 2.071583110812809381e-02 -1.076193718329932630e-01
2.577087723647877304e+00 8.950469145510733804e-02 1.734734305345717736e-02 -8.780751380980805765e-02
2.607767339405589802e+00 8.642650552884545423e-02 2.571376797312766027e-02 -8.251268384043576598e-02
2.638446955163302743e+00 9.964971828212453031e-02 3.222323338474591958e-02 -9.429596801528143668e-02
2.669126570921015684e+00 1.195780174803933726e-01 2.559882349126588880e-02 -1.168058324759696093e-01
2.699806186678728626e+00 1.385521407648630243e-01 1.438286382979497716e-03 -1.385446752596683206e-01
2.730485802436441123e+00 1.526976791789187993e-01 -3.660723427039810213e-02 -1.482447018469807143e-01
2.761165418194154064e+00 1.603412593974331835e-01 -7.905810321429485032e-02 -1.394960063274675310e-01
2.791845033951867006e+00 1.610725115021992282e-01 -1.149051207011839298e-01 -1.128767788266145100e-01
2.822524649709579947e+00 1.553391355012539443e-01 -1.360011941559568505e-01 -7.505945780799819222e-02
2.853204265467292444e+00 1.442609849176473835e-01 -1.397880730950298855e-01 -3.564444402411495044e-02
2.883883881225005386e+00 1.295447647247196521e-01 -1.295031313697935782e-01 -3.284057399157203766e-03
2.914563496982718327e+00 1.134657139964942163e-01 -1.121438691910512653e-01 1.726907222738399000e-02
2.945243112740430824e+00 9.886229890925893327e-02 -9.533765478435052287e-02 2.616267810916278816e-02
2.975922728498143766e+00 8.887726274023305395e-02 -8.454168543994132479e-02 2.742027088069028465e-02
3.006602344255856707e+00 8.588391044261718676e-02 -8.163761994317554616e-02 2.667105327746008628e-02
3.037281960013569648e+00 8.995703662529247469e-02 -8.521682816316575315e-02 2.881597883490501569e-02
3.067961575771282146e+00 9.908085131614158270e-02 -9.205801793465059890e-02 3.663790975853977588e-02
3.098641191528995087e+00 1.111062659377711898e-01 -9.883604038155816007e-02 5.075469882020522405e-02
3.129320807286708028e+00 1.249897078038025994e-01 -1.031473512944949683e-01 7.059072869584219478e-02
3.160000423044420970e+00 1.408112898971292659e-01 -1.034285414628695193e-01 9.555289725255254607e-02
3.190680038802133467e+00 1.592864917654177592e-01 -9.801507732047107235e-02 1.255596713789765284e-01
3.221359654559846408e+00 1.811871478235367039e-01 -8.410337571099134324e-02 1.604849049924757520e-01
3.252039270317559350e+00 2.068782330858963403e-01 -5.748933328969041412e-02 1.987299169291059375e-01
3.282718886075272291e+00 2.361002825194507271e-01 -1.360303964076964127e-02 2.357080836931480516e-01
3.313398501832984788e+00 2.679965466803230778e-01 5.029904568967252104e-02 2.632340309217005569e-01
3.344078117590697730e+00 3.012784157123539752e-01 1.325855694055628198e-01 2.705360429952886614e-01
3.374757733348410671e+00 3.344206396446796070e-01 2.255026042179466006e-01 2.469529099064855515e-01
3.405437349106123612e+00 3.658311448925526954e-01 3.152500517632617627e-01 1.856066578457159499e-01
3.436116964863836110e+00 3.939831419771566146e-01 3.843046663578709166e-01 8.679078048823980762e-02
3.466796580621549051e+00 4.175141985773603293e-01 4.155675430833948303e-01 -4.027062390038460560e-02
3.497476196379261992e+00 4.352990930357106270e-01 3.971569741091053873e-01 -1.781898939732881326e-01
3.528155812136974490e+00 4.465011008918382540e-01 3.263044902173007356e-01 -3.047763323515312872e-01
3.558835427894687431e+00 4.506043151827348048e-01 2.110000489775895050e-01 -3.981497559873121705e-01
3.589515043652400372e+00 4.474285900427195650e-01 6.871813205321390672e-02 -4.421200759010305847e-01
3.620194659410113314e+00 4.371285321922732114e-01 -7.750272583958224548e-02 -4.302030696589759784e-01
3.650874275167825811e+00 4.201782920830633428e-01 -2.044956804874798750e-01 -3.670576437016434546e-01
3.681553890925538752e+00 3.973444547018641915e-01 -2.943111630997553574e-01 -2.669523458544446060e-01
3.712233506683251694e+00 3.696499131050224318e-01 -3.379343734273697053e-01 -1.498045977759083491e-01
3.742913122440964635e+00 3.383320529656980158e-01 -3.364048467987801327e-01 -3.606046469851914571e-02
3.773592738198677132e+00 3.047985846396607523e-01 -2.992214927339431618e-01 5.804029190494482127e-02
3.804272353956390074e+00 2.705832038809165008e-01 -2.407515369332461352e-01 1.235069540015518441e-01
3.834951969714103015e+00 2.372991787452765622e-01 -1.759009185186899693e-01 1.592788972132338221e-01
3.865631585471815956e+00 2.065783930315407690e-01 -1.163913656925450735e-01 1.706683405313298985e-01
3.896311201229528454e+00 1.799624950485045061e-01 -6.863757277315633842e-02 1.663591994086671411e-01
3.926990816987241395e+00 1.586905103741585166e-01 -3.358765189505291682e-02 1.550952859470192402e-01
3.957670432744954336e+00 1.433576489132117326e-01 -8.221295778671297572e-03 1.431217167226667697e-01
3.988350048502666834e+00 1.335844116548309257e-01 1.207980789915056793e-02 1.330371124096089985e-01
4.019029664260379775e+00 1.280166322978219529e-01 3.122894837501743320e-02 1.241491479159895078e-01
4.049709280018092272e+00 1.247914391871030870e-01 5.095783059757171690e-02 1.139131370614365479e-01
4.080388895775805658e+00 1.221496020817175593e-01 7.051705248752025701e-02 9.973901241336936840e-02
4.111068511533518155e+00 1.188152990808511722e-01 8.743879652159561311e-02 8.044583369278433815e-02
4.141748127291231540e+00 1.140861962802297153e-01 9.889218614843506283e-02 5.688581282248125065e-02
4.172427743048944038e+00 1.077707368865674920e-01 1.030239472612766716e-01 3.163223071140325998e-02
4.203107358806656535e+00 1.000911434932109101e-01 9.977252221777398178e-02 7.980026070279045911e-03
4.233786974564369920e+00 9.160274688720126957e-02 9.090606451134890242e-02 -1.127611069203989132e-02
4.264466590322082418e+00 8.313414835591841079e-02 7.934919025361696077e-02 -2.479904492030187216e-02
4.295146206079794915e+00 7.571610399199268926e-02 6.811380744057757286e-02 -3.306716860685491449e-02
4.325825821837508300e+00 7.042196925702229326e-02 5.925811575810942256e-02 -3.804904034053286505e-02
4.356505437595220798e+00 6.804148526713382772e-02 5.324649977821335062e-02 -4.236099596003753409e-02
4.387185053352934183e+00 6.869616739993787691e-02 4.890957956527498124e-02 -4.823915880473378381e-02
4.417864669110646680e+00 7.175258041966704747e-02 4.398146205319883317e-02 -5.669271375180251482e-02
4.448544284868359178e+00 7.616041646704818646e-02 3.599939641592653922e-02 -6.711521805166992261e-02
4.479223900626072563e+00 8.087271630674205958e-02 2.324809245901305818e-02 -7.745916627390178610e-02
4.509903516383785060e+00 8.506400773160120721e-02 5.439425062761280016e-03 -8.488991734209966333e-02
4.540583132141497558e+00 8.816753681403088905e-02 -1.607688134991492809e-02 -8.668937901446895078e-02
4.571262747899210943e+00 8.984059772018446188e-02 -3.861708894454402019e-02 -8.111752856300043224e-02
4.601942363656923440e+00 8.991933273252894487e-02 -5.886763468726621124e-02 -6.797122910018491004e-02
4.632621979414635938e+00 8.838146961035489579e-02 -7.376241374348738167e-02 -4.868665617210396479e-02
4.663301595172349323e+00 8.531877708585805520e-02 -8.126830846892514615e-02 -2.597606132626666120e-02
4.693981210930061820e+00 8.091718224595531583e-02 -8.085675042516388134e-02 -3.126706463342479331e-03
4.724660826687775206e+00 7.544253243316562108e-02 -7.354376525516015395e-02 1.681934279403169905e-02
4.755340442445487703e+00 6.923057762921890068e-02 -6.151339708706084208e-02 3.176436458808642310e-02
4.786020058203200200e+00 6.267964756821721439e-02 -4.745970707044533388e-02 4.094281895599569121e-02
4.816699673960913586e+00 5.624248479798566597e-02 -3.385625559631703224e-02 4.491070087683447787e-02
4.847379289718626083e+00 5.040784469827774839e-02 -2.236957323325201863e-02 4.517248056602451295e-02
4.878058905476338580e+00 4.565239468246465315e-02 -1.357522550072442699e-02 4.358731917482432106e-02
4.908738521234051966e+00 4.234081721957726197e-02 -7.032042060137879552e-03 4.175278658109063401e-02
4.939418136991764463e+00 4.059000938873790626e-02 -1.655710103026900070e-03 4.055622623263369780e-02
4.970097752749476960e+00 4.019232226765282606e-02 3.756164728203278264e-03 4.001642157666603083e-02
5.000777368507190346e+00 4.069151461678903459e-02 1.003164259431668648e-02 3.943558683052968833e-02
5.031456984264902843e+00 4.156128148624369661e-02 1.732264482825177782e-02 3.777917541361940079e-02
5.062136600022616229e+00 4.235329261565159292e-02 2.507497003322409559e-02 3.413278882863105684e-02
5.092816215780328726e+00 4.275892346282191003e-02 3.225268439905043527e-02 2.807293865548654566e-02
5.123495831538041223e+00 4.261098495708869061e-02 3.771416974398607291e-02 1.983273656193327086e-02
5.154175447295754608e+00 4.186242982722269274e-02 4.059429888487237070e-02 1.022574833862023753e-02
5.184855063053467106e+00 4.056105804190312386e-02 4.055928245872129911e-02 3.795206348765689584e-04
5.215534678811179603e+00 3.882561851030199435e-02 3.785944448163879039e-02 -8.607619662207138464e-03
5.246214294568892988e+00 3.682290741537929540e-02 3.318550473911083265e-02 -1.595771868821005066e-02
5.276893910326605486e+00 3.474366536316261800e-02 2.740432186540564877e-02 -2.135709310661625462e-02
5.307573526084318871e+00 3.277520008167170151e-02 2.128487165716909379e-02 -2.492324174202570353e-02
5.338253141842031368e+00 3.107088427245221357e-02 1.531447292263416263e-02 -2.703454768576725106e-02
5.368932757599743866e+00 2.972158131790304109e-02 9.657484096285336508e-03 -2.810881351047601201e-02
5.399612373357457251e+00 2.873933616090821111e-02 4.246379402761267692e-03 -2.842389320514505935e-02
5.430291989115169748e+00 2.806296006317379743e-02 -1.055356618655697116e-03 -2.804310877764351964e-02
5.460971604872882246e+00 2.758500989855959540e-02 -6.298557809579202922e-03 -2.685630169295503966e-02
5.491651220630595631e+00 2.718782988303724765e-02 -1.136594169248062412e-02 -2.469804573629467981e-02
5.522330836388308128e+00 2.677385587286036303e-02 -1.598524302334970726e-02 -2.147816015828983918e-02
5.553010452146020626e+00 2.628226695041092562e-02 -1.981625544680275242e-02 -1.726480744519679617e-02
5.583690067903734011e+00 2.569187179107348604e-02 -2.256103534148522910e-02 -1.229113340783558571e-02
5.614369683661446508e+00 2.501380948095342088e-02 -2.404450417210953275e-02 -6.895830904745451663e-03
5.645049299419159894e+00 2.427810002620843510e-02 -2.423553393123438482e-02 -1.437023295068292445e-03
5.675728915176872391e+00 2.351772919516044447e-02 -2.321275585796873930e-02 3.775122776180912625e-03
5.706408530934584888e+00 2.275394447830721145e-02 -2.110698451834249270e-02 8.499246664519009495e-03
5.737088146692298274e+00 2.198642649514864073e-02 -1.805994128945385968e-02 1.253959611183923760e-02
5.767767762450010771e+00 2.119101895440513028e-02 -1.422419425618545209e-02 1.570769181287493682e-02
5.798447378207723268e+00 2.032540918815765527e-02 -9.800743052530983684e-03 1.780639475818474732e-02
5.829126993965436654e+00 1.934054030979410685e-02 -5.084138127839633176e-03 1.866033330280619795e-02
5.859806609723149151e+00 1.819416012138275890e-02 -4.750162826254175695e-04 1.818795816065551033e-02
5.890486225480861648e+00 1.686340535706120497e-02 3.567351956845003259e-03 1.648176083592267985e-02
5.921165841238575034e+00 1.535501435017787297e-02 6.629862437127160245e-03 1.384995991903726319e-02
5.951845456996287531e+00 1.371359636982599078e-02 8.472230111760561608e-03 1.078350788602123675e-02
5.982525072754000917e+00 1.202958648562712195e-02 9.121062899235041557e-03 7.843287741972796573e-03
