# r  chir_mag  chir_re  chir_im
0.000000000000000000e+00 5.674363264659704892e-02 -5.674363264659704892e-02 0.000000000000000000e+00
3.067961575771282340e-02 5.770434417528995386e-02 -5.755747035420288871e-02 4.114479690723333444e-03
6.135923151542564680e-02 6.022389927948351013e-02 -5.944302276493673015e-02 9.666700005306198482e-03
9.203884727313846326e-02 6.344186866372353295e-02 -6.102389309331478218e-02 1.734805958258253678e-02
1.227184630308512936e-01 6.644797019780389336e-02 -6.082450308982521869e-02 2.675280484891398580e-02
1.533980787885641239e-01 6.862296055574695908e-02 -5.803977301749543849e-02 3.661277732586278727e-02
1.840776945462769265e-01 6.980608518533316931e-02 -5.293959596385860999e-02 4.550042536158750012e-02
2.147573103039897569e-01 7.034722929934456026e-02 -4.667781183277767282e-02 5.262997769901069794e-02
2.454369260617025872e-01 7.105183025235337069e-02 -4.058517298946674734e-02 5.831986210224006373e-02
2.761165418194154175e-01 7.295182312396074342e-02 -3.530649395718238326e-02 6.383901613873053937e-02
3.067961575771282479e-01 7.687359097254305162e-02 -3.024812318907876135e-02 7.067248426758583613e-02
3.374757733348410782e-01 8.300081694650858488e-02 -2.367048027299838500e-02 7.955403181130055179e-02
3.681553890925538530e-01 9.076688726317037881e-02 -1.344643691825430330e-02 8.976536725067463252e-02
3.988350048502666834e-01 9.912315415494643567e-02 1.840648561511792425e-03 9.910606289475068498e-02
4.295146206079795137e-01 1.069144267894173855e-01 2.199125485077108033e-02 1.046282914215754811e-01
4.601942363656923440e-01 1.131628822006296858e-01 4.495963847492151499e-02 1.038482971269050203e-01
4.908738521234051744e-01 1.172482579187692081e-01 6.748602649969395739e-02 9.587903948344930760e-02
5.215534678811180047e-01 1.190341780133774841e-01 8.636347940533466161e-02 8.191754977002652094e-02
5.522330836388308350e-01 1.189675891472878194e-01 9.977710330460788646e-02 6.479056199524339810e-02
5.829126993965436654e-01 1.181284716299135645e-01 1.080693919858482233e-01 4.770054848142080833e-02
6.135923151542564957e-01 1.181339935510824640e-01 1.135127293718851405e-01 3.271850703917211084e-02
6.442719309119693261e-01 1.207454391734900656e-01 1.191210702083654593e-01 1.973909100269457748e-02
6.749515466696821564e-01 1.271683563028069563e-01 1.270048260507790350e-01 6.447092722229137360e-03
7.056311624273949867e-01 1.374476425950337255e-01 1.370380239892369512e-01 -1.060351055346546618e-02
7.363107781851077061e-01 1.504652331145098221e-01 1.465197138012967748e-01 -3.423097783864592625e-02
7.669903939428205364e-01 1.644706777922313456e-01 1.510858167629303694e-01 -6.498984402592608567e-02
7.976700097005333667e-01 1.776757998979728859e-01 1.465405301809377392e-01 -1.004717019049352622e-01
8.283496254582461971e-01 1.886721722669638945e-01 1.307971044176784448e-01 -1.359753877136808398e-01
8.590292412159590274e-01 1.967115710336840295e-01 1.049860723714976241e-01 -1.663531387937924877e-01
8.897088569736718577e-01 2.019411790451930144e-01 7.309923622748501493e-02 -1.882464912212735986e-01
9.203884727313846881e-01 2.056167574811278709e-01 4.018260348930000059e-02 -2.016521989314142005e-01
9.510680884890975184e-01 2.101927341008273942e-01 9.796083770413910319e-03 -2.099643355704585990e-01
9.817477042468103487e-01 2.190221495900677440e-01 -1.810530858977080909e-02 -2.182725356336045752e-01
1.012427320004523068e+00 2.354006494118257853e-01 -4.777600248512178793e-02 -2.305014519044314980e-01
1.043106935762236009e+00 2.612445005925783104e-01 -8.625766399328108069e-02 -2.465933991255400137e-01
1.073786551519948729e+00 2.963708018688450685e-01 -1.402966419933529274e-01 -2.610603463679828651e-01
1.104466167277661670e+00 3.388788685107998466e-01 -2.127677546991986468e-01 -2.637589241777832383e-01
1.135145783035374389e+00 3.860562411966862451e-01 -3.001180554679617751e-01 -2.428344583230382103e-01
1.165825398793087331e+00 4.351369189853812602e-01 -3.920380535508426467e-01 -1.888128778239367422e-01
1.196505014550800050e+00 4.837680303654006142e-01 -4.736904156621040696e-01 -9.822880083500092063e-02
1.227184630308512991e+00 5.303051408546203271e-01 -5.297280440086957753e-01 2.473341479779913796e-02
1.257864246066225711e+00 5.740382638170967722e-01 -5.484977305556296701e-01 1.693226739142478510e-01
1.288543861823938652e+00 6.153712437443105143e-01 -5.246595712704545944e-01 3.215806304828112694e-01
1.319223477581651371e+00 6.559120330643423147e-01 -4.590946916652280940e-01 4.684577453766860522e-01
1.349903093339364313e+00 6.983853362074681215e-01 -3.562056676366501251e-01 6.007159063760062478e-01
1.380582709097077032e+00 7.462692464975421158e-01 -2.200222692661289725e-01 7.130974612877206686e-01
1.411262324854789973e+00 8.031260625052979440e-01 -5.130411705290111729e-02 8.014857203024181587e-01
1.441941940612502693e+00 8.717575408818653004e-01 1.523539188762206287e-01 8.583411288569686715e-01
1.472621556370215412e+00 9.534692308867204202e-01 3.926091445030594484e-01 8.688852823591213248e-01
1.503301172127928353e+00 1.047714195800217629e+00 6.636628950137343219e-01 8.107136349311548917e-01
1.533980787885641073e+00 1.152182226235467732e+00 9.454687499827886255e-01 6.584927678106280435e-01
1.564660403643354014e+00 1.263190372637499781e+00 1.200371836007143589e+00 3.933921362265709876e-01
1.595340019401066733e+00 1.376172870472018417e+00 1.376095144629931433e+00 1.462608454519934327e-02
1.626019635158779675e+00 1.486136734221138900e+00 1.416008740627401341e+00 -4.511337265914324712e-01
1.656699250916492394e+00 1.588036428477877626e+00 1.274854491327269024e+00 -9.468926676849194202e-01
1.687378866674205335e+00 1.677070419329548479e+00 9.355492257127431266e-01 -1.391873858386051488e+00
1.718058482431918055e+00 1.748916108344255260e+00 4.213901565584792785e-01 -1.697391495790418814e+00
1.748738098189630996e+00 1.799916657523384478e+00 -2.013917958852357304e-01 -1.788614357143616163e+00
1.779417713947343715e+00 1.827226642887700869e+00 -8.332364789244667280e-01 -1.626183930146960499e+00
1.810097329705056657e+00 1.828918464317634385e+00 -1.361767122758740456e+00 -1.220873888858040823e+00
1.840776945462769376e+00 1.804048896519559575e+00 -1.688231978497698682e+00 -6.359757918436734769e-01
1.871456561220482318e+00 1.752684586948109358e+00 -1.752513849855040773e+00 2.446359318923397794e-02
1.902136176978195037e+00 1.675885987396243504e+00 -1.549239851234227805e+00 6.391007167096824926e-01
1.932815792735907978e+00 1.575650585730548059e+00 -1.129866258249527577e+00 1.098215373586725718e+00
1.963495408493620697e+00 1.454817994437787032e+00 -5.897261000115456842e-01 1.329931774154282431e+00
1.994175024251333417e+00 1.316941194148335548e+00 -4.359009770816018453e-02 1.316219591187821614e+00
2.024854640009046136e+00 1.166129853749420020e+00 4.032056522127277498e-01 1.094204751328266001e+00
2.055534255766759077e+00 1.006873057596321175e+00 6.797401193502068395e-01 7.427965564400061949e-01
2.086213871524472019e+00 8.438499606301266276e-01 7.636466335344787026e-01 3.590634695244337427e-01
2.116893487282184960e+00 6.817380661912434414e-01 6.810001565560745984e-01 3.171084459263204258e-02
2.147573103039897457e+00 5.250308738286868504e-01 4.930309384481467716e-01 -1.804935240008740671e-01
2.178252718797610399e+00 3.778835804276300947e-01 2.746773153328707084e-01 -2.595156503919019975e-01
2.208932334555323340e+00 2.440404583832195273e-01 9.210021635375520432e-02 -2.259940164594703982e-01
2.239611950313036282e+00 1.271740461258928367e-01 -1.403169649871096984e-02 -1.263975850299315917e-01
2.270291566070748779e+00 3.808504841059862783e-02 -3.515940272385534304e-02 -1.463855568488210343e-02
2.300971181828461720e+00 6.610521769864251274e-02 9.304492849425400822e-03 6.544712537460992130e-02
2.331650797586174662e+00 1.241218090336092122e-01 8.399785355031298695e-02 9.138153028219611618e-02
2.362330413343887603e+00 1.654989534941859464e-01 1.524390837877376281e-01 6.443779435723905047e-02
2.393010029101600100e+00 1.893793925572639369e-01 1.893412286275031609e-01 3.801771585176387611e-03
2.423689644859313042e+00 1.974014176977937352e-01 1.866882762596066836e-01 -6.414676310084252431e-02
2.454369260617025983e+00 1.921812035875627711e-01 1.525504296272628957e-01 -1.168844790077012835e-01
2.485048876374738480e+00 1.771280035925392182e-01 1.043329311743510235e-01 -1.431396839777380470e-01
2.515728492132451422e+00 1.564909060240682603e-01 5.990842668972490986e-02 -1.445696513096563218e-01
2.546408107890164363e+00 1.355255628427245451e-01 3.034302989801033329e-02 -1.320851192241038474e-01
2.577087723647877304e+00 1.203329800706212371e-01 1.676619748394688608e-02 -1.191592242111613464e-01
2.607767339405589802e+00 1.159018968754725182e-01 1.195496401496723773e-02 -1.152836872013274228e-01
2.638446955163302743e+00 1.223418946760400777e-01 5.255399097240207214e-03 -1.222289653611287608e-01
2.669126570921015684e+00 1.347823790847484660e-01 -1.169853505315507185e-02 -1.342737278448578042e-01
2.699806186678728626e+00 1.476011146950700070e-01 -4.101418471903364033e-02 -1.417883130270622960e-01
2.730485802436441123e+00 1.568953024919537975e-01 -7.783220628690354359e-02 -1.362287914082576656e-01
2.761165418194154064e+00 1.605623931893096212e-01 -1.128516609378552304e-01 -1.142137676913156374e-01
2.791845033951867006e+00 1.578603423914115012e-01 -1.366820135817442827e-01 -7.898047140384478748e-02
2.822524649709579947e+00 1.490971756876504350e-01 -1.439604717894651387e-01 -3.879884483059665989e-02
2.853204265467292444e+00 1.354885864659398365e-01 -1.354491089292705619e-01 -3.270466756450452275e-03
2.883883881225005386e+00 1.191563383944777010e-01 -1.173412865920816783e-01 2.071848065120197174e-02
2.914563496982718327e+00 1.032309241485097895e-01 -9.827485354808918050e-02 3.160184900693316368e-02
2.945243112740430824e+00 9.175329454368244542e-02 -8.551257973972289927e-02 3.326057374546141643e-02
2.975922728498143766e+00 8.832757067018219554e-02 -8.201632401253410032e-02 3.278844820919484676e-02
3.006602344255856707e+00 9.330684587096048366e-02 -8.563889751650211046e-02 3.704249881616013956e-02
3.037281960013569648e+00 1.033264254961625828e-01 -9.064721796920971464e-02 4.959266155649062063e-02
3.067961575771282146e+00 1.142459336065357878e-01 -9.073749637261142864e-02 6.941786583912898378e-02
3.098641191528995087e+00 1.231679921237057856e-01 -8.207025458732884748e-02 9.184131747615709163e-02
3.129320807286708028e+00 1.287150595061988256e-01 -6.490234386419489743e-02 1.111541825781562770e-01
3.160000423044420970e+00 1.309029129764924526e-01 -4.308257288097820659e-02 1.236101312178186917e-01
3.190680038802133467e+00 1.311225729595751344e-01 -2.168802746413234228e-02 1.293165055368190042e-01
3.221359654559846408e+00 1.321218545606849259e-01 -3.957808571352723105e-03 1.320625617041684685e-01
3.252039270317559350e+00 1.375178821377869010e-01 1.095896984970478119e-02 1.370805197228822658e-01
3.282718886075272291e+00 1.503876481827025602e-01 2.824442723933804147e-02 1.477115332526409697e-01
3.313398501832984788e+00 1.716739448771403831e-01 5.531444252865648503e-02 1.625184783260764931e-01
3.344078117590697730e+00 2.000084378796052331e-01 9.810421515985419394e-02 1.742955483967073005e-01
3.374757733348410671e+00 2.328185059300027782e-01 1.572431868736211824e-01 1.716946035415970184e-01
3.405437349106123612e+00 2.673370066084754249e-01 2.258055720032196845e-01 1.431115605207308739e-01
3.436116964863836110e+00 3.010448279750725931e-01 2.898053432652397676e-01 8.149141958180375345e-02
3.466796580621549051e+00 3.317905850874315332e-01 3.315815383025257912e-01 -1.177606936081687129e-02
3.497476196379261992e+00 3.578119079892898569e-01 3.350892657205303271e-01 -1.254772708414231552e-01
3.528155812136974490e+00 3.777408011405823940e-01 2.913181761820442528e-01 -2.404617081206411600e-01
3.558835427894687431e+00 3.906091045883017254e-01 2.019178222259621625e-01 -3.343720467604904267e-01
3.589515043652400372e+00 3.958517838453255999e-01 7.968052231912145511e-02 -3.877494669712369668e-01
3.620194659410113314e+00 3.933036315961275786e-01 -5.439396604660914902e-02 -3.895241238799245220e-01
3.650874275167825811e+00 3.831867042616659558e-01 -1.765503897622113516e-01 -3.400911792412863455e-01
3.681553890925538752e+00 3.660880422743761353e-01 -2.664953227918822609e-01 -2.509993976613009159e-01
3.712233506683251694e+00 3.429292554281456185e-01 -3.124066853371392227e-01 -1.414303262570089370e-01
3.742913122440964635e+00 3.149313739936335788e-01 -3.132290385017960088e-01 -3.270076092017241975e-02
3.773592738198677132e+00 2.835799332216367707e-01 -2.777118908875575443e-01 5.739062802971661714e-02
3.804272353956390074e+00 2.505958910805307638e-01 -2.207459137519465209e-01 1.186151010127438205e-01
3.834951969714103015e+00 2.179146840497834803e-01 -1.583912680495595249e-01 1.496630072201194928e-01
3.865631585471815956e+00 1.876588821780086069e-01 -1.032964094049552833e-01 1.566706988059464178e-01
3.896311201229528454e+00 1.620380572413989417e-01 -6.190733778191852971e-02 1.497458297359973989e-01
3.926990816987241395e+00 1.430147737888785020e-01 -3.411883620414005169e-02 1.388853143350986252e-01
3.957670432744954336e+00 1.315900104558940242e-01 -1.512210021243166891e-02 1.307182196059427648e-01
3.988350048502666834e+00 1.270537631697103154e-01 1.513442301906779567e-03 1.270447489193616275e-01
4.019029664260379775e+00 1.271056125633255318e-01 2.078701130935669064e-02 1.253943256528097239e-01
4.049709280018092272e+00 1.289441785191320355e-01 4.432574261681240108e-02 1.210860426120281275e-01
4.080388895775805658e+00 1.302731160005324296e-01 7.009624672062668427e-02 1.098071079127813793e-01
4.111068511533518155e+00 1.296457373610241659e-01 9.363577157150623775e-02 8.966805171348578296e-02
4.141748127291231540e+00 1.263913286372203848e-01 1.101272247384530445e-01 6.202227282265703606e-02
4.172427743048944038e+00 1.204408632227396136e-01 1.164126208045186822e-01 3.088856181925626887e-02
4.203107358806656535e+00 1.121806202159909560e-01 1.121723651911993441e-01 1.360896563523009833e-03
4.233786974564369920e+00 1.023556457893346483e-01 9.990333055340129553e-02 -2.227111962361964792e-02
4.264466590322082418e+00 9.201130149909721168e-02 8.382580669584320521e-02 -3.793828851370206062e-02
4.295146206079794915e+00 8.243753629648944981e-02 6.824253269337504646e-02 -4.624828777618317233e-02
4.325825821837508300e+00 7.502806589471755494e-02 5.602642821258035227e-02 -4.990240488836846650e-02
4.356505437595220798e+00 7.091951449876117419e-02 4.779572662274075845e-02 -5.239414140287277505e-02
4.387185053352934183e+00 7.045204792264520011e-02 4.201923895201342685e-02 -5.654975344232982676e-02
4.417864669110646680e+00 7.293260496643438895e-02 3.592005120072053193e-02 -6.347373306279996408e-02
4.448544284868359178e+00 7.704953927223412435e-02 2.675976633590795503e-02 -7.225334876468464396e-02
4.479223900626072563e+00 8.149740596277665894e-02 1.298558393725804394e-02 -8.045621037850372859e-02
4.509903516383785060e+00 8.531205941001079873e-02 -5.172934919283315829e-03 -8.515508337790569926e-02
4.540583132141497558e+00 8.792248374932792876e-02 -2.582207977307935179e-02 -8.404512683578721499e-02
4.571262747899210943e+00 8.909475446762876727e-02 -4.611749267310572692e-02 -7.623025739949389201e-02
4.601942363656923440e+00 8.886261368232788171e-02 -6.324346147564557929e-02 -6.242458402771444009e-02
4.632621979414635938e+00 8.746734429489559648e-02 -7.526450915913257544e-02 -4.456220348049064889e-02
4.663301595172349323e+00 8.530296589896131654e-02 -8.154714204556832990e-02 -2.503317030180671199e-02
4.693981210930061820e+00 8.285582049705389474e-02 -8.264672815217095903e-02 -5.882628322541746772e-03
4.724660826687775206e+00 8.062785928293389470e-02 -7.977278255899263038e-02 1.171131313492517444e-02
4.755340442445487703e+00 7.904125922587047770e-02 -7.410063425056040431e-02 2.750666580441782361e-02
4.786020058203200200e+00 7.834137403031779523e-02 -6.623492877104601717e-02 4.183664775830649163e-02
4.816699673960913586e+00 7.853528469527502887e-02 -5.604536633919542793e-02 5.501552375533000361e-02
4.847379289718626083e+00 7.939894269993444387e-02 -4.292842699285297908e-02 6.679328003464693464e-02
4.878058905476338580e+00 8.054931408627398481e-02 -2.636916648798356966e-02 7.611083404153590193e-02
4.908738521234051966e+00 8.154262826572243605e-02 -6.553626502986838707e-03 8.127884229085170775e-02
4.939418136991764463e+00 8.195861121090732004e-02 1.524046123308277906e-02 8.052913940322201092e-02
4.970097752749476960e+00 8.145355948940301294e-02 3.666383472158381979e-02 7.273544924589452065e-02
5.000777368507190346e+00 7.978510822109591283e-02 5.476031098381684697e-02 5.802561360991933398e-02
5.031456984264902843e+00 7.681850740388218579e-02 6.674014103959986788e-02 3.803730607935607022e-02
5.062136600022616229e+00 7.252309717012285495e-02 7.080531423683877890e-02 1.569098782644353859e-02
5.092816215780328726e+00 6.696472385273100070e-02 6.674038217602142053e-02 -5.476826423315202079e-03
5.123495831538041223e+00 6.029791897819413576e-02 5.605432627611293961e-02 -2.222052066968589409e-02
5.154175447295754608e+00 5.276157710595284073e-02 4.160695220563338098e-02 -3.244449948551442892e-02
5.184855063053467106e+00 4.468442285938334368e-02 2.682565022087446752e-02 -3.573628599202046535e-02
5.215534678811179603e+00 3.651425092124060967e-02 1.475572653912209098e-02 -3.339998584793065634e-02
5.246214294568892988e+00 2.890201163295651188e-02 7.243168474410032441e-03 -2.797968525346320248e-02
5.276893910326605486e+00 2.287623426756824410e-02 4.504340794678164325e-03 -2.242839736294284861e-02
5.307573526084318871e+00 1.988531327091795295e-02 5.208647855986327235e-03 -1.919103101437947059e-02
5.338253141842031368e+00 2.072186005939791881e-02 7.031916562151469506e-03 -1.949224547824622913e-02
5.368932757599743866e+00 2.423169260317630663e-02 7.487320461483127319e-03 -2.304593150041640837e-02
5.399612373357457251e+00 2.865691171518686825e-02 4.757407027310069092e-03 -2.825925808347620055e-02
5.430291989115169748e+00 3.288676239412922919e-02 -1.738442460494277241e-03 -3.284078194226597303e-02
5.460971604872882246e+00 3.636506319509486690e-02 -1.120831102495217779e-02 -3.459467567634041257e-02
5.491651220630595631e+00 3.883107188401762472e-02 -2.180099993691620233e-02 -3.213360461280875824e-02
5.522330836388308128e+00 4.018798140266222757e-02 -3.123682233347680609e-02 -2.528507029311031010e-02
5.553010452146020626e+00 4.044516383498765466e-02 -3.752798915960461196e-02 -1.508182042313169040e-02
5.583690067903734011e+00 3.969050566392379881e-02 -3.954692671994595315e-02 -3.372955212449779954e-03
5.614369683661446508e+00 3.807450566691470556e-02 -3.727043731308333357e-02 7.783475076817908574e-03
5.645049299419159894e+00 3.579882416504790582e-02 -3.165150153591855808e-02 1.672537778711629883e-02
5.675728915176872391e+00 3.310578820522741550e-02 -2.420180256268681523e-02 2.258906738681570187e-02
5.706408530934584888e+00 3.026576474085553026e-02 -1.645958617349115027e-02 2.539879009610955182e-02
5.737088146692298274e+00 2.755756738930784100e-02 -9.539142972465898193e-03 2.585390244754353153e-02
5.767767762450010771e+00 2.523491202357412352e-02 -3.907257824680529512e-03 2.493058605666939945e-02
5.798447378207723268e+00 2.347542412653364635e-02 5.672902653474989898e-04 2.346856876069522771e-02
5.829126993965436654e+00 2.232662625411318755e-02 4.351863634174754462e-03 2.189839087239981580e-02
5.859806609723149151e+00 2.168641274807591932e-02 7.909750603230958355e-03 2.019248234553139634e-02
5.890486225480861648e+00 2.134449235769258699e-02 1.143012797908353473e-02 1.802607911858174899e-02
5.921165841238575034e+00 2.106113029469785028e-02 1.473157886648059425e-02 1.505163756509244298e-02
5.951845456996287531e+00 2.063483166836388091e-02 1.736031279986271700e-02 1.115418385506692159e-02
5.982525072754000917e+00 1.993638044236521051e-02 1.882067296325597508e-02 6.575829556252780865e-03
