# r  chir_mag  chir_re  chir_im
0.000000000000000000e+00 1.498547463174804096e-03 -1.498547463174804096e-03 0.000000000000000000e+00
3.067961575771282340e-02 2.415385675828977952e-02 -1.054320019384061106e-02 -2.173130750720214319e-02
6.135923151542564680e-02 4.665240597003342954e-02 -3.382075842485024464e-02 -3.213414511638254534e-02
9.203884727313846326e-02 6.608748105315136179e-02 -6.134967433430336958e-02 -2.457178485632572490e-02
1.227184630308512936e-01 8.113795431443798778e-02 -8.113784207769458856e-02 1.349566853442034126e-04
1.533980787885641239e-01 9.075464654176350343e-02 -8.414066684464381607e-02 3.401108719019555610e-02
1.840776945462769265e-01 9.421969778377792260e-02 -6.802490741123498608e-02 6.519174351219143848e-02
2.147573103039897569e-01 9.119729389587445667e-02 -3.817487285470148178e-02 8.282285612352351112e-02
2.454369260617025872e-01 8.177118629242889625e-02 -5.495634407496862751e-03 8.158630344690367964e-02
2.761165418194154175e-01 6.648169115688030983e-02 1.811694551582234899e-02 6.396554966742287740e-02
3.067961575771282479e-01 4.644139092610254094e-02 2.479046515349295210e-02 3.927130795663075907e-02
3.374757733348410782e-01 2.427750325576327056e-02 1.408896376118442227e-02 1.977114727246824175e-02
3.681553890925538530e-01 1.684353295016405294e-02 -6.642098570073259357e-03 1.547860228924733718e-02
3.988350048502666834e-01 3.900867419523181001e-02 -2.522446868328692346e-02 2.975571948576645823e-02
4.295146206079795137e-01 6.483138231660499906e-02 -2.974559517853042276e-02 5.760475414891370882e-02
4.601942363656923440e-01 8.852897415403966630e-02 -1.372722434099254291e-02 8.745823332687829854e-02
4.908738521234051744e-01 1.078649988542403348e-01 2.081661268303474158e-02 1.058372647711087883e-01
5.215534678811180047e-01 1.211793172015450393e-01 6.380721149043222518e-02 1.030197392699472997e-01
5.522330836388308350e-01 1.272058007886943676e-01 1.009776360782300569e-01 7.736170090132149513e-02
5.829126993965436654e-01 1.251144289067883386e-01 1.197073515879073929e-01 3.638365424858966413e-02
6.135923151542564957e-01 1.145901092422394740e-01 1.144336614738176300e-01 -5.985838107072830906e-03
6.442719309119693261e-01 9.594913278323741190e-02 8.932831969989159238e-02 -3.502409715394939893e-02
6.749515466696821564e-01 7.045473716920161444e-02 5.697259118594883570e-02 -4.144868928132739577e-02
7.056311624273949867e-01 4.211539540040221130e-02 3.339148608604565471e-02 -2.566544733094748218e-02
7.363107781851077061e-01 3.141743988528254011e-02 3.136197733443750468e-02 1.865986768326692016e-03
7.669903939428205364e-01 5.996625241117194832e-02 5.473288722455789401e-02 2.450025478039388055e-02
7.976700097005333667e-01 9.967706321583001683e-02 9.620217437724053189e-02 2.608943419132688304e-02
8.283496254582461971e-01 1.396744377723405095e-01 1.396571772709844506e-01 -2.195769505264505341e-03
8.590292412159590274e-01 1.760567887200606141e-01 1.663080715397794729e-01 -5.777212299318473798e-02
8.897088569736718577e-01 2.060829055600604809e-01 1.622016066838240234e-01 -1.271251460304484715e-01
9.203884727313846881e-01 2.276039219183588758e-01 1.240016095758727510e-01 -1.908589691243543218e-01
9.510680884890975184e-01 2.391446580482360640e-01 6.051364362879894931e-02 -2.313617652244520650e-01
9.817477042468103487e-01 2.401677129482281403e-01 -1.086850428762988451e-02 -2.399216662940891753e-01
1.012427320004523068e+00 2.315187952669296167e-01 -7.147373011775931539e-02 -2.202100326163732580e-01
1.043106935762236009e+00 2.161922875697956103e-01 -1.094103001896598731e-01 -1.864631100702487942e-01
1.073786551519948729e+00 2.005324562740928296e-01 -1.248724256653072212e-01 -1.569080728572729566e-01
1.104466167277661670e+00 1.949445223126617943e-01 -1.302042740015768862e-01 -1.450869181264602681e-01
1.135145783035374389e+00 2.102300813671981461e-01 -1.443775136550950466e-01 -1.528130251726979028e-01
1.165825398793087331e+00 2.491495462808554495e-01 -1.839729653597883263e-01 -1.680162028754437209e-01
1.196505014550800050e+00 3.053385515685273499e-01 -2.544379522928228998e-01 -1.687985767327480069e-01
1.227184630308512991e+00 3.700256119485990647e-01 -3.455354038925390059e-01 -1.323791454676873924e-01
1.257864246066225711e+00 4.357048888517748853e-01 -4.333380254639772056e-01 -4.535312399734911515e-02
1.288543861823938652e+00 4.964804413689269391e-01 -4.884100111005231226e-01 8.915430286122696946e-02
1.319223477581651371e+00 5.478510687832542914e-01 -4.870599946354935983e-01 2.508253479866556779e-01
1.349903093339364313e+00 5.867510779329186965e-01 -4.209477108321679206e-01 4.087540240787845836e-01
1.380582709097077032e+00 6.118978116749370644e-01 -3.006803722988568017e-01 5.329261164990861666e-01
1.411262324854789973e+00 6.244233375091569060e-01 -1.513545918478004237e-01 6.058021887981754894e-01
1.441941940612502693e+00 6.287551641712404438e-01 -1.442313291000572352e-03 6.287535098942781397e-01
1.472621556370215412e+00 6.334871905681073168e-01 1.304221906465584668e-01 6.199161820769210074e-01
1.503301172127928353e+00 6.512992964453515610e-01 2.447366235187737882e-01 6.035683545869845457e-01
1.533980787885641073e+00 6.962575209329543435e-01 3.615420085445841814e-01 5.950310172698992650e-01
1.564660403643354014e+00 7.783666394792748688e-01 5.103698611443195921e-01 5.876880382394961133e-01
1.595340019401066733e+00 8.994474892504912278e-01 7.126586060042883197e-01 5.487472070152493719e-01
1.626019635158779675e+00 1.054010868639554621e+00 9.634176154254223690e-01 4.275107127292849807e-01
1.656699250916492394e+00 1.232876861502440358e+00 1.220385271081391387e+00 1.750575498392074603e-01
1.687378866674205335e+00 1.425931616906981780e+00 1.407121799288733044e+00 -2.308445755511654152e-01
1.718058482431918055e+00 1.623320833723536749e+00 1.431754628825711695e+00 -7.650158246971282550e-01
1.748738098189630996e+00 1.815821593541406820e+00 1.217030345717430295e+00 -1.347607211755030177e+00
1.779417713947343715e+00 1.994971391787600412e+00 7.321912064777045259e-01 -1.855749684415352041e+00
1.810097329705056657e+00 2.153175710969158718e+00 1.509946469543835962e-02 -2.153122766698047030e+00
1.840776945462769376e+00 2.283840416574694387e+00 -8.249065816866721912e-01 -2.129661048117771127e+00
1.871456561220482318e+00 2.381519008093059497e+00 -1.627119955373999227e+00 -1.738997825396071395e+00
1.902136176978195037e+00 2.442053455047120902e+00 -2.218505844852831199e+00 -1.020713913719905053e+00
1.932815792735907978e+00 2.462689230242905314e+00 -2.460717668312782269e+00 -9.852310189848031974e-02
1.963495408493620697e+00 2.442149930327773610e+00 -2.290570059003362413e+00 8.469858835879641168e-01
1.994175024251333417e+00 2.380661788057104378e+00 -1.740729699960263499e+00 1.624010671390893501e+00
2.024854640009046136e+00 2.279922875883303668e+00 -9.332781248161942100e-01 2.080153903372431223e+00
2.055534255766759077e+00 2.143015848352710861e+00 -4.740673951818489412e-02 2.142491429933651492e+00
2.086213871524472019e+00 1.974266715089049606e+00 7.291059089548193040e-01 1.834702601468606753e+00
2.116893487282184960e+00 1.779055407609748229e+00 1.249723758629263548e+00 1.266186664936506778e+00
2.147573103039897457e+00 1.563586852583477960e+00 1.445085704441276153e+00 5.971022964211134543e-01
2.178252718797610399e+00 1.334634084296829393e+00 1.334602935165226878e+00 -9.118355948164095712e-03
2.208932334555323340e+00 1.099268328140682316e+00 1.011418231368286236e+00 -4.306088927426583446e-01
2.239611950313036282e+00 8.645976077759078837e-01 6.070744370322147532e-01 -6.156213538156730669e-01
2.270291566070748779e+00 6.375566272545232227e-01 2.484260161049951787e-01 -5.871651960720796204e-01
2.300971181828461720e+00 4.248894822909006774e-01 2.101880270531604825e-02 -4.243692756247377518e-01
2.331650797586174662e+00 2.341790349312720676e-01 -5.002223980351420268e-02 -2.287741155078119315e-01
2.362330413343887603e+00 8.810184353042478655e-02 2.734894634537893016e-03 -8.805938442209000627e-02
2.393010029101600100e+00 1.208131629448454258e-01 1.102355014788744952e-01 -4.943636874244336510e-02
2.423689644859313042e+00 2.261546416775303547e-01 1.973320694859600766e-01 -1.104806603197155818e-01
2.454369260617025983e+00 3.108648485504055814e-01 2.108713505857423010e-01 -2.284080286820311667e-01
2.485048876374738480e+00 3.683099353176109148e-01 1.359996362713433993e-01 -3.422810356822665323e-01
2.515728492132451422e+00 3.986973198022635834e-01 -3.606181126272421742e-03 -3.986810106779515861e-01
2.546408107890164363e+00 4.040775433446616716e-01 -1.596612587884102263e-01 -3.711966372120809599e-01
2.577087723647877304e+00 3.875593226269793967e-01 -2.805321090523988925e-01 -2.674022519458205127e-01
2.607767339405589802e+00 3.529713573440327878e-01 -3.311098724024802431e-01 -1.222907662209300056e-01
2.638446955163302743e+00 3.046033128761002073e-01 -3.040855764509164394e-01 1.775219450122252074e-02
2.669126570921015684e+00 2.469695723738561666e-01 -2.194528729801225875e-01 1.132890383898440406e-01
2.699806186678728626e+00 1.845982715253004225e-01 -1.138626280859980217e-01 1.452990838769406268e-01
2.730485802436441123e+00 1.218947608708428332e-01 -2.511620309539647905e-02 1.192791225228906210e-01
2.761165418194154064e+00 6.341925483063566571e-02 2.167991487823868815e-02 5.959851654316095093e-02
2.791845033951867006e+00 2.134164143003850628e-02 2.119966600259258135e-02 -2.457604587165358821e-03
2.822524649709579947e+00 4.365613541420776400e-02 -1.361714711197829081e-02 -4.147808413890866769e-02
2.853204265467292444e+00 7.577836551819570887e-02 -5.989904474174172211e-02 -4.641621612794492174e-02
2.883883881225005386e+00 9.820905957506245731e-02 -9.571174502632029402e-02 -2.200639104066855894e-02
2.914563496982718327e+00 1.099219653308695366e-01 -1.086839195236074807e-01 1.645126436438541090e-02
2.945243112740430824e+00 1.118557677414143692e-01 -9.913047338464014979e-02 5.181565423265815928e-02
2.975922728498143766e+00 1.062762136930568424e-01 -7.712226222690533872e-02 7.312174960937910251e-02
3.006602344255856707e+00 9.699356820353516317e-02 -5.560922602443046925e-02 7.946927867935904555e-02
3.037281960013569648e+00 8.963790220981951440e-02 -4.319773705079051757e-02 7.854240272787640920e-02
3.067961575771282146e+00 9.036074969243117205e-02 -3.997761824281329673e-02 8.103613468453491064e-02
3.098641191528995087e+00 1.014425045780053408e-01 -3.811513906607142538e-02 9.400966923158846078e-02
3.129320807286708028e+00 1.194621737189034416e-01 -2.661257585970012995e-02 1.164602153344959645e-01
3.160000423044420970e+00 1.392109659819586176e-01 2.263552003567933114e-03 1.391925622364829918e-01
3.190680038802133467e+00 1.565324234037309969e-01 4.805623926098993859e-02 1.489731433673043004e-01
3.221359654559846408e+00 1.686209731949350754e-01 1.010792485367725396e-01 1.349667296649376957e-01
3.252039270317559350e+00 1.737264709087057157e-01 1.458200994926734939e-01 9.443190815789001546e-02
3.282718886075272291e+00 1.709319908302264490e-01 1.673081905220411558e-01 3.501021098801036097e-02
3.313398501832984788e+00 1.600226657237187600e-01 1.576384218760817080e-01 -2.752056492413484934e-02
3.344078117590697730e+00 1.413918474055023966e-01 1.197666599694784950e-01 -7.515052676126889042e-02
3.374757733348410671e+00 1.159537037305317930e-01 6.687702713262062837e-02 -9.472446701212242082e-02
3.405437349106123612e+00 8.505270691012577211e-02 1.752128358175339060e-02 -8.322840605458892149e-02
3.436116964863836110e+00 5.038994910034769875e-02 -1.148223841388174536e-02 -4.906429629926847141e-02
3.466796580621549051e+00 1.446357404561675677e-02 -1.148396278055942125e-02 -8.792813715060989604e-03
3.497476196379261992e+00 2.433373572859678577e-02 1.481963754027187073e-02 1.930049319795099083e-02
3.528155812136974490e+00 5.901012765910767371e-02 5.467873123136782892e-02 2.219079803143692020e-02
3.558835427894687431e+00 9.047876327086579185e-02 9.042465905143787230e-02 -3.128520170397866909e-03
3.589515043652400372e+00 1.170076090957072462e-01 1.062946108955161173e-01 -4.891049254367269006e-02
3.620194659410113314e+00 1.374247134253731850e-01 9.420286426256860302e-02 -1.000568449671186966e-01
3.650874275167825811e+00 1.509915610043082723e-01 5.625943242009859985e-02 -1.401189771525830907e-01
3.681553890925538752e+00 1.574369559459612433e-01 3.244774114532435368e-03 -1.574035150130904948e-01
3.712233506683251694e+00 1.569960661536481394e-01 -5.009548372899992608e-02 -1.487891370284745163e-01
3.742913122440964635e+00 1.504545451833916581e-01 -9.085687378590789898e-02 -1.199233032074785849e-01
3.773592738198677132e+00 1.392177302963100993e-01 -1.125017998134017760e-01 -8.200561851240079081e-02
3.804272353956390074e+00 1.254319330036750280e-01 -1.164046215223246972e-01 -4.672401850529091238e-02
3.834951969714103015e+00 1.121350714596806575e-01 -1.100457571677039420e-01 -2.154543062123432523e-02
3.865631585471815956e+00 1.031339969470077833e-01 -1.028783293765685863e-01 -7.257456231468299192e-03
3.896311201229528454e+00 1.017825413632846149e-01 -1.017728468278044501e-01 1.404768640381909425e-03
3.926990816987241395e+00 1.087112527911753695e-01 -1.079847026971869767e-01 1.254752831544823227e-02
3.957670432744954336e+00 1.213576866868690679e-01 -1.168229888377226577e-01 3.286453098721485444e-02
3.988350048502666834e+00 1.360971974147636987e-01 -1.199949791896336021e-01 6.421566875329229318e-02
4.019029664260379775e+00 1.499426577841586339e-01 -1.094845376821891730e-01 1.024496785348524563e-01
4.049709280018092272e+00 1.608859318986891329e-01 -8.125094212130590243e-02 1.388616847345222061e-01
4.080388895775805658e+00 1.677379608579918913e-01 -3.720884169813031689e-02 1.635589362042951522e-01
4.111068511533518155e+00 1.699474147759736931e-01 1.525029077185837897e-02 1.692617866513603242e-01
4.141748127291231540e+00 1.674786675248736423e-01 6.588174294292348243e-02 1.539762969508934320e-01
4.172427743048944038e+00 1.607324032783280510e-01 1.051883838004561145e-01 1.215331616353126504e-01
4.203107358806656535e+00 1.504894857641901063e-01 1.275144190556854462e-01 7.991969881363057693e-02
4.233786974564369920e+00 1.378669394853907493e-01 1.324614951560127429e-01 3.822623842469991678e-02
4.264466590322082418e+00 1.242746134359083293e-01 1.242247793036760500e-01 3.519055497917292132e-03
4.295146206079794915e+00 1.113416142984537255e-01 1.093176866501048838e-01 -2.113287628447953898e-02
4.325825821837508300e+00 1.007340169082460435e-01 9.375967795647682790e-02 -3.683021791910211229e-02
4.356505437595220798e+00 9.375531528824028460e-02 8.091261891194040379e-02 -4.736250886100151769e-02
4.387185053352934183e+00 9.079150734358688857e-02 7.076273667007786095e-02 -5.688350292204067543e-02
4.417864669110646680e+00 9.105436849199749494e-02 6.076201521472805039e-02 -6.781500961086434076e-02
4.448544284868359178e+00 9.299290197501605681e-02 4.767704069643172171e-02 -7.984096447417038389e-02
4.479223900626072563e+00 9.500330713037814789e-02 2.952408197904218129e-02 -9.029926328051496309e-02
4.509903516383785060e+00 9.588278902217070576e-02 6.727105315867604358e-03 -9.564651214100451659e-02
4.540583132141497558e+00 9.494760863729302669e-02 -1.794165113971861458e-02 -9.323703953001293010e-02
4.571262747899210943e+00 9.198875976410982036e-02 -4.050422488066011961e-02 -8.259140203287521076e-02
4.601942363656923440e+00 8.719062380588415984e-02 -5.740303853209745288e-02 -6.562846978973188583e-02
4.632621979414635938e+00 8.105483510339472897e-02 -6.684826952686838408e-02 -4.583879530377809458e-02
4.663301595172349323e+00 7.432908215893566095e-02 -6.931055750802236903e-02 -2.684881882908315628e-02
4.693981210930061820e+00 6.791625125966826992e-02 -6.700949569877484580e-02 -1.106095255221119407e-02
4.724660826687775206e+00 6.271716529820280106e-02 -6.270867021005042952e-02 1.032232303905590261e-03
4.755340442445487703e+00 5.937167226394438058e-02 -5.841616199568311352e-02 1.060883995125434798e-02
4.786020058203200200e+00 5.798060798480068195e-02 -5.458943812423648623e-02 1.953827391473689917e-02
4.816699673960913586e+00 5.803790766087849051e-02 -5.017442291095673690e-02 2.917063611245249849e-02
4.847379289718626083e+00 5.867511030618020179e-02 -4.340708333595681007e-02 3.947902842912568572e-02
4.878058905476338580e+00 5.900862827183104425e-02 -3.295913864405461413e-02 4.894602527647289730e-02
4.908738521234051966e+00 5.836030531658874948e-02 -1.886938253085314321e-02 5.522564295279676350e-02
4.939418136991764463e+00 5.632504962668038323e-02 -2.820483326018287384e-03 5.625438728895428009e-02
4.970097752749476960e+00 5.275867237116491776e-02 1.236722061457977417e-02 5.128868651699157455e-02
5.000777368507190346e+00 4.774360932585310080e-02 2.379568965544037393e-02 4.139103025151288917e-02
5.031456984264902843e+00 4.156031267203347257e-02 2.963006524749311338e-02 2.914307504067625149e-02
5.062136600022616229e+00 3.468263787671386350e-02 2.982049414213110844e-02 1.770941837572289138e-02
5.092816215780328726e+00 2.782627164317353144e-02 2.609720123382344367e-02 9.655955743529870405e-03
5.123495831538041223e+00 2.208715613658597532e-02 2.125015870891409572e-02 6.022725383735323505e-03
5.154175447295754608e+00 1.899005645754860139e-02 1.800747010670291498e-02 6.029366850431666473e-03
5.184855063053467106e+00 1.949057736422851392e-02 1.798410037927203331e-02 7.513636904937874388e-03
5.215534678811179603e+00 2.255186037242967734e-02 2.112462791623377634e-02 7.895346835842012925e-03
5.246214294568892988e+00 2.636904107917945397e-02 2.584083454274638258e-02 5.251437666949784755e-03
5.276893910326605486e+00 2.976498808589723641e-02 2.975027341529487557e-02 -9.358138002847921771e-04
5.307573526084318871e+00 3.216066808122011733e-02 3.068290372846575742e-02 -9.636803942185011643e-03
5.338253141842031368e+00 3.331578837322966141e-02 2.753568276566038114e-02 -1.875441093606350709e-02
5.368932757599743866e+00 3.319142085532304776e-02 2.064596949675469306e-02 -2.598873528924115772e-02
5.399612373357457251e+00 3.188707869652002841e-02 1.157368501241172638e-02 -2.971254958820493397e-02
5.430291989115169748e+00 2.960914684533149169e-02 2.429409200097019678e-03 -2.950931290028434295e-02
5.460971604872882246e+00 2.665410229891970392e-02 -4.943294964500267834e-03 -2.619169723891949172e-02
5.491651220630595631e+00 2.340115911795032089e-02 -9.592476995949096585e-03 -2.134475657265307719e-02
5.522330836388308128e+00 2.030751807277209747e-02 -1.166112208146700968e-02 -1.662568861963581446e-02
5.553010452146020626e+00 1.787680596969156918e-02 -1.213469816062115111e-02 -1.312742519417337168e-02
5.583690067903734011e+00 1.652874819139147841e-02 -1.228744432863152804e-02 -1.105523535005962892e-02
5.614369683661446508e+00 1.635724161323760459e-02 -1.308844359684549138e-02 -9.810810231883310834e-03
5.645049299419159894e+00 1.703217043380438056e-02 -1.481640625225642480e-02 -8.400531855439678439e-03
5.675728915176872391e+00 1.803170163042120203e-02 -1.701823889302857967e-02 -5.960017505707850341e-03
5.706408530934584888e+00 1.891272131295379175e-02 -1.878873484869146918e-02 -2.162052322915283733e-03
5.737088146692298274e+00 1.939943124063603710e-02 -1.921753949454499746e-02 2.650303423340169030e-03
5.767767762450010771e+00 1.936406760273103045e-02 -1.779697672424110713e-02 7.631168560578243353e-03
5.798447378207723268e+00 1.878908522870340742e-02 -1.462388613507121897e-02 1.179710464647797975e-02
5.829126993965436654e+00 1.773741510093967619e-02 -1.033354400477208904e-02 1.441644071067757493e-02
5.859806609723149151e+00 1.633197005337056265e-02 -5.822576844416412108e-03 1.525879565087161736e-02
5.890486225480861648e+00 1.474110071413395860e-02 -1.898922607531523506e-03 1.461828112997032303e-02
5.921165841238575034e+00 1.316544484200192835e-02 9.894189351948242967e-04 1.312821343742068790e-02
5.951845456996287531e+00 1.181727198830922858e-02 2.846578946971476277e-03 1.146930274883075328e-02
5.982525072754000917e+00 1.087773354975256346e-02 4.028627180558894127e-03 1.010421942653041277e-02
