# # Once                                                         FEFF 10.0.0 
# # POT  SCF 100  9.0000   0, core-hole, FOLP (folp(0)= 1.150)
# # Abs   Z=30 Rmt= 2.937 Rnm= 2.720 K  shell
# #   RGRID 0.0100
# # Pot 1 Z= 6 Rmt= 0.798 Rnm= 1.039
# # Pot 2 Z= 6 Rmt= 0.923 Rnm= 1.131
# # Pot 3 Z= 1 Rmt= 0.409 Rnm= 0.780
# # Pot 4 Z=16 Rmt= 1.130 Rnm= 1.418
# # Gam_ch=1.897E+00 H-L exch Vi= 0.000E+00 Vr= 0.000E+00
# # Mu=-6.865E+00eV kf=3.748E+00 Vint=-1.639E+01eV Rs_int= 0.968
# # PATH  Rmax= 9.000,  Keep_limit= 0.00, Heap_limit 0.00  Pwcrit= 2.50%
#  S02=1.000  Temp=  10.00  Debye_temp= 315.00  Global_sig2= 0.00000
#  Energy zero shift, vr, vi    0.00000E+00   0.00000E+00
#  Curved wave amplitude ratio filter   4.000%
#     file         sig2 tot  cw amp ratio   deg  nlegs   reff  inp sig2
#           1       0.00734    100.00      1.00     2   3.8853
#           2       0.04070     15.99      1.00     2   3.9919
#           3       0.03921     15.35      1.00     2   4.0552
#           4       0.02359      8.76      2.00     3   4.5082
#           5       0.00919     51.01      1.00     2   4.5474
#           6       0.01763     15.47      2.00     3   4.8954
#           7       0.01778     14.05      2.00     3   4.9283
#           8       0.00744     39.69      2.00     3   5.0210
#           9       0.02639      5.85      2.00     3   5.1059
#          10       0.02526      5.66      2.00     3   5.1433
#          12       0.02029      5.56      2.00     4   5.2763
#          14       0.01488      6.04      2.00     4   5.3691
#          16       0.01522      5.44      2.00     4   5.4019
#          18       0.00681      6.68      1.00     4   5.4947
#          19       0.00964     23.66      1.00     2   5.9803
#          20       0.00948     70.04      2.00     3   5.9871
#          21       0.00932     56.00      1.00     4   5.9940
#          22       0.01267      8.32      2.00     3   6.1233
#          23       0.01222     12.47      2.00     4   6.1302
#          24       0.01250      7.95      2.00     3   6.1515
#          25       0.00727      5.51      1.00     4   6.1568
#          26       0.01231     12.15      2.00     4   6.1584
#          27       0.02871      4.56      1.00     2   6.3083
#          28       0.00815     17.31      2.00     3   6.3326
#          29       0.01869      7.37      2.00     4   6.3352
#          30       0.00826     31.11      2.00     4   6.3395
#          31       0.01832     12.81      2.00     5   6.3420
#          32       0.02733      4.45      1.00     2   6.3646
#          33       0.01837      6.98      2.00     4   6.3680
#          34       0.02209     12.29      2.00     5   6.3749
#          35       0.00818     30.09      2.00     4   6.4608
#          36       0.02205      7.42      2.00     3   6.4625
#          37       0.00813     54.22      2.00     5   6.4676
#          38       0.02164      7.75      2.00     3   6.4899
#          40       0.01992      4.05      1.00     2   6.5690
#          41       0.01035      5.49      2.00     5   6.6038
#          43       0.01841      8.45      2.00     3   6.6130
#          46       0.01157      7.71      2.00     5   6.6304
#          47       0.01063      5.39      2.00     5   6.6320
#          49       0.01757      4.68      1.00     4   6.6571
#          50       0.00833      5.40      1.00     4   6.6850
#          53       0.02113      7.86      2.00     3   6.7016
#          54       0.01616      6.53      2.00     4   6.7033
#          56       0.01597      4.15      2.00     3   6.7250
#          57       0.01584      6.47      2.00     4   6.7318
#          58       0.01873      8.46      2.00     4   6.7456
#          59       0.00795     18.20      2.00     5   6.8132
#          60       0.01955      7.60      2.00     6   6.8157
#          61       0.01431      6.37      2.00     3   6.8183
#          63       0.01433      7.85      2.00     4   6.8252
#          64       0.02521      4.02      2.00     6   6.8279
#          65       0.02315      4.19      1.00     4   6.8342
#          67       0.01979      7.29      2.00     6   6.8485
#          69       0.01485      4.09      2.00     4   6.8503
#          71       0.01399      7.03      2.00     5   6.8571
#          72       0.01387      6.67      2.00     5   6.8576
#          74       0.01442      7.24      2.00     4   6.8624
#          76       0.01432      9.61      2.00     5   6.8692
#          78       0.00971     14.73      1.00     6   6.9413
#          79       0.01360      6.80      2.00     4   6.9509
#          80       0.01381      8.20      2.00     5   6.9578
#          81       0.02026      4.07      2.00     4   6.9636
#          86       0.01495      4.81      2.00     5   7.0315
#          88       0.01992      5.16      2.00     5   7.0337
#          91       0.01390      8.32      2.00     5   7.0745
#          93       0.01396      6.03      1.00     6   7.0814
#          94       0.01740      4.16      2.00     5   7.0889
#          97       0.01159      4.50      2.00     5   7.0922
#          98       0.01120      4.02      1.00     6   7.0983
#          99       0.01159      4.12      1.00     6   7.0991
#         101       0.01469      4.54      2.00     5   7.1770
#         104       0.01453      4.41      2.00     5   7.2055
#         111       0.02107      6.28      2.00     6   7.2455
#         112       0.01591      5.71      2.00     6   7.2480
#         115       0.01309      5.08      2.00     6   7.3308
#         116       0.01337      4.18      2.00     6   7.3308
#         117       0.01297      4.98      2.00     6   7.3312
#         118       0.01330      4.03      2.00     6   7.3312
#         120       0.00625     12.86      1.00     4   7.4269
#         123       0.02481     45.61      2.00     5   7.4337
#         126       0.02489     43.30      1.00     6   7.4406
#         127       0.01183      4.28      2.00     6   7.4439
#         128       0.01185      4.32      2.00     6   7.4446
#         130       0.01198      4.48      2.00     4   7.4684
#         131       0.01188      8.27      2.00     5   7.4752
#         134       0.00879      5.30      2.00     5   7.5699
#         135       0.01150      6.21      2.00     7   7.5720
#         136       0.01159      6.12      2.00     7   7.5727
#         137       0.00880      9.74      2.00     6   7.5768
#         139       0.01493      8.81      2.00     5   7.5965
#         140       0.00902      5.16      2.00     5   7.5981
#         141       0.01470     16.55      2.00     6   7.6034
#         142       0.00904      9.51      2.00     6   7.6050
#         146       0.03053      5.18      2.00     6   7.6883
#         150       0.02903      5.03      2.00     6   7.7256
#         151       0.00704     13.95      2.00     5   7.7793
#         152       0.02491      6.54      2.00     6   7.7818
#         153       0.00709     26.47      2.00     6   7.7861
#         154       0.02493     12.88      2.00     7   7.7886
#         155       0.02429      6.22      2.00     6   7.8146
#         157       0.02433     12.31      2.00     7   7.8215
#         161       0.01897     24.54      2.00     6   7.9074
#         162       0.03797      5.65      2.00     5   7.9091
#         164       0.01906     48.86      2.00     7   7.9142
#         168       0.03726      5.58      2.00     5   7.9365
#         173       0.01723      7.14      2.00     6   7.9489
#         174       0.01219      5.30      2.00     6   7.9489
#         175       0.02246      5.41      2.00     7   7.9514
#         176       0.02631      4.19      2.00     7   7.9566
#         182       0.02250      5.37      2.00     7   7.9843
#         187       0.03463      5.31      2.00     5   8.0597
#         188       0.03271      6.07      2.00     6   8.0618
#         189       0.03237      5.82      2.00     6   8.0634
#         190       0.01995      7.52      2.00     6   8.0702
#         191       0.01976     15.47      2.00     7   8.0770
#         192       0.01528      8.75      2.00     7   8.0770
#         194       0.03376      6.58      2.00     6   8.1037
#         195       0.00726      4.16      1.00     6   8.1316
#         197       0.02535      6.03      2.00     6   8.1499
#         200       0.02586      5.96      2.00     6   8.1784
#         202       0.02160      5.76      2.00     6   8.1923
#         203       0.01908     15.43      2.00     7   8.2598
#         205       0.02956      6.82      2.00     6   8.2718
#         212       0.02382      6.51      2.00     7   8.3037
#         213       0.02274      6.43      2.00     7   8.3042
#         214       0.02410      6.87      2.00     7   8.3037
#         215       0.02304      6.60      2.00     7   8.3042
#         217       0.02962      5.58      2.00     6   8.3090
#         218       0.01674      4.27      2.00     6   8.3090
#         219       0.02995      8.87      2.00     7   8.3158
#         220       0.02975      7.92      2.00     7   8.3158
#         222       0.01092      7.58      2.00     7   8.4044
#         223       0.01872      4.77      2.00     7   8.4226
#         228       0.01535      5.82      2.00     7   8.4781
#         229       0.01560      5.88      2.00     7   8.4803
#         231       0.01615      5.50      2.00     7   8.5211
#         232       0.03050      7.89      2.00     7   8.5211
#         233       0.02033      4.09      2.00     7   8.5381
#         235       0.02165      4.57      2.00     7   8.5388
#         239       0.01616      4.18      2.00     7   8.6853
#         240       0.01651      4.05      2.00     7   8.6877
#         241       0.00922      4.37      2.00     5   8.7868
#         242       0.00935      4.45      1.00     6   8.7937
#         243       0.01018     10.98      1.00     6   8.8735
#         244       0.04038     42.69      2.00     7   8.8803
#         246       0.01057      7.97      2.00     6   8.9150
#         247       0.01152      7.37      2.00     6   8.9150
#         248       0.02229      7.14      2.00     7   8.9218
#         249       0.01062     16.24      2.00     7   8.9218
#   149/ 226 paths used
#  xsedge+50, used to normalize mu           1.0000E+00
#  -----------------------------------------------------------------------
#  omega    e    k    mu    mu0     chi     @#
    9726.906   -204.374  -7.200          NaN          NaN  9.90301E-05
    9729.639   -201.641  -7.150          NaN          NaN  3.07535E-04
    9732.354   -198.926  -7.100          NaN          NaN  5.33518E-04
    9735.049   -196.230  -7.050          NaN          NaN  6.71545E-04
    9737.726   -193.554  -7.000          NaN          NaN  6.30430E-04
    9740.383   -190.896  -6.950          NaN          NaN  3.62230E-04
    9743.022   -188.258  -6.900          NaN          NaN -1.18611E-04
    9745.641   -185.639  -6.850          NaN          NaN -6.11960E-04
    9748.242   -183.038  -6.800          NaN          NaN -8.46442E-04
    9750.823   -180.457  -6.750          NaN          NaN -8.88705E-04
    9753.385   -177.895  -6.700          NaN          NaN -7.71852E-04
    9755.928   -175.352  -6.650          NaN          NaN -5.55531E-04
    9758.452   -172.828  -6.600          NaN          NaN -3.12197E-04
    9760.957   -170.322  -6.550          NaN          NaN -1.11735E-04
    9763.443   -167.836  -6.500          NaN          NaN -7.22635E-06
    9765.910   -165.369  -6.450          NaN          NaN  8.28944E-06
    9768.358   -162.922  -6.400          NaN          NaN  1.73377E-05
    9770.787   -160.493  -6.350          NaN          NaN  1.73386E-05
    9773.197   -158.083  -6.300          NaN          NaN  6.86205E-06
    9775.588   -155.692  -6.250          NaN          NaN -9.23513E-06
    9777.959   -153.320  -6.200          NaN          NaN -2.19764E-05
    9780.312   -150.968  -6.150          NaN          NaN -2.32708E-05
    9782.646   -148.634  -6.100          NaN          NaN -1.09664E-05
    9784.960   -146.320  -6.050          NaN          NaN  8.74700E-06
    9787.256   -144.024  -6.000          NaN          NaN  2.43242E-05
    9789.532   -141.748  -5.950          NaN          NaN  2.88800E-05
    9791.790   -139.490  -5.900          NaN          NaN  1.95902E-05
    9794.028   -137.252  -5.850          NaN          NaN  2.67599E-07
    9796.247   -135.032  -5.800          NaN          NaN -2.01651E-05
    9798.448   -132.832  -5.750          NaN          NaN -3.17928E-05
    9800.629   -130.651  -5.700          NaN          NaN -2.85166E-05
    9802.791   -128.489  -5.650          NaN          NaN -1.12236E-05
    9804.934   -126.346  -5.600          NaN          NaN  1.22334E-05
    9807.058   -124.222  -5.550          NaN          NaN  3.09940E-05
    9809.163   -122.117  -5.500          NaN          NaN  3.63358E-05
    9811.249   -120.031  -5.450          NaN          NaN  2.48950E-05
    9813.316   -117.964  -5.400          NaN          NaN  1.05780E-06
    9815.364   -115.916  -5.350          NaN          NaN -2.46617E-05
    9817.393   -113.887  -5.300          NaN          NaN -4.02544E-05
    9819.402   -111.877  -5.250          NaN          NaN -3.78196E-05
    9821.393   -109.887  -5.200          NaN          NaN -1.75281E-05
    9823.365   -107.915  -5.150          NaN          NaN  1.20290E-05
    9825.317   -105.962  -5.100          NaN          NaN  3.57271E-05
    9827.251   -104.029  -5.050          NaN          NaN  4.76863E-05
    9829.166   -102.114  -5.000          NaN          NaN  4.72441E-05
    9831.061   -100.219  -4.950          NaN          NaN  3.34065E-05
    9832.937    -98.342  -4.900          NaN          NaN  8.96544E-06
    9834.795    -96.485  -4.850          NaN          NaN -2.00051E-05
    9836.633    -94.647  -4.800          NaN          NaN -4.56500E-05
    9838.452    -92.827  -4.750          NaN          NaN -6.04620E-05
    9840.253    -91.027  -4.700          NaN          NaN -5.94635E-05
    9842.034    -89.246  -4.650          NaN          NaN -4.18088E-05
    9843.796    -87.484  -4.600          NaN          NaN -1.13085E-05
    9845.539    -85.741  -4.550          NaN          NaN  2.48114E-05
    9847.263    -84.017  -4.500          NaN          NaN  5.85484E-05
    9848.968    -82.312  -4.450          NaN          NaN  7.97842E-05
    9850.654    -80.626  -4.400          NaN          NaN  8.07061E-05
    9852.321    -78.959  -4.350          NaN          NaN  5.86651E-05
    9853.969    -77.311  -4.300          NaN          NaN  1.75145E-05
    9855.597    -75.682  -4.250          NaN          NaN -3.28847E-05
    9857.207    -74.073  -4.200          NaN          NaN -7.90010E-05
    9858.798    -72.482  -4.150          NaN          NaN -1.07264E-04
    9860.369    -70.910  -4.100          NaN          NaN -1.08020E-04
    9861.922    -69.358  -4.050          NaN          NaN -7.86593E-05
    9863.455    -67.824  -4.000          NaN          NaN -2.49497E-05
    9864.970    -66.310  -3.950          NaN          NaN  3.73392E-05
    9866.465    -64.814  -3.900          NaN          NaN  9.79368E-05
    9867.942    -63.338  -3.850          NaN          NaN  1.50158E-04
    9869.399    -61.881  -3.800          NaN          NaN  1.79527E-04
    9870.837    -60.443  -3.750          NaN          NaN  1.74860E-04
    9872.256    -59.023  -3.700          NaN          NaN  1.31428E-04
    9873.657    -57.623  -3.650          NaN          NaN  5.28908E-05
    9875.038    -56.242  -3.600          NaN          NaN -4.85452E-05
    9876.400    -54.880  -3.550          NaN          NaN -1.53947E-04
    9877.743    -53.537  -3.500          NaN          NaN -2.41185E-04
    9879.067    -52.213  -3.450          NaN          NaN -2.89524E-04
    9880.372    -50.908  -3.400          NaN          NaN -2.84331E-04
    9881.658    -49.622  -3.350          NaN          NaN -2.20867E-04
    9882.924    -48.355  -3.300          NaN          NaN -1.06251E-04
    9884.172    -47.108  -3.250          NaN          NaN  4.09755E-05
    9885.401    -45.879  -3.200          NaN          NaN  2.51774E-04
    9886.611    -44.669  -3.150          NaN          NaN  5.65961E-04
    9887.801    -43.479  -3.100          NaN          NaN  9.01126E-04
    9888.973    -42.307  -3.050          NaN          NaN  1.16509E-03
    9890.125    -41.154  -3.000          NaN          NaN  1.28107E-03
    9891.259    -40.021  -2.950          NaN          NaN  1.20384E-03
    9892.373    -38.907  -2.900          NaN          NaN  9.22736E-04
    9893.469    -37.811  -2.850          NaN          NaN  4.54377E-04
    9894.545    -36.735  -2.800          NaN          NaN -1.67504E-04
    9895.602    -35.678  -2.750          NaN          NaN -8.96896E-04
    9896.640    -34.639  -2.700          NaN          NaN -1.67168E-03
    9897.660    -33.620  -2.650          NaN          NaN -2.40489E-03
    9898.660    -32.620  -2.600          NaN          NaN -2.98041E-03
    9899.641    -31.639  -2.550          NaN          NaN -3.26310E-03
    9900.603    -30.677  -2.500          NaN          NaN -3.12707E-03
    9901.546    -29.734  -2.450          NaN          NaN -2.49644E-03
    9902.470    -28.810  -2.400          NaN          NaN -1.38358E-03
    9903.375    -27.905  -2.350          NaN          NaN  9.23570E-05
    9904.260    -27.019  -2.300          NaN          NaN  1.71869E-03
    9905.127    -26.153  -2.250          NaN          NaN  5.66714E-01
    9905.975    -25.305  -2.200          NaN          NaN  6.82095E-01
    9906.804    -24.476  -2.150          NaN          NaN -2.95136E-01
    9907.613    -23.667  -2.100          NaN          NaN -1.69942E+00
    9908.404    -22.876  -2.050          NaN          NaN -2.26573E+00
    9909.175    -22.105  -2.000          NaN          NaN -1.35818E+00
    9909.928    -21.352  -1.950          NaN          NaN  3.79431E-01
    9910.661    -20.619  -1.900          NaN          NaN  1.58777E+00
    9911.376    -19.904  -1.850          NaN          NaN  1.42893E+00
    9912.071    -19.209  -1.800          NaN          NaN  3.18114E-01
    9912.747    -18.533  -1.750          NaN          NaN -5.26349E-01
    9913.404    -17.875  -1.700          NaN          NaN -2.66348E-01
    9914.042    -17.237  -1.650          NaN          NaN  7.58720E-01
    9914.662    -16.618  -1.600          NaN          NaN  9.21374E-01
    9915.262    -16.018  -1.550          NaN          NaN  2.49236E-01
    9915.843    -15.437  -1.500          NaN          NaN  3.72451E-02
    9916.405    -14.875  -1.450          NaN          NaN  6.80827E-02
    9916.948    -14.332  -1.400          NaN          NaN  7.73013E-02
    9917.471    -13.808  -1.350          NaN          NaN  1.98356E-02
    9917.976    -13.303  -1.300          NaN          NaN -6.90826E-02
    9918.462    -12.818  -1.250          NaN          NaN -1.43343E-01
    9918.929    -12.351  -1.200          NaN          NaN -1.74810E-01
    9919.376    -11.903  -1.150          NaN          NaN -1.60592E-01
    9919.805    -11.475  -1.100          NaN          NaN -1.08136E-01
    9920.215    -11.065  -1.050          NaN          NaN -2.34706E-02
    9920.605    -10.675  -1.000          NaN          NaN  7.73566E-02
    9920.977    -10.303  -0.950          NaN          NaN  1.58551E-01
    9921.329     -9.951  -0.900          NaN          NaN  1.80656E-01
    9921.662     -9.617  -0.850          NaN          NaN  1.32848E-01
    9921.977     -9.303  -0.800          NaN          NaN  3.74062E-02
    9922.272     -9.008  -0.750          NaN          NaN -6.68188E-02
    9922.548     -8.732  -0.700          NaN          NaN -1.46952E-01
    9922.805     -8.474  -0.650          NaN          NaN -1.87369E-01
    9923.044     -8.236  -0.600          NaN          NaN -1.88807E-01
    9923.263     -8.017  -0.550          NaN          NaN -1.61679E-01
    9923.463     -7.817  -0.500          NaN          NaN -1.18747E-01
    9923.644     -7.636  -0.450          NaN          NaN -7.09655E-02
    9923.806     -7.474  -0.400          NaN          NaN -2.57585E-02
    9923.948     -7.331  -0.350          NaN          NaN  1.23924E-02
    9924.072     -7.208  -0.300          NaN          NaN  4.23075E-02
    9924.177     -7.103  -0.250          NaN          NaN  6.44868E-02
    9924.263     -7.017  -0.200          NaN          NaN  7.99915E-02
    9924.329     -6.950  -0.150          NaN          NaN  9.01316E-02
    9924.377     -6.903  -0.100          NaN          NaN  9.44581E-02
    9924.406     -6.874  -0.050          NaN          NaN  9.84218E-02
    9924.415     -6.865   0.000          NaN          NaN  1.02016E-01
    9924.425     -6.855   0.050          NaN          NaN  1.05116E-01
    9924.453     -6.827   0.100          NaN          NaN  1.07859E-01
    9924.501     -6.779   0.150          NaN          NaN  1.10245E-01
    9924.568     -6.712   0.200          NaN          NaN  1.14025E-01
    9924.653     -6.626   0.250          NaN          NaN  1.16616E-01
    9924.758     -6.522   0.300          NaN          NaN  1.16169E-01
    9924.882     -6.398   0.350          NaN          NaN  1.10660E-01
    9925.025     -6.255   0.400          NaN          NaN  9.83765E-02
    9925.187     -6.093   0.450          NaN          NaN  7.80727E-02
    9925.368     -5.912   0.500          NaN          NaN  5.03094E-02
    9925.568     -5.712   0.550          NaN          NaN  1.77783E-02
    9925.787     -5.493   0.600          NaN          NaN -1.39307E-02
    9926.025     -5.255   0.650          NaN          NaN -3.69285E-02
    9926.282     -4.998   0.700          NaN          NaN -4.34374E-02
    9926.558     -4.721   0.750          NaN          NaN -3.19964E-02
    9926.854     -4.426   0.800          NaN          NaN -1.30653E-02
    9927.168     -4.112   0.850          NaN          NaN -9.71915E-04
    9927.501     -3.779   0.900          NaN          NaN  1.39522E-02
    9927.854     -3.426   0.950          NaN          NaN  3.48623E-02
    9928.225     -3.055   1.000          NaN          NaN  4.28001E-02
    9928.616     -2.664   1.050          NaN          NaN  2.94859E-02
    9929.025     -2.255   1.100          NaN          NaN  3.05306E-03
    9929.454     -1.826   1.150          NaN          NaN -2.33444E-02
    9929.902     -1.378   1.200          NaN          NaN -4.11836E-02
    9930.368     -0.912   1.250          NaN          NaN -4.67780E-02
    9930.854     -0.426   1.300          NaN          NaN -4.15546E-02
    9931.359      0.079   1.350          NaN          NaN -2.97052E-02
    9931.883      0.603   1.400          NaN          NaN -1.60391E-02
    9932.426      1.146   1.450          NaN          NaN -4.25503E-03
    9932.988      1.708   1.500          NaN          NaN  4.20407E-03
    9933.569      2.289   1.550          NaN          NaN  9.21663E-03
    9934.169      2.889   1.600          NaN          NaN  1.12345E-02
    9934.788      3.508   1.650          NaN          NaN  1.11202E-02
    9935.426      4.146   1.700          NaN          NaN  9.76616E-03
    9936.083      4.803   1.750          NaN          NaN  7.89161E-03
    9936.760      5.480   1.800          NaN          NaN  5.95245E-03
    9937.455      6.175   1.850          NaN          NaN  4.15133E-03
    9938.169      6.889   1.900          NaN          NaN  2.51902E-03
    9938.903      7.623   1.950          NaN          NaN  1.04179E-03
    9939.655      8.375   2.000          NaN          NaN -2.55634E-04
    9940.427      9.147   2.050          NaN          NaN -1.28631E-03
    9941.217      9.937   2.100          NaN          NaN -1.92324E-03
    9942.027     10.747   2.150          NaN          NaN -2.06260E-03
    9942.855     11.576   2.200          NaN          NaN -1.64113E-03
    9943.703     12.423   2.250          NaN          NaN -6.55648E-04
    9944.570     13.290   2.300          NaN          NaN  7.90612E-04
    9945.456     14.176   2.350          NaN          NaN  2.42950E-03
    9946.361     15.081   2.400          NaN          NaN  3.81255E-03
    9947.285     16.005   2.450          NaN          NaN  4.42591E-03
    9948.228     16.948   2.500          NaN          NaN  3.90160E-03
    9949.190     17.910   2.550          NaN          NaN  2.19520E-03
    9950.171     18.891   2.600          NaN          NaN -3.75075E-04
    9951.171     19.891   2.650          NaN          NaN -3.24269E-03
    9952.190     20.910   2.700          NaN          NaN -5.78395E-03
    9953.228     21.948   2.750          NaN          NaN -7.48707E-03
    9954.285     23.006   2.800          NaN          NaN -8.07399E-03
    9955.362     24.082   2.850          NaN          NaN -7.50219E-03
    9956.457     25.177   2.900          NaN          NaN -5.91009E-03
    9957.572     26.292   2.950          NaN          NaN -3.54702E-03
    9958.705     27.425   3.000          NaN          NaN -7.43347E-04
    9959.858     28.578   3.050          NaN          NaN  2.12514E-03
    9961.029     29.749   3.100          NaN          NaN  4.66619E-03
    9962.220     30.940   3.150          NaN          NaN  6.51517E-03
    9963.429     32.150   3.200          NaN          NaN  7.39713E-03
    9964.658     33.378   3.250          NaN          NaN  7.18608E-03
    9965.906     34.626   3.300          NaN          NaN  5.95668E-03
    9967.173     35.893   3.350          NaN          NaN  3.97338E-03
    9968.459     37.179   3.400          NaN          NaN  1.62262E-03
    9969.764     38.484   3.450          NaN          NaN -6.79193E-04
    9971.087     39.808   3.500          NaN          NaN -2.57921E-03
    9972.431     41.151   3.550          NaN          NaN -3.85077E-03
    9973.793     42.513   3.600          NaN          NaN -4.42050E-03
    9975.174     43.894   3.650          NaN          NaN -4.35141E-03
    9976.574     45.294   3.700          NaN          NaN -3.80468E-03
    9977.993     46.713   3.750          NaN          NaN -2.98809E-03
    9979.431     48.152   3.800          NaN          NaN -2.07863E-03
    9980.889     49.609   3.850          NaN          NaN -1.17740E-03
    9982.365     51.085   3.900          NaN          NaN -3.04190E-04
    9983.860     52.581   3.950          NaN          NaN  5.65574E-04
    9985.375     54.095   4.000          NaN          NaN  1.46603E-03
    9986.908     55.629   4.050          NaN          NaN  2.37008E-03
    9988.461     57.181   4.100          NaN          NaN  3.18005E-03
    9990.033     58.753   4.150          NaN          NaN  3.77591E-03
    9991.623     60.344   4.200          NaN          NaN  4.03881E-03
    9993.233     61.953   4.250          NaN          NaN  3.88174E-03
    9994.862     63.582   4.300          NaN          NaN  3.26908E-03
    9996.510     65.230   4.350          NaN          NaN  2.23299E-03
    9998.176     66.897   4.400          NaN          NaN  8.78270E-04
    9999.862     68.583   4.450          NaN          NaN -6.26279E-04
   10001.567     70.288   4.500          NaN          NaN -2.07051E-03
   10003.291     72.012   4.550          NaN          NaN -3.23702E-03
   10005.034     73.755   4.600          NaN          NaN -3.94271E-03
   10006.797     75.517   4.650          NaN          NaN -4.07536E-03
   10008.578     77.298   4.700          NaN          NaN -3.62001E-03
   10010.378     79.098   4.750          NaN          NaN -2.66186E-03
   10012.197     80.917   4.800          NaN          NaN -1.36740E-03
   10014.036     82.756   4.850          NaN          NaN  5.01331E-05
   10015.893     84.613   4.900          NaN          NaN  1.37191E-03
   10017.769     86.490   4.950          NaN          NaN  2.41111E-03
   10019.665     88.385   5.000          NaN          NaN  3.04331E-03
   10021.579     90.300   5.050          NaN          NaN  3.22088E-03
   10023.513     92.233   5.100          NaN          NaN  2.97098E-03
   10025.465     94.186   5.150          NaN          NaN  2.38127E-03
   10027.437     96.157   5.200          NaN          NaN  1.57503E-03
   10029.428     98.148   5.250          NaN          NaN  6.84928E-04
   10031.438    100.158   5.300          NaN          NaN -1.71241E-04
   10033.466    102.187   5.350          NaN          NaN -9.05580E-04
   10035.514    104.235   5.400          NaN          NaN -1.46669E-03
   10037.581    106.301   5.450          NaN          NaN -1.83610E-03
   10039.667    108.387   5.500          NaN          NaN -2.01860E-03
   10041.772    110.492   5.550          NaN          NaN -2.03020E-03
   10043.896    112.616   5.600          NaN          NaN -1.88832E-03
   10046.039    114.760   5.650          NaN          NaN -1.60704E-03
   10048.202    116.922   5.700          NaN          NaN -1.19844E-03
   10050.383    119.103   5.750          NaN          NaN -6.79537E-04
   10052.583    121.303   5.800          NaN          NaN -8.06538E-05
   10054.802    123.523   5.850          NaN          NaN  5.49605E-04
   10057.041    125.761   5.900          NaN          NaN  1.14391E-03
   10059.298    128.018   5.950          NaN          NaN  1.62543E-03
   10061.575    130.295   6.000          NaN          NaN  1.92123E-03
   10063.870    132.590   6.050          NaN          NaN  1.97782E-03
   10066.185    134.905   6.100          NaN          NaN  1.77495E-03
   10068.518    137.239   6.150          NaN          NaN  1.33239E-03
   10070.871    139.591   6.200          NaN          NaN  7.08795E-04
   10073.243    141.963   6.250          NaN          NaN -6.85287E-06
   10075.633    144.354   6.300          NaN          NaN -7.10721E-04
   10078.043    146.763   6.350          NaN          NaN -1.30197E-03
   10080.472    149.192   6.400          NaN          NaN -1.69965E-03
   10082.920    151.640   6.450          NaN          NaN -1.85582E-03
   10085.387    154.107   6.500          NaN          NaN -1.76166E-03
   10087.873    156.593   6.550          NaN          NaN -1.44643E-03
   10090.378    159.098   6.600          NaN          NaN -9.69287E-04
   10092.902    161.622   6.650          NaN          NaN -4.06969E-04
   10095.445    164.166   6.700          NaN          NaN  1.60268E-04
   10098.008    166.728   6.750          NaN          NaN  6.61438E-04
   10100.589    169.309   6.800          NaN          NaN  1.04340E-03
   10103.189    171.909   6.850          NaN          NaN  1.27508E-03
   10105.809    174.529   6.900          NaN          NaN  1.34700E-03
   10108.447    177.167   6.950          NaN          NaN  1.26750E-03
   10111.104    179.825   7.000          NaN          NaN  1.05806E-03
   10113.781    182.501   7.050          NaN          NaN  7.48594E-04
   10116.476    185.197   7.100          NaN          NaN  3.74354E-04
   10119.191    187.911   7.150          NaN          NaN -2.63294E-05
   10121.925    190.645   7.200          NaN          NaN -4.13802E-04
   10124.677    193.398   7.250          NaN          NaN -7.48808E-04
   10127.449    196.169   7.300          NaN          NaN -9.95409E-04
   10130.240    198.960   7.350          NaN          NaN -1.12463E-03
   10133.050    201.770   7.400          NaN          NaN -1.11869E-03
   10135.879    204.599   7.450          NaN          NaN -9.74680E-04
   10138.727    207.447   7.500          NaN          NaN -7.06941E-04
   10141.594    210.314   7.550          NaN          NaN -3.47094E-04
   10144.480    213.200   7.600          NaN          NaN  5.88439E-05
   10147.385    216.105   7.650          NaN          NaN  4.56075E-04
   10150.309    219.029   7.700          NaN          NaN  7.88845E-04
   10153.252    221.973   7.750          NaN          NaN  1.00933E-03
   10156.215    224.935   7.800          NaN          NaN  1.08591E-03
   10159.196    227.916   7.850          NaN          NaN  1.00907E-03
   10162.196    230.916   7.900          NaN          NaN  7.93209E-04
   10165.216    233.936   7.950          NaN          NaN  4.74753E-04
   10168.254    236.974   8.000          NaN          NaN  1.05644E-04
   10171.312    240.032   8.050          NaN          NaN -2.56100E-04
   10174.388    243.108   8.100          NaN          NaN -5.56882E-04
   10177.484    246.204   8.150          NaN          NaN -7.56388E-04
   10180.599    249.319   8.200          NaN          NaN -8.33835E-04
   10183.732    252.452   8.250          NaN          NaN -7.89666E-04
   10186.885    255.605   8.300          NaN          NaN -6.43073E-04
   10190.057    258.777   8.350          NaN          NaN -4.26369E-04
   10193.248    261.968   8.400          NaN          NaN -1.77746E-04
   10196.458    265.178   8.450          NaN          NaN  6.57876E-05
   10199.687    268.407   8.500          NaN          NaN  2.73873E-04
   10202.935    271.655   8.550          NaN          NaN  4.26056E-04
   10206.202    274.922   8.600          NaN          NaN  5.12487E-04
   10209.488    278.208   8.650          NaN          NaN  5.32780E-04
   10212.793    281.513   8.700          NaN          NaN  4.93671E-04
   10216.117    284.837   8.750          NaN          NaN  4.06406E-04
   10219.460    288.181   8.800          NaN          NaN  2.84112E-04
   10222.823    291.543   8.850          NaN          NaN  1.41002E-04
   10226.204    294.924   8.900          NaN          NaN -8.85609E-06
   10229.604    298.325   8.950          NaN          NaN -1.51609E-04
   10233.024    301.744   9.000          NaN          NaN -2.73809E-04
   10236.462    305.183   9.050          NaN          NaN -3.63005E-04
   10239.920    308.640   9.100          NaN          NaN -4.08961E-04
   10243.397    312.117   9.150          NaN          NaN -4.05364E-04
   10246.892    315.612   9.200          NaN          NaN -3.51575E-04
   10250.407    319.127   9.250          NaN          NaN -2.53754E-04
   10253.941    322.661   9.300          NaN          NaN -1.24811E-04
   10257.494    326.214   9.350          NaN          NaN  1.71312E-05
   10261.065    329.786   9.400          NaN          NaN  1.51541E-04
   10264.656    333.376   9.450          NaN          NaN  2.59061E-04
   10268.266    336.986   9.500          NaN          NaN  3.24942E-04
   10271.895    340.615   9.550          NaN          NaN  3.41567E-04
   10275.543    344.264   9.600          NaN          NaN  3.09590E-04
   10279.210    347.931   9.650          NaN          NaN  2.37299E-04
   10282.897    351.617   9.700          NaN          NaN  1.38659E-04
   10286.602    355.322   9.750          NaN          NaN  3.03762E-05
   10290.326    359.046   9.800          NaN          NaN -7.11874E-05
   10294.069    362.790   9.850          NaN          NaN -1.52734E-04
   10297.832    366.552   9.900          NaN          NaN -2.05795E-04
   10301.613    370.333   9.950          NaN          NaN -2.27354E-04
   10305.414    374.134  10.000          NaN          NaN -2.19325E-04
   10309.233    377.953  10.050          NaN          NaN -1.87236E-04
   10313.072    381.792  10.100          NaN          NaN -1.38496E-04
   10316.929    385.649  10.150          NaN          NaN -8.07813E-05
   10320.806    389.526  10.200          NaN          NaN -2.08840E-05
   10324.702    393.422  10.250          NaN          NaN  3.58078E-05
   10328.616    397.337  10.300          NaN          NaN  8.52278E-05
   10332.550    401.270  10.350          NaN          NaN  1.24228E-04
   10336.503    405.223  10.400          NaN          NaN  1.50177E-04
   10340.475    409.195  10.450          NaN          NaN  1.60831E-04
   10344.466    413.186  10.500          NaN          NaN  1.54593E-04
   10348.476    417.196  10.550          NaN          NaN  1.31069E-04
   10352.505    421.225  10.600          NaN          NaN  9.17320E-05
   10356.553    425.273  10.650          NaN          NaN  4.03084E-05
   10360.620    429.340  10.700          NaN          NaN -1.72667E-05
   10364.706    433.427  10.750          NaN          NaN -7.34736E-05
   10368.812    437.532  10.800          NaN          NaN -1.20326E-04
   10372.936    441.656  10.850          NaN          NaN -1.50748E-04
   10377.079    445.800  10.900          NaN          NaN -1.59930E-04
   10381.242    449.962  10.950          NaN          NaN -1.46324E-04
   10385.423    454.143  11.000          NaN          NaN -1.12056E-04
   10389.624    458.344  11.050          NaN          NaN -6.26194E-05
   10393.843    462.564  11.100          NaN          NaN -5.93372E-06
   10398.082    466.802  11.150          NaN          NaN  4.90973E-05
   10402.340    471.060  11.200          NaN          NaN  9.41745E-05
   10406.616    475.337  11.250          NaN          NaN  1.23080E-04
   10410.912    479.632  11.300          NaN          NaN  1.32624E-04
   10415.227    483.947  11.350          NaN          NaN  1.22997E-04
   10419.561    488.281  11.400          NaN          NaN  9.74029E-05
   10423.914    492.634  11.450          NaN          NaN  6.11529E-05
   10428.286    497.006  11.500          NaN          NaN  2.04669E-05
   10432.677    501.397  11.550          NaN          NaN -1.86996E-05
   10437.087    505.807  11.600          NaN          NaN -5.15620E-05
   10441.516    510.236  11.650          NaN          NaN -7.49831E-05
   10445.964    514.684  11.700          NaN          NaN -8.75276E-05
   10450.431    519.151  11.750          NaN          NaN -8.91896E-05
   10454.917    523.638  11.800          NaN          NaN -8.09853E-05
   10459.423    528.143  11.850          NaN          NaN -6.45797E-05
   10463.947    532.667  11.900          NaN          NaN -4.20397E-05
   10468.490    537.211  11.950          NaN          NaN -1.57256E-05
   10473.053    541.773  12.000          NaN          NaN  1.17217E-05
   10477.634    546.355  12.050          NaN          NaN  3.74231E-05
   10482.235    550.955  12.100          NaN          NaN  5.84230E-05
   10486.855    555.575  12.150          NaN          NaN  7.20099E-05
   10491.493    560.213  12.200          NaN          NaN  7.61465E-05
   10496.151    564.871  12.250          NaN          NaN  6.99666E-05
   10500.828    569.548  12.300          NaN          NaN  5.41024E-05
   10505.523    574.244  12.350          NaN          NaN  3.07844E-05
   10510.238    578.959  12.400          NaN          NaN  3.57640E-06
   10514.972    583.692  12.450          NaN          NaN -2.32150E-05
   10519.725    588.445  12.500          NaN          NaN -4.53418E-05
   10524.497    593.217  12.550          NaN          NaN -5.94573E-05
   10529.288    598.008  12.600          NaN          NaN -6.37554E-05
   10534.098    602.819  12.650          NaN          NaN -5.82646E-05
   10538.928    607.648  12.700          NaN          NaN -4.47175E-05
   10543.776    612.496  12.750          NaN          NaN -2.60575E-05
   10548.643    617.363  12.800          NaN          NaN -5.72276E-06
   10553.529    622.249  12.850          NaN          NaN  1.30703E-05
   10558.435    627.155  12.900          NaN          NaN  2.78843E-05
   10563.359    632.079  12.950          NaN          NaN  3.73372E-05
   10568.302    637.023  13.000          NaN          NaN  4.10884E-05
   10573.265    641.985  13.050          NaN          NaN  3.96097E-05
   10578.247    646.967  13.100          NaN          NaN  3.38660E-05
   10583.247    651.967  13.150          NaN          NaN  2.50030E-05
   10588.267    656.987  13.200          NaN          NaN  1.41680E-05
   10593.306    662.026  13.250          NaN          NaN  2.43519E-06
   10598.363    667.083  13.300          NaN          NaN -9.15464E-06
   10603.440    672.160  13.350          NaN          NaN -1.95354E-05
   10608.536    677.256  13.400          NaN          NaN -2.76148E-05
   10613.651    682.371  13.450          NaN          NaN -3.23531E-05
   10618.785    687.505  13.500          NaN          NaN -3.29520E-05
   10623.938    692.658  13.550          NaN          NaN -2.90804E-05
   10629.110    697.830  13.600          NaN          NaN -2.10620E-05
   10634.301    703.021  13.650          NaN          NaN -9.95294E-06
   10639.511    708.231  13.700          NaN          NaN  2.56899E-06
   10644.740    713.461  13.750          NaN          NaN  1.44796E-05
   10649.989    718.709  13.800          NaN          NaN  2.38090E-05
   10655.256    723.976  13.850          NaN          NaN  2.90485E-05
   10660.542    729.262  13.900          NaN          NaN  2.94705E-05
   10665.848    734.568  13.950          NaN          NaN  2.52655E-05
   10671.172    739.892  14.000          NaN          NaN  1.74646E-05
   10676.516    745.236  14.050          NaN          NaN  7.67538E-06
   10681.878    750.598  14.100          NaN          NaN -2.29105E-06
   10687.260    755.980  14.150          NaN          NaN -1.07996E-05
   10692.660    761.381  14.200          NaN          NaN -1.66992E-05
   10698.080    766.800  14.250          NaN          NaN -1.94711E-05
   10703.519    772.239  14.300          NaN          NaN -1.92222E-05
   10708.977    777.697  14.350          NaN          NaN -1.65420E-05
   10714.453    783.174  14.400          NaN          NaN -1.22791E-05
   10719.949    788.670  14.450          NaN          NaN -7.30485E-06
   10725.464    794.185  14.500          NaN          NaN -2.33605E-06
   10730.998    799.719  14.550          NaN          NaN  2.15628E-06
   10736.551    805.272  14.600          NaN          NaN  5.93326E-06
   10742.123    810.844  14.650          NaN          NaN  8.91239E-06
   10747.715    816.435  14.700          NaN          NaN  1.10539E-05
   10753.325    822.045  14.750          NaN          NaN  1.22762E-05
   10758.954    827.674  14.800          NaN          NaN  1.24284E-05
   10764.602    833.323  14.850          NaN          NaN  1.13357E-05
   10770.270    838.990  14.900          NaN          NaN  8.89125E-06
   10775.956    844.676  14.950          NaN          NaN  5.17186E-06
   10781.662    850.382  15.000          NaN          NaN  5.08145E-07
   10787.386    856.106  15.050          NaN          NaN -4.50694E-06
   10793.130    861.850  15.100          NaN          NaN -9.10298E-06
   10798.892    867.612  15.150          NaN          NaN -1.24803E-05
   10804.674    873.394  15.200          NaN          NaN -1.39937E-05
   10810.475    879.195  15.250          NaN          NaN -1.33162E-05
   10816.294    885.015  15.300          NaN          NaN -1.05273E-05
   10822.133    890.853  15.350          NaN          NaN -6.11534E-06
   10827.991    896.711  15.400          NaN          NaN -8.74849E-07
   10833.868    902.588  15.450          NaN          NaN  4.26089E-06
   10839.764    908.484  15.500          NaN          NaN  8.41929E-06
   10845.679    914.399  15.550          NaN          NaN  1.09660E-05
   10851.613    920.333  15.600          NaN          NaN  1.16167E-05
   10857.566    926.286  15.650          NaN          NaN  1.04602E-05
   10863.538    932.258  15.700          NaN          NaN  7.89655E-06
   10869.529    938.250  15.750          NaN          NaN  4.51292E-06
   10875.540    944.260  15.800          NaN          NaN  9.35866E-07
   10881.569    950.289  15.850          NaN          NaN -2.29910E-06
   10887.617    956.337  15.900          NaN          NaN -4.82916E-06
   10893.685    962.405  15.950          NaN          NaN -6.48304E-06
   10899.771    968.491  16.000          NaN          NaN -7.24878E-06
   10905.877    974.597  16.050          NaN          NaN -7.21037E-06
   10912.001    980.721  16.100          NaN          NaN -6.48502E-06
   10918.145    986.865  16.150          NaN          NaN -5.18461E-06
   10924.307    993.028  16.200          NaN          NaN -3.40996E-06
   10930.489    999.209  16.250          NaN          NaN -1.27374E-06
   10936.690   1005.410  16.300          NaN          NaN  1.06541E-06
   10942.910   1011.630  16.350          NaN          NaN  3.38005E-06
   10949.149   1017.869  16.400          NaN          NaN  5.38229E-06
   10955.406   1024.127  16.450          NaN          NaN  6.76095E-06
   10961.683   1030.404  16.500          NaN          NaN  7.24713E-06
   10967.979   1036.700  16.550          NaN          NaN  6.68806E-06
   10974.294   1043.015  16.600          NaN          NaN  5.10199E-06
   10980.629   1049.349  16.650          NaN          NaN  2.69831E-06
   10986.982   1055.702  16.700          NaN          NaN -1.46291E-07
   10993.354   1062.074  16.750          NaN          NaN -2.95625E-06
   10999.745   1068.465  16.800          NaN          NaN -5.25111E-06
   11006.155   1074.876  16.850          NaN          NaN -6.64501E-06
   11012.585   1081.305  16.900          NaN          NaN -6.92618E-06
   11019.033   1087.753  16.950          NaN          NaN -6.09414E-06
   11025.501   1094.221  17.000          NaN          NaN -4.35297E-06
   11031.987   1100.707  17.050          NaN          NaN -2.05712E-06
   11038.493   1107.213  17.100          NaN          NaN  3.67984E-07
   11045.017   1113.737  17.150          NaN          NaN  2.51641E-06
   11051.561   1120.281  17.200          NaN          NaN  4.07650E-06
   11058.124   1126.844  17.250          NaN          NaN  4.87594E-06
   11064.705   1133.426  17.300          NaN          NaN  4.89314E-06
   11071.306   1140.026  17.350          NaN          NaN  4.23526E-06
   11077.926   1146.646  17.400          NaN          NaN  3.09627E-06
   11084.565   1153.285  17.450          NaN          NaN  1.70411E-06
   11091.223   1159.943  17.500          NaN          NaN  2.78109E-07
   11097.900   1166.620  17.550          NaN          NaN -1.00428E-06
   11104.596   1173.316  17.600          NaN          NaN -2.02114E-06
   11111.311   1180.031  17.650          NaN          NaN  0.00000E+00
   11118.045   1186.765  17.700          NaN          NaN  0.00000E+00
   11124.798   1193.519  17.750          NaN          NaN  0.00000E+00
   11131.571   1200.291  17.800          NaN          NaN  0.00000E+00
   11138.362   1207.082  17.850          NaN          NaN  0.00000E+00
   11145.172   1213.892  17.900          NaN          NaN  0.00000E+00
   11152.002   1220.722  17.950          NaN          NaN  0.00000E+00
   11158.850   1227.570  18.000          NaN          NaN  0.00000E+00
   11165.718   1234.438  18.050          NaN          NaN  0.00000E+00
   11172.604   1241.324  18.100          NaN          NaN  0.00000E+00
   11179.510   1248.230  18.150          NaN          NaN  0.00000E+00
   11186.434   1255.155  18.200          NaN          NaN  0.00000E+00
   11193.378   1262.098  18.250          NaN          NaN  0.00000E+00
   11200.341   1269.061  18.300          NaN          NaN  0.00000E+00
   11207.323   1276.043  18.350          NaN          NaN  0.00000E+00
   11214.323   1283.044  18.400          NaN          NaN  0.00000E+00
   11221.343   1290.064  18.450          NaN          NaN  0.00000E+00
   11228.382   1297.102  18.500          NaN          NaN  0.00000E+00
   11235.440   1304.160  18.550          NaN          NaN  0.00000E+00
   11242.517   1311.238  18.600          NaN          NaN  0.00000E+00
   11249.613   1318.334  18.650          NaN          NaN  0.00000E+00
   11256.729   1325.449  18.700          NaN          NaN  0.00000E+00
   11263.863   1332.583  18.750          NaN          NaN  0.00000E+00
   11271.016   1339.736  18.800          NaN          NaN  0.00000E+00
   11278.188   1346.908  18.850          NaN          NaN  0.00000E+00
   11285.380   1354.100  18.900          NaN          NaN  0.00000E+00
   11292.590   1361.310  18.950          NaN          NaN  0.00000E+00
   11299.819   1368.540  19.000          NaN          NaN  0.00000E+00
   11307.068   1375.788  19.050          NaN          NaN  0.00000E+00
   11314.335   1383.056  19.100          NaN          NaN  0.00000E+00
   11321.622   1390.342  19.150          NaN          NaN  0.00000E+00
   11328.928   1397.648  19.200          NaN          NaN  0.00000E+00
   11336.252   1404.973  19.250          NaN          NaN  0.00000E+00
   11343.596   1412.316  19.300          NaN          NaN  0.00000E+00
   11350.959   1419.679  19.350          NaN          NaN  0.00000E+00
   11358.341   1427.061  19.400          NaN          NaN  0.00000E+00
   11365.742   1434.462  19.450          NaN          NaN  0.00000E+00
   11373.162   1441.882  19.500          NaN          NaN  0.00000E+00
   11380.601   1449.321  19.550          NaN          NaN  0.00000E+00
   11388.059   1456.779  19.600          NaN          NaN  0.00000E+00
   11395.536   1464.256  19.650          NaN          NaN  0.00000E+00
   11403.032   1471.752  19.700          NaN          NaN  0.00000E+00
   11410.547   1479.267  19.750          NaN          NaN  0.00000E+00
   11418.081   1486.802  19.800          NaN          NaN  0.00000E+00
   11425.635   1494.355  19.850          NaN          NaN  0.00000E+00
   11433.207   1501.927  19.900          NaN          NaN  0.00000E+00
   11440.798   1509.519  19.950          NaN          NaN  0.00000E+00
