# r  chir_mag  chir_re  chir_im
0.000000000000000000e+00 6.678091619177202454e-02 -6.678091619177202454e-02 0.000000000000000000e+00
3.067961575771282340e-02 6.768703373462529871e-02 -6.742678908801783000e-02 5.929810205416617512e-03
6.135923151542564680e-02 7.007028206967362560e-02 -6.880851056111142450e-02 1.323757166874054043e-02
9.203884727313846326e-02 7.311998361902978527e-02 -6.955814235162614823e-02 2.254322153193945300e-02
1.227184630308512936e-01 7.595350597981403995e-02 -6.823500066949553244e-02 3.336045194927057117e-02
1.533980787885641239e-01 7.795425803623626249e-02 -6.410721053050125184e-02 4.435236074864668671e-02
1.840776945462769265e-01 7.895926626553842476e-02 -5.754730848223534728e-02 5.406360157853561804e-02
2.147573103039897569e-01 7.932659947819675761e-02 -4.980892432946573689e-02 6.173961809013562424e-02
2.454369260617025872e-01 7.988345976771116241e-02 -4.227736147791806565e-02 6.777899269629918122e-02
2.761165418194154175e-01 8.169276562745053649e-02 -3.557814560793530478e-02 7.353844920150355569e-02
3.067961575771282479e-01 8.561409795223290375e-02 -2.903128941427131696e-02 8.054165383898785613e-02
3.374757733348410782e-01 9.185271833628017024e-02 -2.079179580291715471e-02 8.946855924319904729e-02
3.681553890925538530e-01 9.983100604246428200e-02 -8.680544229693365130e-03 9.945289296610167196e-02
3.988350048502666834e-01 1.084487212560616837e-01 8.654601194373860371e-03 1.081028353940881037e-01
4.295146206079795137e-01 1.164740365453468679e-01 3.081526270300179171e-02 1.123237320147073004e-01
4.601942363656923440e-01 1.228520442883993674e-01 5.546853501354401250e-02 1.096169074973841889e-01
4.908738521234051744e-01 1.269049112056968853e-01 7.907803665310965402e-02 9.925482661923931693e-02
5.215534678811180047e-01 1.284717602474241827e-01 9.828274166753733776e-02 8.273751187571307120e-02
5.522330836388308350e-01 1.280183469953392605e-01 1.113090547630535693e-01 6.323757977005940722e-02
5.829126993965436654e-01 1.266953543003173921e-01 1.187298065016610810e-01 4.421476958394180562e-02
6.135923151542564957e-01 1.262448750676233022e-01 1.231448057133929241e-01 2.780513094107862210e-02
6.442719309119693261e-01 1.285871038800123767e-01 1.278495571331251801e-01 1.375260066725028998e-02
6.749515466696821564e-01 1.350605070053332302e-01 1.350593907757495493e-01 -5.491045629421484288e-04
7.056311624273949867e-01 1.457435044230890875e-01 1.445219194732994261e-01 -1.883039758677835379e-02
7.363107781851077061e-01 1.594342269721141236e-01 1.532328649988570213e-01 -4.403364411944200862e-02
7.669903939428205364e-01 1.742317793639030221e-01 1.564941344664108058e-01 -7.659176729858580002e-02
7.976700097005333667e-01 1.881940964187867882e-01 1.499187956757369877e-01 -1.137601539644714360e-01
8.283496254582461971e-01 1.997954497498857784e-01 1.314880693151067315e-01 -1.504297489479551886e-01
8.590292412159590274e-01 2.082282534637142912e-01 1.026534035601420203e-01 -1.811664546158241462e-01
8.897088569736718577e-01 2.136535275054027572e-01 6.784129001868539899e-02 -2.025966169117898175e-01
9.203884727313846881e-01 2.174274167998584972e-01 3.242955687181250934e-02 -2.149953613856756540e-01
9.510680884890975184e-01 2.221938090804275456e-01 1.527001820883835541e-05 -2.221938085557201847e-01
9.817477042468103487e-01 2.315515021940751927e-01 -2.976664471078575847e-02 -2.296302354460201534e-01
1.012427320004523068e+00 2.490101420645686181e-01 -6.172608046253402064e-02 -2.412383506860993065e-01
1.043106935762236009e+00 2.765645610017899991e-01 -1.034167045583566924e-01 -2.565013481843758103e-01
1.073786551519948729e+00 3.139451745176423114e-01 -1.617255346842046138e-01 -2.690844180438938249e-01
1.104466167277661670e+00 3.590585103331110917e-01 -2.390671020811439840e-01 -2.678991126248027044e-01
1.135145783035374389e+00 4.089688309696311586e-01 -3.308177198089790605e-01 -2.404477925975918584e-01
1.165825398793087331e+00 4.607026485298700846e-01 -4.252336955035120880e-01 -1.772659994777998904e-01
1.196505014550800050e+00 5.117372735014845686e-01 -5.061080150481640505e-01 -7.569487561744517312e-02
1.227184630308512991e+00 5.603084051242324115e-01 -5.572337549042597482e-01 5.861784069854739099e-02
1.257864246066225711e+00 6.056459183168522165e-01 -5.668866998851872507e-01 2.131817249839791650e-01
1.288543861823938652e+00 6.481613049373364799e-01 -5.304383644005093990e-01 3.724892196966018143e-01
1.319223477581651371e+00 6.895415723185855938e-01 -4.499804970898572676e-01 5.224797911827329111e-01
1.349903093339364313e+00 7.326557436046112759e-01 -3.312092464945062820e-01 6.535173093907821196e-01
1.380582709097077032e+00 7.811688277087855958e-01 -1.792026135430563327e-01 7.603362155541825151e-01
1.411262324854789973e+00 8.388297558554768107e-01 4.523548835504093493e-03 8.388175587185164872e-01
1.441941940612502693e+00 9.085706443417442824e-01 2.216155271888146094e-01 8.811283526640123487e-01
1.472621556370215412e+00 9.917226137073020809e-01 4.724648109785593575e-01 8.719465264139979466e-01
1.503301172127928353e+00 1.087640709367577285e+00 7.490798957551914050e-01 7.885693517053515844e-01
1.533980787885641073e+00 1.193810127071340377e+00 1.028299747767130956e+00 6.064505323933226943e-01
1.564660403643354014e+00 1.306276724443485415e+00 1.269088026971159966e+00 3.094744910671148874e-01
1.595340019401066733e+00 1.420181750575563395e+00 1.416788079270114187e+00 -9.812106351834942730e-02
1.626019635158779675e+00 1.530255726966073260e+00 1.414924644854370861e+00 -5.828128681628416130e-01
1.656699250916492394e+00 1.631221796840031768e+00 1.222138659845835917e+00 -1.080398836817333175e+00
1.687378866674205335e+00 1.718112461182043971e+00 8.292548557594771053e-01 -1.504741444058861788e+00
1.718058482431918055e+00 1.786518090534817027e+00 2.704027044949355862e-01 -1.765935804385310393e+00
1.748738098189630996e+00 1.832782028038980826e+00 -3.768316062032430747e-01 -1.793624236809082451e+00
1.779417713947343715e+00 1.854149843051839053e+00 -1.004183195622794456e+00 -1.558681413925870896e+00
1.810097329705056657e+00 1.848874877439304898e+00 -1.496224048558252306e+00 -1.086117815405933662e+00
1.840776945462769376e+00 1.816279554909201011e+00 -1.758585269189882450e+00 -4.541467522393114464e-01
1.871456561220482318e+00 1.756771401657787779e+00 -1.742738591630872191e+00 2.216031563924862891e-01
1.902136176978195037e+00 1.671813567874141038e+00 -1.459673449739290030e+00 8.150546152585513848e-01
1.932815792735907978e+00 1.563851229239834995e+00 -9.778832351475910123e-01 1.220399543433307032e+00
1.963495408493620697e+00 1.436197167905547190e+00 -4.058110121527074288e-01 1.377671850447525603e+00
1.994175024251333417e+00 1.292881817241606779e+00 1.362589976773018741e-01 1.285681484235476013e+00
2.024854640009046136e+00 1.138474955776739517e+00 5.465839095057112296e-01 9.986847624752775987e-01
2.055534255766759077e+00 9.778880332804963382e-01 7.657208495507709101e-01 6.082241249707569519e-01
2.086213871524472019e+00 8.161680147147553077e-01 7.870354479965185890e-01 2.161143952640459664e-01
2.116893487282184960e+00 6.582964303789050620e-01 6.517022012634047234e-01 -9.294316068458920166e-02
2.147573103039897457e+00 5.090136733751775555e-01 4.308903701513484008e-01 -2.709767676272744619e-01
2.178252718797610399e+00 3.727080791533491366e-01 2.016736505269514090e-01 -3.134310944199892868e-01
2.208932334555323340e+00 2.534823460526079431e-01 2.467813745085258720e-02 -2.522781982104099763e-01
2.239611950313036282e+00 1.558387597671041513e-01 -6.979995939358181467e-02 -1.393329993734561401e-01
2.270291566070748779e+00 8.797118803769296558e-02 -8.392321098799729318e-02 -2.637848711028028398e-02
2.300971181828461720e+00 6.711622819851882638e-02 -4.368473474570442466e-02 5.095323383057348554e-02
2.331650797586174662e+00 8.224762668243308650e-02 1.592875697325961404e-02 8.069043807155662495e-02
2.362330413343887603e+00 9.767772938625125800e-02 6.581934831620904480e-02 7.217168562035450319e-02
2.393010029101600100e+00 1.032532282059748230e-01 9.229782152518622995e-02 4.628543266147548685e-02
2.423689644859313042e+00 1.011863311206180338e-01 9.849466959818455047e-02 2.318347830666952700e-02
2.454369260617025983e+00 9.916194820603632665e-02 9.834276271817009307e-02 1.271978745790690313e-02
2.485048876374738480e+00 1.072374349478846106e-01 1.066518355444007332e-01 1.119166784763938119e-02
2.515728492132451422e+00 1.301036049206402145e-01 1.300058704469048143e-01 5.041989953246445513e-03
2.546408107890164363e+00 1.637671435263017838e-01 1.624463714542636605e-01 -2.075701568404559813e-02
2.577087723647877304e+00 2.015602766432136594e-01 1.875950718027254716e-01 -7.371997121417706023e-02
2.607767339405589802e+00 2.379522766061991645e-01 1.860327866493419746e-01 -1.483680836081450738e-01
2.638446955163302743e+00 2.688561258867873116e-01 1.445524497932576258e-01 -2.266896682374822114e-01
2.669126570921015684e+00 2.913173960647272853e-01 6.319684840984822471e-02 -2.843799985951822595e-01
2.699806186678728626e+00 3.033224200652988589e-01 -4.300520884233281077e-02 -3.002582930190221266e-01
2.730485802436441123e+00 3.037087591864193747e-01 -1.484485559930517617e-01 -2.649566693445029042e-01
2.761165418194154064e+00 2.921104642058136025e-01 -2.258177908569964087e-01 -1.852966503501931039e-01
2.791845033951867006e+00 2.689018289238119808e-01 -2.559227829115980901e-01 -8.253316173123438626e-02
2.822524649709579947e+00 2.351245753114584169e-01 -2.346523229877057193e-01 1.489473839539047495e-02
2.853204265467292444e+00 1.923947284587970430e-01 -1.743677605958376120e-01 8.131184171771604907e-02
2.883883881225005386e+00 1.427934058116551164e-01 -9.925986692037394588e-02 1.026520119736660380e-01
2.914563496982718327e+00 8.876501537792060026e-02 -3.652407023810576303e-02 8.090253548736527078e-02
2.945243112740430824e+00 3.330945955647281881e-02 -6.753796279230076839e-03 3.261757703697434896e-02
2.975922728498143766e+00 2.465560326020062656e-02 -1.713339520603020597e-02 -1.772979246461720351e-02
3.006602344255856707e+00 7.598820940467171381e-02 -5.981107871312075358e-02 -4.687048998784963671e-02
3.037281960013569648e+00 1.227636915661187433e-01 -1.157698683563164327e-01 -4.084435759933431609e-02
3.067961575771282146e+00 1.624290691717138746e-01 -1.624269122190828973e-01 8.370776330489149196e-04
3.098641191528995087e+00 1.935725672450572254e-01 -1.818883351739334076e-01 6.623422315915741820e-02
3.129320807286708028e+00 2.154440221590766813e-01 -1.667349250241735859e-01 1.364389660663841708e-01
3.160000423044420970e+00 2.280145091333906360e-01 -1.213696773307882254e-01 1.930285414128217469e-01
3.190680038802133467e+00 2.320720888671046200e-01 -5.880760722575292115e-02 2.244974827554261920e-01
3.221359654559846408e+00 2.293342010538787223e-01 5.429133293317854429e-03 2.292699288714162287e-01
3.252039270317559350e+00 2.225543395798736390e-01 5.962826459903405180e-02 2.144175928573522627e-01
3.282718886075272291e+00 2.155080757364067900e-01 9.983868930157985266e-02 1.909868236977395606e-01
3.313398501832984788e+00 2.125495606077023869e-01 1.300068072151638054e-01 1.681533401162361163e-01
3.344078117590697730e+00 2.173853449208925093e-01 1.585001477987726948e-01 1.487753048531328670e-01
3.374757733348410671e+00 2.314631563494251310e-01 1.927108417237464733e-01 1.282096885159759170e-01
3.405437349106123612e+00 2.533982854521435457e-01 2.341709804934290484e-01 9.682273991595206908e-02
3.436116964863836110e+00 2.799860747731026112e-01 2.763352416931301736e-01 4.506701970675162233e-02
3.466796580621549051e+00 3.076138058996387148e-01 3.060420205550115069e-01 -3.105696757036189096e-02
3.497476196379261992e+00 3.330881485392612751e-01 3.081389382828366719e-01 -1.264836329777064838e-01
3.528155812136974490e+00 3.539027253460224065e-01 2.714698073878594187e-01 -2.270490754972163683e-01
3.558835427894687431e+00 3.682574239520653991e-01 1.938692120682155573e-01 -3.130946484816699571e-01
3.589515043652400372e+00 3.750102034325610845e-01 8.419151438509681062e-02 -3.654373292153866304e-01
3.620194659410113314e+00 3.736208336050423351e-01 -3.946265002969874536e-02 -3.715309227458197250e-01
3.650874275167825811e+00 3.640975251586942019e-01 -1.547284795027916160e-01 -3.295847470036198934e-01
3.681553890925538752e+00 3.469456050192613605e-01 -2.414034379846606571e-01 -2.491899535923697839e-01
3.712233506683251694e+00 3.231178307354609647e-01 -2.870752837962595727e-01 -1.483000808242767310e-01
3.742913122440964635e+00 2.939697936335067263e-01 -2.900715806747602987e-01 -4.771496257750344749e-02
3.773592738198677132e+00 2.612288425565670313e-01 -2.588792406055847595e-01 3.495778835852559469e-02
3.804272353956390074e+00 2.269896972695982784e-01 -2.084625817239957879e-01 8.982023540110677107e-02
3.834951969714103015e+00 1.937469356328065107e-01 -1.549556496742251488e-01 1.163040055249245225e-01
3.865631585471815956e+00 1.644300766410137504e-01 -1.106522491891895610e-01 1.216278333834125147e-01
3.896311201229528454e+00 1.422287515978420125e-01 -8.094509528708355994e-02 1.169483190560925007e-01
3.926990816987241395e+00 1.296883556008453509e-01 -6.402788735636476269e-02 1.127807573087358933e-01
3.957670432744954336e+00 1.270033356423222737e-01 -5.312164915073173954e-02 1.153600349158361293e-01
3.988350048502666834e+00 1.313737136745095346e-01 -4.012067748946328283e-02 1.250974975066187767e-01
4.019029664260379775e+00 1.387423334140507891e-01 -1.917221965573577547e-02 1.374112843788596883e-01
4.049709280018092272e+00 1.457438825213457634e-01 1.109957228553318416e-02 1.453206068920511462e-01
4.080388895775805658e+00 1.502855551398546985e-01 4.736999934136863766e-02 1.426247918354065225e-01
4.111068511533518155e+00 1.513492565176996762e-01 8.322479436259384855e-02 1.264129386248275810e-01
4.141748127291231540e+00 1.486876343195326078e-01 1.117810751134633573e-01 9.804592722809712946e-02
4.172427743048944038e+00 1.426027615006790206e-01 1.282146437939732098e-01 6.242237342815563916e-02
4.203107358806656535e+00 1.338055973672774568e-01 1.312543083328346627e-01 2.600470016906827192e-02
4.233786974564369920e+00 1.233250256689685381e-01 1.232019783243383515e-01 -5.507675845673228564e-03
4.264466590322082418e+00 1.124340007960257931e-01 1.086453992665228074e-01 -2.894100470299148381e-02
4.295146206079794915e+00 1.025450568003881541e-01 9.250668396819404504e-02 -4.424931745692246149e-02
4.325825821837508300e+00 9.499901348869151108e-02 7.824782202265204156e-02 -5.387105820880040002e-02
4.356505437595220798e+00 9.069726515909883047e-02 6.689857988935545008e-02 -6.124192939585924172e-02
4.387185053352934183e+00 8.972304258356826601e-02 5.717822923097778953e-02 -6.914386793102161866e-02
4.417864669110646680e+00 9.130005139284995408e-02 4.652720845105058622e-02 -7.855519243238814897e-02
4.448544284868359178e+00 9.419132663021721752e-02 3.253035228363560655e-02 -8.839560052775720378e-02
4.479223900626072563e+00 9.719425967818304257e-02 1.411688485432761354e-02 -9.616359849963880546e-02
4.509903516383785060e+00 9.942613760426442793e-02 -7.922539003106186459e-03 -9.910999048857983829e-02
4.540583132141497558e+00 1.003977411043036200e-01 -3.124019312444901650e-02 -9.541360884273220044e-02
4.571262747899210943e+00 9.998669957892174220e-02 -5.285002490967372762e-02 -8.487764699691205394e-02
4.601942363656923440e+00 9.838296310873499706e-02 -7.022273934731203260e-02 -6.890554628340293808e-02
4.632621979414635938e+00 9.602716626322400917e-02 -8.208460890293413359e-02 -4.983305772072603446e-02
4.663301595172349323e+00 9.353427745157946727e-02 -8.860779379316881255e-02 -2.995529898859837850e-02
4.693981210930061820e+00 9.158394557347612763e-02 -9.095751392895333465e-02 -1.069344409765625448e-02
4.724660826687775206e+00 9.076810574267615839e-02 -9.043770411045892743e-02 7.737615610943852570e-03
4.755340442445487703e+00 9.142451994662627313e-02 -8.764111455518558413e-02 2.602840538711317930e-02
4.786020058203200200e+00 9.353014671212345199e-02 -8.200115402907759421e-02 4.498554303207677463e-02
4.816699673960913586e+00 9.671788855508374472e-02 -7.197015864645549266e-02 6.461150231156698176e-02
4.847379289718626083e+00 1.004003983884789175e-01 -5.578430315308400417e-02 8.347665253404752683e-02
4.878058905476338580e+00 1.039219341087884996e-01 -3.252420523447885348e-02 9.870128906340015773e-02
4.908738521234051966e+00 1.066737892948727007e-01 -3.040047814019972670e-03 1.066304620257052388e-01
4.939418136991764463e+00 1.081575063813242366e-01 2.966499723384813381e-02 1.040097789909293913e-01
4.970097752749476960e+00 1.080090806353546790e-01 6.081694062002185319e-02 8.925951620592217917e-02
5.000777368507190346e+00 1.060013024539196991e-01 8.496858864921251475e-02 6.337677070416473935e-02
5.031456984264902843e+00 1.020356679394858884e-01 9.749548065559562882e-02 3.009831861734816108e-02
5.062136600022616229e+00 9.612965999990115418e-02 9.600957177687950705e-02 -4.803504857582440932e-03
5.092816215780328726e+00 8.840191522075867281e-02 8.121022572068026246e-02 -3.492560454873136488e-02
5.123495831538041223e+00 7.905628844403471411e-02 5.685894025487355646e-02 -5.492683911931520863e-02
5.154175447295754608e+00 6.836526901737634276e-02 2.884312458492715656e-02 -6.198293452230708295e-02
5.184855063053467106e+00 5.665306761390805773e-02 3.591674246968596610e-03 -5.653910103786317226e-02
5.215534678811179603e+00 4.427875107770514601e-02 -1.367931244126626388e-02 -4.211275588388383589e-02
5.246214294568892988e+00 3.162010593377739126e-02 -2.035166660365447799e-02 -2.420001582059399386e-02
5.276893910326605486e+00 1.906069395824605897e-02 -1.699749071495638281e-02 -8.625274695039536824e-03
5.307573526084318871e+00 7.010109502350209652e-03 -7.008469505881574288e-03 1.516259214936150691e-04
5.338253141842031368e+00 4.607636090301393990e-03 4.600898284799922328e-03 2.490889671845113108e-04
5.368932757599743866e+00 1.473354109458697124e-02 1.282012863255627133e-02 -7.260959649426092753e-03
5.399612373357457251e+00 2.362626502080916041e-02 1.417776486485907914e-02 -1.889950746104981927e-02
5.430291989115169748e+00 3.100908088660589423e-02 7.709554805494863924e-03 -3.003541013758823444e-02
5.460971604872882246e+00 3.674760435475894066e-02 -4.914800737113709898e-03 -3.641745679654696810e-02
5.491651220630595631e+00 4.077924520233884575e-02 -2.009758081865880078e-02 -3.548287029694685568e-02
5.522330836388308128e+00 4.310874831377873445e-02 -3.357391650935118155e-02 -2.703990220773435163e-02
5.553010452146020626e+00 4.380523905334264556e-02 -4.178513145571970816e-02 -1.314921129759192425e-02
5.583690067903734011e+00 4.299788329680996612e-02 -4.291318999157971853e-02 2.697423354364558538e-03
5.614369683661446508e+00 4.087019991379716582e-02 -3.726798187926030209e-02 1.677709055947639027e-02
5.645049299419159894e+00 3.765373594928373563e-02 -2.695778829242352279e-02 2.628842865823774813e-02
5.675728915176872391e+00 3.362239980654462695e-02 -1.501989863547916609e-02 3.008103079568689303e-02
5.706408530934584888e+00 2.908965908109298684e-02 -4.356587771393497129e-03 2.876157868484204710e-02
5.737088146692298274e+00 2.441218341038391831e-02 3.142832811528375667e-03 2.420903345408495153e-02
5.767767762450010771e+00 2.000387821104960065e-02 7.014387005142928150e-03 1.873375345264763001e-02
5.798447378207723268e+00 1.635267275572815232e-02 8.079014684951034073e-03 1.421757461651878759e-02
5.829126993965436654e+00 1.397089591526271511e-02 7.869330631703324100e-03 1.154381081290057308e-02
5.859806609723149151e+00 1.312333576550309827e-02 7.888594310455189842e-03 1.048770811088804190e-02
5.890486225480861648e+00 1.349045470676067844e-02 9.000805748450788069e-03 1.004877425728215902e-02
5.921165841238575034e+00 1.437020327522720541e-02 1.116940778115448063e-02 9.041408739219596036e-03
5.951845456996287531e+00 1.515665594075964705e-02 1.360517230122623537e-02 6.680082780962462614e-03
5.982525072754000917e+00 1.549593203775183337e-02 1.521753692233865363e-02 2.924120335397207941e-03
