# r  chir_mag  chir_re  chir_im
0.000000000000000000e+00 6.903571304118658047e-02 -6.903571304118658047e-02 0.000000000000000000e+00
3.067961575771282340e-02 6.754155780798012931e-02 -6.550045146543397034e-02 1.647886188281979039e-02
6.135923151542564680e-02 6.320558219430844060e-02 -5.605830652668424008e-02 2.919609374354366696e-02
9.203884727313846326e-02 5.651336289451387718e-02 -4.381084202897856522e-02 3.569832357911088133e-02
1.227184630308512936e-01 4.846572620497473921e-02 -3.274364585771767644e-02 3.573206224834977324e-02
1.533980787885641239e-01 4.098568195092364141e-02 -2.632547234250673732e-02 3.141330340677625510e-02
1.840776945462769265e-01 3.732304822002403821e-02 -2.620667039400688403e-02 2.657480677811454098e-02
2.147573103039897569e-01 4.047379548680685862e-02 -3.147183481187291326e-02 2.544900262646949615e-02
2.454369260617025872e-01 4.969073513790377150e-02 -3.876454932131041115e-02 3.108824334794420621e-02
2.761165418194154175e-01 6.180486822347414783e-02 -4.333346192851685735e-02 4.406872829355056725e-02
3.067961575771282479e-01 7.417025793698941993e-02 -4.071647406034473865e-02 6.199512805481423305e-02
3.374757733348410782e-01 8.501084056473103001e-02 -2.849687683788168155e-02 8.009226569406513452e-02
3.681553890925538530e-01 9.308614225409657383e-02 -7.455535900641798233e-03 9.278709427600448367e-02
3.988350048502666834e-01 9.752890483066882499e-02 1.841269657565737863e-02 9.577504832826988501e-02
4.295146206079795137e-01 9.783309543566420796e-02 4.316360218387559761e-02 8.779645783877564058e-02
4.601942363656923440e-01 9.393575134401181692e-02 6.108588745549715232e-02 7.136133220686365075e-02
4.908738521234051744e-01 8.640303707735345895e-02 6.900527413620627382e-02 5.199766300111511447e-02
5.215534678811180047e-01 7.680639036556749510e-02 6.775861082206421915e-02 3.616617564039610599e-02
5.522330836388308350e-01 6.837361790154382335e-02 6.211813455919266980e-02 2.857077149522476572e-02
5.829126993965436654e-01 6.618262738764668640e-02 5.902121651067070152e-02 2.994388367484442093e-02
6.135923151542564957e-01 7.417090982240494290e-02 6.467429290505948003e-02 3.631197737818610272e-02
6.442719309119693261e-01 9.102434835073988650e-02 8.165455922691708390e-02 4.022393504040517459e-02
6.749515466696821564e-01 1.124107903110850570e-01 1.072631522899446521e-01 3.362739863841502502e-02
7.056311624273949867e-01 1.344561446097490565e-01 1.339783706558651255e-01 1.132479667443810761e-02
7.363107781851077061e-01 1.543126130645837701e-01 1.520326272651811028e-01 -2.642844675092470216e-02
7.669903939428205364e-01 1.698838920239653660e-01 1.532101326078460779e-01 -7.339749338701247183e-02
7.976700097005333667e-01 1.796905398823189504e-01 1.343344003920089458e-01 -1.193438686926089065e-01
8.283496254582461971e-01 1.829181852822220344e-01 9.889759997679192782e-02 -1.538776371854330138e-01
8.590292412159590274e-01 1.796093339951896628e-01 5.595026255515869740e-02 -1.706724376640950391e-01
8.897088569736718577e-01 1.710207191525613957e-01 1.649431633664418320e-02 -1.702234528731161323e-01
9.203884727313846881e-01 1.601946854606040582e-01 -1.124923620668876779e-02 -1.597992238234841600e-01
9.510680884890975184e-01 1.525346258944601796e-01 -2.569683060646375111e-02 -1.503545310043752359e-01
9.817477042468103487e-01 1.550693134161023612e-01 -3.308049352722280262e-02 -1.514997455817558569e-01
1.012427320004523068e+00 1.726046198065129544e-01 -4.516459227492926332e-02 -1.665908592426075252e-01
1.043106935762236009e+00 2.041057794362206579e-01 -7.418346820162892430e-02 -1.901472646262497845e-01
1.073786551519948729e+00 2.445334722975899822e-01 -1.269829170751873570e-01 -2.089783669306282676e-01
1.104466167277661670e+00 2.883679960274856402e-01 -2.008887683483765729e-01 -2.068811346749149238e-01
1.135145783035374389e+00 3.309890882958921865e-01 -2.832922022696182096e-01 -1.711703966933991183e-01
1.165825398793087331e+00 3.688185508850619909e-01 -3.554695131016353260e-01 -9.832877875903565934e-02
1.196505014550800050e+00 3.993290747374397265e-01 -3.993110855238463097e-01 3.790370486799720696e-03
1.227184630308512991e+00 4.212097997660929627e-01 -4.042085352490157324e-01 1.184616201595999202e-01
1.257864246066225711e+00 4.347119806615142856e-01 -3.710205222475533859e-01 2.265353795807831527e-01
1.288543861823938652e+00 4.421423861852084580e-01 -3.110669208893699911e-01 3.142089438414452096e-01
1.319223477581651371e+00 4.483591715962965685e-01 -2.401714388574103520e-01 3.786074836974019919e-01
1.349903093339364313e+00 4.608018694415313976e-01 -1.700730543847603360e-01 4.282680457996470014e-01
1.380582709097077032e+00 4.881944748524759126e-01 -1.010563362724177794e-01 4.776206257854457293e-01
1.411262324854789973e+00 5.375925510305555877e-01 -1.963772741193675619e-02 5.372337578611706688e-01
1.441941940612502693e+00 6.115181204029010997e-01 9.659589770561428923e-02 6.038407440108224389e-01
1.472621556370215412e+00 7.075936782177316697e-01 2.678262366254633431e-01 6.549487922187048339e-01
1.503301172127928353e+00 8.203476019768856098e-01 4.983482296309511561e-01 6.516281378922517131e-01
1.533980787885641073e+00 9.431231973172854444e-01 7.660479080110038641e-01 5.501381353350666137e-01
1.564660403643354014e+00 1.069149495754709189e+00 1.020330022864425645e+00 3.193857991740230995e-01
1.595340019401066733e+00 1.191984130105872453e+00 1.191252881807258523e+00 -4.174611371319572606e-02
1.626019635158779675e+00 1.305697487480738994e+00 1.208586698081659305e+00 -4.941296611554371609e-01
1.656699250916492394e+00 1.404989973262270819e+00 1.025431423684284749e+00 -9.604619827397321563e-01
1.687378866674205335e+00 1.485303124143374287e+00 6.385097964729914422e-01 -1.341055781986001838e+00
1.718058482431918055e+00 1.542930936019260679e+00 9.742521449759249108e-02 -1.539852006169868837e+00
1.748738098189630996e+00 1.575121671252028843e+00 -5.017701210159226655e-01 -1.493062297730222365e+00
1.779417713947343715e+00 1.580158326925440004e+00 -1.038312001985934430e+00 -1.191137491931039349e+00
1.810097329705056657e+00 1.557408157544796445e+00 -1.398067646058064772e+00 -6.862412303503331312e-01
1.840776945462769376e+00 1.507334934032068308e+00 -1.505116252394015808e+00 -8.175371632441713610e-02
1.871456561220482318e+00 1.431471087815833876e+00 -1.343579571889053081e+00 4.938657806075209544e-01
1.902136176978195037e+00 1.332350403087517066e+00 -9.625080859154351298e-01 9.212685716743381770e-01
1.932815792735907978e+00 1.213405682098699589e+00 -4.619636393076910208e-01 1.122026267654640863e+00
1.963495408493620697e+00 1.078840416879675246e+00 3.548924184975497942e-02 1.078256536639607299e+00
1.994175024251333417e+00 9.334905109426964165e-01 4.189655380633042214e-01 8.341896738364618091e-01
2.024854640009046136e+00 7.827057240517323322e-01 6.184922427040379089e-01 4.796828078827466979e-01
2.055534255766759077e+00 6.323128868834276828e-01 6.205332809776462621e-01 1.214826494523884304e-01
2.086213871524472019e+00 4.888103820186245896e-01 4.657870010881640654e-01 -1.482499888245810971e-01
2.116893487282184960e+00 3.601866766201882175e-01 2.311453517974903504e-01 -2.762358925938308563e-01
2.147573103039897457e+00 2.582199252213543406e-01 2.709169578715258861e-03 -2.582057129141715479e-01
2.178252718797610399e+00 2.010870124082795585e-01 -1.508334026408525430e-01 -1.329859812426484322e-01
2.208932334555323340e+00 1.993059494955318756e-01 -1.960428356733897315e-01 3.591751780749639217e-02
2.239611950313036282e+00 2.305322310141242337e-01 -1.390376492007086573e-01 1.838848597386153194e-01
2.270291566070748779e+00 2.660721052559123501e-01 -1.654353502886628594e-02 2.655572944659249646e-01
2.300971181828461720e+00 2.921717567378928071e-01 1.215804805698760538e-01 2.656737137537403814e-01
2.331650797586174662e+00 3.044352455290668669e-01 2.312144171822698990e-01 1.980421975423583281e-01
2.362330413343887603e+00 3.027190400642515988e-01 2.875043906673209748e-01 9.476308650753431650e-02
2.393010029101600100e+00 2.892065290963251600e-01 2.890674708330951415e-01 -8.967372976588358288e-03
2.423689644859313042e+00 2.677695916216497052e-01 2.528166463116988116e-01 -8.822866623116570883e-02
2.454369260617025983e+00 2.437720389393154830e-01 2.028536950844698761e-01 -1.351857439200156996e-01
2.485048876374738480e+00 2.237422413592229653e-01 1.586881085190175178e-01 -1.577297523712800076e-01
2.515728492132451422e+00 2.139739651887151983e-01 1.276263496073496706e-01 -1.717450804666149911e-01
2.546408107890164363e+00 2.175495183150586986e-01 1.039089547822137777e-01 -1.911301180745251238e-01
2.577087723647877304e+00 2.322869294665352580e-01 7.411424306106922932e-02 -2.201460800842837684e-01
2.607767339405589802e+00 2.525417857018202317e-01 2.578157864175205372e-02 -2.512223392300200198e-01
2.638446955163302743e+00 2.724722492245985617e-01 -4.487914575732743910e-02 -2.687507932520465936e-01
2.669126570921015684e+00 2.876559336976511339e-01 -1.296129813228463767e-01 -2.568003334578655150e-01
2.699806186678728626e+00 2.952656006733875294e-01 -2.104193738618267973e-01 -2.071363368523570225e-01
2.730485802436441123e+00 2.938113508252068184e-01 -2.663642664947347694e-01 -1.239967233778968281e-01
2.761165418194154064e+00 2.828686771933626165e-01 -2.818808793600818263e-01 -2.361902598139448833e-02
2.791845033951867006e+00 2.628616137409238163e-01 -2.530359663230310474e-01 7.119710475470555910e-02
2.822524649709579947e+00 2.348850382568432316e-01 -1.892247533467103227e-01 1.391580896599093065e-01
2.853204265467292444e+00 2.005472911587757312e-01 -1.097368538126094056e-01 1.678601766543594553e-01
2.883883881225005386e+00 1.618261112487774378e-01 -3.673826898925344059e-02 1.576007292926493442e-01
2.914563496982718327e+00 1.209479887390349090e-01 1.242607076760615138e-02 1.203079745706665954e-01
2.945243112740430824e+00 8.035337192651484384e-02 3.059993098667486422e-02 7.429877928722355973e-02
2.975922728498143766e+00 4.318436105152077126e-02 2.196119517871937890e-02 3.718326163410489577e-02
3.006602344255856707e+00 1.983752665714425337e-02 -1.139051112920672895e-03 1.980479806600064785e-02
3.037281960013569648e+00 3.357378092758241117e-02 -2.400915299757977461e-02 2.346826235817434450e-02
3.067961575771282146e+00 5.442403442756851839e-02 -3.555296084300576392e-02 4.120634051537289816e-02
3.098641191528995087e+00 6.985677409823817796e-02 -3.192230029577067252e-02 6.213642757062012856e-02
3.129320807286708028e+00 7.856291545129676090e-02 -1.664528169396400567e-02 7.677933499019244656e-02
3.160000423044420970e+00 8.103517317882218129e-02 2.436643270543561567e-03 8.099853123170701330e-02
3.190680038802133467e+00 7.902252903230828907e-02 1.777066760070051057e-02 7.699846406057343773e-02
3.221359654559846408e+00 7.581865053929166820e-02 2.604981710872694353e-02 7.120305329268619698e-02
3.252039270317559350e+00 7.625552586496507634e-02 2.977097539971393023e-02 7.020394752926636950e-02
3.282718886075272291e+00 8.468392682574037156e-02 3.579236603061448918e-02 7.674812047573452423e-02
3.313398501832984788e+00 1.017135508168685309e-01 5.163941659230874420e-02 8.763000099156501022e-02
3.344078117590697730e+00 1.246092593660939746e-01 8.127597050926627098e-02 9.445466710302545532e-02
3.374757733348410671e+00 1.500290358119764633e-01 1.222546442799445909e-01 8.696271349639184134e-02
3.405437349106123612e+00 1.752428767120028374e-01 1.655385874175555050e-01 5.750688579725523469e-02
3.436116964863836110e+00 1.982005552955024563e-01 1.981424964504510111e-01 4.797001128678477985e-03
3.466796580621549051e+00 2.174048914540799293e-01 2.075705251132530516e-01 -6.464800021940869668e-02
3.497476196379261992e+00 2.318272872623123593e-01 1.863149071359082309e-01 -1.379516092633231716e-01
3.528155812136974490e+00 2.408636393755736738e-01 1.346912525773162894e-01 -1.996836479344265280e-01
3.558835427894687431e+00 2.443052064388138434e-01 6.098323787115308980e-02 -2.365715084110125987e-01
3.589515043652400372e+00 2.423086893902265671e-01 -2.106587906447400863e-02 -2.413912378137413883e-01
3.620194659410113314e+00 2.353580949403005496e-01 -9.639026143705295424e-02 -2.147145788110907394e-01
3.650874275167825811e+00 2.242154645299847537e-01 -1.528170020989280398e-01 -1.640717477321829709e-01
3.681553890925538752e+00 2.098594308222182792e-01 -1.839180636507291022e-01 -1.010699093102975649e-01
3.712233506683251694e+00 1.934106003861434109e-01 -1.897023853252142178e-01 -3.769171452258981980e-02
3.742913122440964635e+00 1.760414995455293063e-01 -1.752328400933738928e-01 1.685411863755132203e-02
3.773592738198677132e+00 1.588675692345056512e-01 -1.479988673004207500e-01 5.775153532394521061e-02
3.804272353956390074e+00 1.428181325592320083e-01 -1.152064180347691785e-01 8.440675465449654080e-02
3.834951969714103015e+00 1.284989212117729762e-01 -8.197809595781310743e-02 9.895233466533789879e-02
3.865631585471815956e+00 1.160835354147033288e-01 -5.091660776054150045e-02 1.043210728881554805e-01
3.896311201229528454e+00 1.052931780246342958e-01 -2.284167189002580048e-02 1.027857546734747551e-01
3.926990816987241395e+00 9.550452646936312406e-02 1.953917606187941317e-03 9.548453687443589355e-02
3.957670432744954336e+00 8.595625152172933769e-02 2.269380548803989761e-02 8.290638315677392733e-02
3.988350048502666834e+00 7.596629116788922165e-02 3.786937136715634589e-02 6.585429451494353992e-02
4.019029664260379775e+00 6.508385437476459090e-02 4.581297347357507488e-02 4.622855785967230902e-02
4.049709280018092272e+00 5.316002745807035801e-02 4.571740996472905411e-02 2.712760486035740298e-02
4.080388895775805658e+00 4.037848577674828243e-02 3.850763453690111277e-02 1.214842360125476146e-02
4.111068511533518155e+00 2.737519135903179399e-02 2.705323871201631078e-02 4.186093302145928174e-03
4.141748127291231540e+00 1.611538988276449771e-02 1.553453296734737601e-02 4.287665630609030672e-03
4.172427743048944038e+00 1.378799796843352063e-02 8.177543277739052902e-03 1.110120146282517206e-02
4.203107358806656535e+00 2.260950536828520291e-02 7.865934226616976693e-03 2.119709441742082326e-02
4.233786974564369920e+00 3.376860395955370853e-02 1.519396212391590888e-02 3.015728980452645619e-02
4.264466590322082418e+00 4.425999821611364266e-02 2.833069226887603015e-02 3.400469552365717463e-02
4.295146206079794915e+00 5.326178061442819744e-02 4.372039850031923802e-02 3.041946793079658429e-02
4.325825821837508300e+00 6.047071253036851585e-02 5.730661249242852834e-02 1.930438392109682863e-02
4.356505437595220798e+00 6.583271812771193665e-02 6.578320797682118970e-02 2.552709219840815051e-03
4.387185053352934183e+00 6.947505183898054770e-02 6.741342174210729343e-02 -1.679920822687219067e-02
4.417864669110646680e+00 7.166760728074079989e-02 6.218293256581289979e-02 -3.563044808674255964e-02
4.448544284868359178e+00 7.277886000685800105e-02 5.135230182498472934e-02 -5.157231390168085655e-02
4.479223900626072563e+00 7.321729157100044516e-02 3.671003699604465098e-02 -6.334938806919862553e-02
4.509903516383785060e+00 7.335976444430171439e-02 1.990267740984562328e-02 -7.060834562035181450e-02
4.540583132141497558e+00 7.347929782595533088e-02 2.115560682557470016e-03 -7.344883669598764597e-02
4.571262747899210943e+00 7.369413411317034257e-02 -1.583745730873591800e-02 -7.197221928413700953e-02
4.601942363656923440e+00 7.395869149735805059e-02 -3.317336568072858788e-02 -6.610155714817951556e-02
4.632621979414635938e+00 7.410075038510494094e-02 -4.882034389068343194e-02 -5.574491214479612711e-02
4.663301595172349323e+00 7.388873991355088267e-02 -6.135506047261441581e-02 -4.117162178508636250e-02
4.693981210930061820e+00 7.310419262394340922e-02 -6.927484272227556195e-02 -2.334992815840351496e-02
4.724660826687775206e+00 7.160050474064097448e-02 -7.148805709000705111e-02 -4.011230809919056478e-03
4.755340442445487703e+00 6.934053929107589220e-02 -6.777493990911626076e-02 1.465154973007701256e-02
4.786020058203200200e+00 6.641329655729105719e-02 -5.896926368988803652e-02 3.055080849141541752e-02
4.816699673960913586e+00 6.303152279762258559e-02 -4.673934088815776683e-02 4.228955993537647506e-02
4.847379289718626083e+00 5.950937708453235553e-02 -3.304153572027985347e-02 4.949366503134047801e-02
4.878058905476338580e+00 5.621507280403043039e-02 -1.948448385824063864e-02 5.273034514528044531e-02
4.908738521234051966e+00 5.349339570588280274e-02 -6.895155572424167129e-03 5.304715085448254847e-02
4.939418136991764463e+00 5.156646968649297030e-02 4.710351994147083873e-03 5.135088490006022716e-02
4.970097752749476960e+00 5.044926505446259424e-02 1.573927651297228961e-02 4.793123740718175513e-02
5.000777368507190346e+00 4.993102764299849061e-02 2.641066333977629133e-02 4.237433637756320842e-02
5.031456984264902843e+00 4.963983422724160821e-02 3.623350525845878828e-02 3.393001972874856026e-02
5.062136600022616229e+00 4.915045939264373748e-02 4.386403636115625976e-02 2.217462452027276626e-02
5.092816215780328726e+00 4.807982698548038392e-02 4.746709422306899517e-02 7.651452736050692177e-03
5.123495831538041223e+00 4.614378761558889791e-02 4.547143696285927544e-02 -7.848411052263399787e-03
5.154175447295754608e+00 4.317919609956757249e-02 3.740835241731160776e-02 -2.156520682087533988e-02
5.184855063053467106e+00 3.914526321385775748e-02 2.445016001609360418e-02 -3.057026835455690233e-02
5.215534678811179603e+00 3.411632267057352480e-02 9.359892924222821403e-03 -3.280725342069604894e-02
5.246214294568892988e+00 2.827618723324038658e-02 -4.207486145728796950e-03 -2.796139883451410554e-02
5.276893910326605486e+00 2.193123805453142325e-02 -1.284149065225516709e-02 -1.777850726108833046e-02
5.307573526084318871e+00 1.560124935260626122e-02 -1.454122446685938638e-02 -5.652589881338222419e-03
5.338253141842031368e+00 1.044085710484452846e-02 -9.460942577940131479e-03 4.416113972793502158e-03
5.368932757599743866e+00 9.137213643962147427e-03 7.114056255999777153e-05 9.136936696495531404e-03
5.399612373357457251e+00 1.247643764263523490e-02 1.029927591918020947e-02 7.041761980581287723e-03
5.430291989115169748e+00 1.732965181594931653e-02 1.729973773579226298e-02 -1.017794839268027938e-03
5.460971604872882246e+00 2.198476378570102599e-02 1.830434633682113954e-02 -1.217705809687930942e-02
5.491651220630595631e+00 2.584537465035244980e-02 1.261309197981440137e-02 -2.255866355806173881e-02
5.522330836388308128e+00 2.865664878726484691e-02 1.775844512314907891e-03 -2.860157156494602324e-02
5.553010452146020626e+00 3.030804473222975179e-02 -1.100367021302202548e-02 -2.823998614259382728e-02
5.583690067903734011e+00 3.077930538243505570e-02 -2.200421250000075823e-02 -2.152162336070413337e-02
5.614369683661446508e+00 3.011935896332586932e-02 -2.823970908917128320e-02 -1.047351970068588663e-02
5.645049299419159894e+00 2.843319598987311195e-02 -2.838258903290358584e-02 1.695663288461885269e-03
5.675728915176872391e+00 2.587029171186586499e-02 -2.305614160600213611e-02 1.173398174112322105e-02
5.706408530934584888e+00 2.261293635089907730e-02 -1.444119513811495045e-02 1.740105667460162958e-02
5.737088146692298274e+00 1.886432729635760530e-02 -5.393271082555378161e-03 1.807693202327691900e-02
5.767767762450010771e+00 1.483684705291571891e-02 1.573426245672386896e-03 1.475318136271099902e-02
5.798447378207723268e+00 1.074138113211646831e-02 5.062980529911569397e-03 9.473304427660077590e-03
5.829126993965436654e+00 6.780042416523936015e-03 5.086693962375604325e-03 4.482691122863063059e-03
5.859806609723149151e+00 3.159717616352157935e-03 2.819099089476881891e-03 1.427058421648103948e-03
5.890486225480861648e+00 8.830960439157169726e-04 -2.318646314313612463e-05 8.827916009492285969e-04
5.921165841238575034e+00 3.021120001477304792e-03 -1.902633935658169578e-03 2.346731806195189503e-03
5.951845456996287531e+00 5.040251462996308759e-03 -2.001188922197131691e-03 4.625946141916474803e-03
5.982525072754000917e+00 6.437249668657188569e-03 -4.023649709958036173e-04 6.424662304490612666e-03
