# # Once                                                         FEFF 10.0.0 
# # POT  SCF 100  9.0000   0, core-hole, FOLP (folp(0)= 1.150)
# # Abs   Z=30 Rmt= 1.342 Rnm= 1.693 K  shell
# #   RGRID 0.0100
# # Pot 1 Z= 6 Rmt= 0.901 Rnm= 1.123
# # Pot 2 Z= 6 Rmt= 0.921 Rnm= 1.164
# # Pot 3 Z= 1 Rmt= 0.552 Rnm= 0.964
# # Pot 4 Z=16 Rmt= 1.161 Rnm= 1.449
# # Gam_ch=1.897E+00 H-L exch Vi= 0.000E+00 Vr= 0.000E+00
# # Mu=-7.218E+00eV kf=1.932E+00 Vint=-1.263E+01eV Rs_int= 1.877
# # PATH  Rmax= 9.000,  Keep_limit= 0.00, Heap_limit 0.00  Pwcrit= 2.50%
#  S02=1.000  Temp=  10.00  Debye_temp= 315.00  Global_sig2= 0.00000
#  Energy zero shift, vr, vi    0.00000E+00   0.00000E+00
#  Curved wave amplitude ratio filter   4.000%
#     file         sig2 tot  cw amp ratio   deg  nlegs   reff  inp sig2
#           1       0.00198    100.00      1.00     2   2.1659
#           2       0.00567     34.46      1.00     2   3.1263
#           3       0.02244     17.38      2.00     2   3.2195
#           4       0.00365     41.41      2.00     3   3.5633
#           5       0.01103     17.54      4.00     3   3.7174
#           6       0.01403     14.11      4.00     3   3.9019
#           7       0.00380     16.37      1.00     4   4.0003
#          11       0.00850      4.41      2.00     4   4.2155
#          12       0.01564     11.79      2.00     4   4.3084
#          13       0.01595      4.31      2.00     4   4.3086
#          14       0.00396     10.21      1.00     4   4.3318
#          15       0.00477     12.20      1.00     2   4.5071
#          16       0.00502     37.98      2.00     3   4.5740
#          18       0.00560     39.20      1.00     4   4.6408
#          21       0.00424     23.79      2.00     3   4.6944
#          22       0.00387     40.82      2.00     4   4.7612
#          23       0.01361      4.64      4.00     5   4.8066
#          24       0.01375     13.98      4.00     5   4.8067
#          28       0.00460     14.00      1.00     4   4.8817
#          29       0.00804      8.79      4.00     3   4.9431
#          30       0.02148      7.95      2.00     3   4.9503
#          31       0.02144      7.92      2.00     3   4.9526
#          32       0.00568      6.66      1.00     4   4.9607
#          33       0.00906     21.92      4.00     4   5.0099
#          34       0.00396     28.08      2.00     4   5.0110
#          35       0.01552      5.03      2.00     3   5.0589
#          36       0.01548      5.04      2.00     3   5.0598
#          37       0.02376      6.53      1.00     4   5.0731
#          38       0.02374      6.49      1.00     4   5.0761
#          39       0.00411     61.01      2.00     5   5.0778
#          42       0.01146     13.19      4.00     4   5.1650
#          43       0.01514      7.55      2.00     4   5.1817
#          44       0.01513      7.53      2.00     4   5.1833
#          46       0.00394     33.21      2.00     5   5.1982
#          49       0.01196     33.34      4.00     5   5.2319
#          54       0.01400      7.03      2.00     3   5.2704
#          55       0.01406      6.17      1.00     4   5.2704
#          56       0.01056      7.48      2.00     4   5.2803
#          57       0.01051      7.48      2.00     4   5.2810
#          60       0.00649      4.64      2.00     4   5.2922
#          61       0.01116      5.51      2.00     4   5.3362
#          62       0.01117      5.50      2.00     4   5.3377
#          63       0.01019      5.46      2.00     5   5.3523
#          64       0.01026      5.49      2.00     5   5.3524
#          65       0.00685     13.58      2.00     5   5.3977
#          67       0.01886      8.03      4.00     6   5.3978
#          68       0.01092      5.03      2.00     4   5.4007
#          69       0.01087      5.02      2.00     4   5.4015
#          70       0.01061     11.56      2.00     5   5.4031
#          71       0.01061     11.54      2.00     5   5.4045
#          72       0.00979      6.42      2.00     3   5.4352
#          73       0.00987     11.54      2.00     4   5.4353
#          76       0.01046      8.79      2.00     4   5.5020
#          77       0.01019     16.70      2.00     5   5.5021
#          78       0.01094     11.73      4.00     5   5.5080
#          79       0.01003      9.75      2.00     5   5.5117
#          80       0.01001      9.77      2.00     5   5.5117
#          81       0.00503     27.71      1.00     6   5.5148
#          82       0.01150      8.87      2.00     5   5.5235
#          83       0.01150      8.84      2.00     5   5.5250
#          84       0.01009      4.65      2.00     5   5.5518
#          85       0.01015      4.65      2.00     5   5.5519
#          87       0.01085      5.40      2.00     4   5.5680
#          88       0.00886      5.37      1.00     4   5.6001
#          89       0.01836      4.83      4.00     5   5.6012
#          90       0.01457      4.26      4.00     5   5.6011
#          91       0.01498      6.84      2.00     5   5.6188
#          92       0.01497      6.82      2.00     5   5.6203
#          93       0.00897      8.76      2.00     4   5.6225
#          94       0.00898     16.19      2.00     5   5.6225
#          95       0.00922      5.39      2.00     5   5.6321
#          96       0.00922      5.40      2.00     5   5.6322
#          97       0.01332      6.78      4.00     5   5.6632
#          98       0.00944      6.70      2.00     5   5.6662
#          99       0.00950      6.72      2.00     5   5.6661
#         100       0.00875     17.17      2.00     5   5.6669
#         101       0.01107     14.10      2.00     6   5.6690
#         102       0.01524     14.11      2.00     6   5.6689
#         103       0.00916     10.29      4.00     5   5.6926
#         104       0.01304      5.33      2.00     4   5.7074
#         105       0.01309      9.94      2.00     5   5.7074
#         106       0.01004      5.85      2.00     5   5.7173
#         107       0.01000      5.86      2.00     5   5.7180
#         111       0.01379     18.12      4.00     6   5.7300
#         113       0.00893      5.14      2.00     4   5.7328
#         114       0.00953      9.74      1.00     6   5.7330
#         115       0.00948      9.73      1.00     6   5.7330
#         116       0.00890     13.58      1.00     6   5.7338
#         121       0.00845      4.18      2.00     5   5.7866
#         122       0.00839      4.17      2.00     5   5.7866
#         123       0.00921     15.81      2.00     5   5.7874
#         124       0.00881      8.37      2.00     5   5.7997
#         126       0.00733      6.50      1.00     6   5.8347
#         127       0.01026     10.78      2.00     6   5.8401
#         128       0.01047     10.75      2.00     6   5.8415
#         129       0.00970      6.26      4.00     5   5.8476
#         130       0.00840     10.00      2.00     6   5.8534
#         131       0.00834      9.98      2.00     6   5.8535
#         132       0.00904     27.47      2.00     6   5.8542
#         133       0.00899      9.47      2.00     5   5.8723
#         138       0.01799      4.87      4.00     5   5.8955
#         139       0.00978     17.15      4.00     6   5.9144
#         140       0.00896      9.69      2.00     5   5.9201
#         141       0.00946      9.52      2.00     5   5.9391
#         142       0.00900     15.34      2.00     6   5.9391
#         143       0.00948     19.06      2.00     6   5.9391
#         144       0.00968      5.47      4.00     6   5.9451
#         145       0.00921      8.34      2.00     6   5.9488
#         146       0.00921      8.33      2.00     6   5.9487
#         147       0.00908      7.26      2.00     6   5.9487
#         148       0.00906      7.29      2.00     6   5.9488
#         150       0.00924     16.84      1.00     6   5.9746
#         152       0.01728      5.84      2.00     6   5.9941
#         154       0.01736      5.83      2.00     6   5.9957
#         155       0.01095      4.41      2.00     5   6.0050
#         156       0.00464      9.12      1.00     4   6.0216
#         157       0.01949      5.89      2.00     5   6.0425
#         160       0.01944      5.86      2.00     5   6.0448
#         163       0.00895     14.95      2.00     6   6.0595
#         164       0.01359     41.63      2.00     5   6.0885
#         165       0.00857      4.86      2.00     4   6.0918
#         169       0.03006     17.30      4.00     6   6.0992
#         172       0.01622      5.69      2.00     6   6.1022
#         173       0.01600      5.69      2.00     6   6.1022
#         174       0.01749      5.24      2.00     6   6.1029
#         175       0.01742      5.24      2.00     6   6.1028
#         178       0.00883      5.93      2.00     6   6.1032
#         179       0.00878      5.90      2.00     6   6.1032
#         180       0.01663      5.89      2.00     6   6.1029
#         181       0.01659      5.89      2.00     6   6.1028
#         182       0.00868     18.63      2.00     6   6.1039
#         183       0.01821      8.65      4.00     6   6.1175
#         186       0.01414     52.91      1.00     6   6.1553
#         187       0.00870      8.87      2.00     5   6.1586
#         188       0.01927      5.38      1.00     6   6.1653
#         189       0.01659      4.86      2.00     6   6.1668
#         190       0.01170     11.04      4.00     7   6.1670
#         191       0.01923      5.35      1.00     6   6.1683
#         192       0.00880     14.34      2.00     7   6.1700
#         193       0.00875     14.29      2.00     7   6.1700
#         194       0.00876     34.11      2.00     7   6.1708
#         195       0.00504     19.77      2.00     5   6.2089
#         198       0.00890      8.78      2.00     6   6.2367
#         199       0.01830      4.72      4.00     6   6.2543
#         200       0.03155     11.73      4.00     6   6.2544
#         205       0.01949      6.32      2.00     6   6.2740
#         207       0.00512     48.28      2.00     6   6.2757
#         208       0.01945      6.31      2.00     6   6.2755
#         210       0.01009      6.24      2.00     5   6.2791
#         216       0.01399      4.22      2.00     6   6.2884
#         217       0.01399      4.21      2.00     6   6.2899
#         219       0.00883      9.45      2.00     7   6.2905
#         220       0.00889      9.48      2.00     7   6.2904
#         221       0.00867     32.39      2.00     7   6.2912
#         224       0.01889     14.77      4.00     7   6.3211
#         225       0.01807      5.19      4.00     7   6.3212
#         226       0.03254     32.17      4.00     7   6.3211
#         228       0.01850     12.11      2.00     7   6.3242
#         229       0.01833     12.11      2.00     7   6.3241
#         232       0.01535      4.16      2.00     7   6.3248
#         233       0.01541      4.17      2.00     7   6.3250
#         234       0.01582      5.08      2.00     5   6.3633
#         236       0.01573      6.49      2.00     6   6.3725
#         240       0.01582      6.49      2.00     6   6.3732
#         243       0.00960     16.23      2.00     7   6.3761
#         247       0.00513      9.98      1.00     6   6.3962
#         252       0.00997      4.84      2.00     5   6.4084
#         253       0.01468      5.28      2.00     6   6.4088
#         254       0.01460      5.26      2.00     6   6.4104
#         259       0.00844     10.63      4.00     5   6.4576
#         260       0.01051     12.30      2.00     6   6.4752
#         261       0.01896      4.37      2.00     6   6.4937
#         262       0.01898      4.37      2.00     6   6.4944
#         263       0.01527      4.56      2.00     7   6.4952
#         264       0.02272     10.52      2.00     7   6.4953
#         265       0.01640      6.86      2.00     7   6.4960
#         266       0.01522      4.54      2.00     7   6.4968
#         267       0.02264     10.51      2.00     7   6.4967
#         268       0.01640      6.85      2.00     7   6.4975
#         271       0.00861     27.94      4.00     6   6.5245
#         272       0.00865     37.36      2.00     6   6.5255
#         275       0.01693      9.74      2.00     6   6.5282
#         282       0.00888     97.94      2.00     7   6.5923
#         285       0.01507      6.05      2.00     7   6.5943
#         286       0.01502      6.05      2.00     7   6.5943
#         287       0.01651      7.70      2.00     6   6.5950
#         288       0.01717     16.08      2.00     7   6.5951
#         289       0.00916     11.31      2.00     6   6.5956
#         290       0.00667      7.52      2.00     6   6.5956
#         291       0.01677      4.82      4.00     7   6.5973
#         292       0.02573     10.20      4.00     7   6.5972
#         297       0.01515      4.28      2.00     7   6.6040
#         298       0.01520      4.28      2.00     7   6.6039
#         299       0.01778      9.56      2.00     7   6.6039
#         300       0.01788      9.57      2.00     7   6.6039
#         301       0.01451      5.18      2.00     7   6.6047
#         302       0.01814      5.18      2.00     7   6.6047
#         304       0.01397      8.14      2.00     7   6.6157
#         305       0.01908      5.41      4.00     7   6.6157
#         306       0.01678      8.65      2.00     7   6.6165
#         308       0.01409      8.11      2.00     7   6.6172
#         309       0.01679      8.63      2.00     7   6.6179
#         310       0.01535      5.60      2.00     7   6.6184
#         311       0.01530      5.60      2.00     7   6.6183
#         312       0.01523      4.70      2.00     7   6.6187
#         313       0.01441     17.22      4.00     6   6.6795
#         314       0.01868      9.81      2.00     6   6.6962
#         315       0.01867      9.78      2.00     6   6.6978
#         316       0.01544      4.01      2.00     7   6.7014
#         322       0.00838     43.36      2.00     7   6.7127
#         323       0.01746      7.08      2.00     6   6.7155
#         324       0.01741     14.52      2.00     7   6.7155
#         325       0.00902      5.35      2.00     6   6.7161
#         326       0.01793      5.16      2.00     7   6.7251
#         327       0.01801      5.17      2.00     7   6.7252
#         328       0.01407      4.90      2.00     7   6.7388
#         329       0.01400      4.89      2.00     7   6.7388
#         330       0.01461     50.57      4.00     7   6.7464
#         333       0.01891      6.20      2.00     7   6.7584
#         334       0.01901      6.22      2.00     7   6.7583
#         337       0.01720      5.69      2.00     7   6.7591
#         338       0.01726      5.70      2.00     7   6.7591
#         339       0.01767     16.12      2.00     7   6.7599
#         342       0.02347     11.35      2.00     6   6.7849
#         343       0.01749     10.83      2.00     6   6.7948
#         344       0.01750     10.83      2.00     6   6.7955
#         345       0.02286      7.78      2.00     6   6.8049
#         346       0.02278      7.79      2.00     6   6.8050
#         347       0.00684      6.75      2.00     6   6.8067
#         348       0.01079      6.27      2.00     6   6.8454
#         349       0.01112      7.35      2.00     6   6.8507
#         350       0.01114      7.33      2.00     6   6.8522
#         351       0.01525      4.05      2.00     7   6.8593
#         352       0.01525      4.06      2.00     7   6.8592
#         355       0.01881     14.90      2.00     7   6.8803
#         358       0.01375      8.00      2.00     7   6.8926
#         359       0.01138     18.45      2.00     7   6.9122
#         360       0.01116     17.54      2.00     7   6.9176
#         361       0.01118     17.51      2.00     7   6.9190
#         362       0.00636      4.35      2.00     6   6.9271
#         363       0.00615      4.93      2.00     6   6.9271
#         364       0.01725     11.27      2.00     6   6.9498
#         365       0.01189      7.13      2.00     6   6.9498
#         366       0.01129     10.79      4.00     6   6.9557
#         367       0.01088      8.93      4.00     6   6.9557
#         368       0.01154      5.38      2.00     6   6.9594
#         369       0.01151      5.39      2.00     6   6.9594
#         370       0.01197      5.44      2.00     6   6.9594
#         371       0.01197      5.45      2.00     6   6.9594
#         372       0.01577      8.80      2.00     7   6.9652
#         373       0.01856      9.13      2.00     7   7.0131
#         374       0.01749     10.40      2.00     6   7.0165
#         375       0.01204     21.54      2.00     7   7.0166
#         376       0.01761     17.59      2.00     7   7.0166
#         377       0.01102     14.87      2.00     7   7.0225
#         378       0.01100     14.88      2.00     7   7.0226
#         379       0.01711     14.47      2.00     7   7.0262
#         380       0.01707     14.47      2.00     7   7.0262
#         381       0.01729     14.52      2.00     7   7.0262
#         382       0.01733     14.54      2.00     7   7.0262
#         383       0.01019      8.31      2.00     7   7.0326
#         384       0.01369      9.94      2.00     7   7.0380
#         385       0.01123      9.89      2.00     7   7.0395
#         386       0.00688      4.74      2.00     6   7.0476
#         387       0.01483      6.66      2.00     7   7.0663
#         388       0.01492      6.66      2.00     7   7.0664
#         389       0.00933      6.47      2.00     6   7.0702
#         390       0.01256      7.31      2.00     6   7.1146
#         391       0.00935     17.16      2.00     7   7.1370
#         392       0.01275      6.85      2.00     7   7.1370
#         393       0.00949     11.72      4.00     7   7.1429
#         394       0.00896      8.35      4.00     7   7.1429
#         395       0.01490     22.22      4.00     7   7.1777
#         396       0.01827     10.53      2.00     7   7.1807
#         397       0.01852     10.57      2.00     7   7.1806
#         398       0.01082     10.47      2.00     7   7.1807
#         399       0.01088     10.48      2.00     7   7.1806
#         400       0.01569     22.26      2.00     7   7.1814
#         401       0.01022     12.16      2.00     7   7.1814
#         402       0.01305      7.37      2.00     7   7.2516
#         403       0.01278      6.88      2.00     7   7.2575
#         405       0.01005      8.32      4.00     7   7.2981
#         406       0.01402      6.79      2.00     7   7.3019
#         407       0.01026     11.15      2.00     7   7.3019
#         408       0.00907     10.30      2.00     7   7.3142
#         409       0.01445      5.98      2.00     7   7.3365
#         410       0.01342      8.83      4.00     7   7.3425
#         411       0.01265      6.77      2.00     7   7.3720
#         412       0.00965      5.94      2.00     7   7.4569
#         413       0.00844      5.85      2.00     6   7.4770
#         414       0.02204     60.61      2.00     7   7.6030
#         415       0.00839      4.74      2.00     6   7.6063
#         416       0.00836      8.13      2.00     7   7.6731
#         417       0.00830     26.65      2.00     7   7.7234
#         418       0.00765      7.59      2.00     7   7.7936
#         419       0.00914      4.43      2.00     7   7.9229
#         420       0.01027      4.61      2.00     7   8.2179
#   297/ 375 paths used
#  xsedge+50, used to normalize mu           1.0000E+00
#  -----------------------------------------------------------------------
#  omega    e    k    mu    mu0     chi     @#
    9725.336   -204.727  -7.200 -2.34471E-06 -2.12148E-06  1.06724E-05
    9728.069   -201.994  -7.150 -5.07531E-06 -4.80797E-06  1.10690E-05
    9730.784   -199.279  -7.100 -7.80591E-06 -7.49446E-06  1.10037E-05
    9733.479   -196.583  -7.050 -1.05365E-05 -1.01809E-05  1.06635E-05
    9736.156   -193.907  -7.000 -1.32671E-05 -1.28674E-05  1.04215E-05
    9738.813   -191.249  -6.950 -1.59977E-05 -1.55539E-05  1.05851E-05
    9741.452   -188.611  -6.900 -1.87283E-05 -1.82404E-05  1.11894E-05
    9744.071   -185.992  -6.850 -2.14368E-05 -2.08590E-05  1.20332E-05
    9746.671   -183.391  -6.800 -2.41203E-05 -2.34007E-05  1.27772E-05
    9749.253   -180.810  -6.750 -2.68037E-05 -2.59424E-05  1.31311E-05
    9751.815   -178.248  -6.700 -2.94872E-05 -2.84841E-05  1.31076E-05
    9754.358   -175.705  -6.650 -3.21707E-05 -3.10258E-05  1.29531E-05
    9756.882   -173.180  -6.600 -3.48542E-05 -3.35675E-05  1.29996E-05
    9759.387   -170.675  -6.550 -3.75376E-05 -3.61092E-05  1.34627E-05
    9761.873   -168.189  -6.500 -4.02211E-05 -3.86509E-05  1.43089E-05
    9764.340   -165.722  -6.450 -4.30681E-05 -4.10978E-05  1.53630E-05
    9766.788   -163.275  -6.400 -4.60210E-05 -4.34834E-05  1.62948E-05
    9769.217   -160.846  -6.350 -4.89738E-05 -4.58689E-05  1.68615E-05
    9771.627   -158.436  -6.300 -5.19267E-05 -4.82545E-05  1.70764E-05
    9774.018   -156.045  -6.250 -5.48796E-05 -5.06400E-05  1.71504E-05
    9776.389   -153.673  -6.200 -5.78324E-05 -5.30256E-05  1.73801E-05
    9778.742   -151.321  -6.150 -6.07853E-05 -5.54112E-05  1.79876E-05
    9781.076   -148.987  -6.100 -6.37382E-05 -5.77967E-05  1.89972E-05
    9783.390   -146.673  -6.050 -6.73492E-05 -6.01427E-05  2.03789E-05
    9785.686   -144.377  -6.000 -7.30879E-05 -6.23608E-05  2.22322E-05
    9787.962   -142.101  -5.950 -7.88266E-05 -6.45788E-05  2.38315E-05
    9790.220   -139.843  -5.900 -8.45653E-05 -6.67969E-05  2.50868E-05
    9792.458   -137.605  -5.850 -9.03040E-05 -6.90150E-05  2.60900E-05
    9794.677   -135.385  -5.800 -9.60427E-05 -7.12331E-05  2.70786E-05
    9796.877   -133.185  -5.750 -1.01781E-04 -7.34511E-05  2.83259E-05
    9799.059   -131.004  -5.700 -1.07520E-04 -7.56692E-05  3.00103E-05
    9801.221   -128.842  -5.650 -1.13259E-04 -7.78873E-05  3.21247E-05
    9803.364   -126.699  -5.600 -1.46299E-04 -8.00612E-05  3.65791E-05
    9805.488   -124.575  -5.550 -2.64415E-04 -8.20974E-05  4.81008E-05
    9807.593   -122.470  -5.500 -3.82531E-04 -8.41336E-05  6.01861E-05
    9809.679   -120.384  -5.450 -5.00647E-04 -8.61699E-05  7.26621E-05
    9811.746   -118.317  -5.400 -6.18763E-04 -8.82061E-05  8.55597E-05
    9813.794   -116.269  -5.350 -7.36880E-04 -9.02424E-05  9.91151E-05
    9815.823   -114.240  -5.300 -8.54996E-04 -9.22786E-05  1.13671E-04
    9817.832   -112.230  -5.250 -9.73112E-04 -9.43148E-05  1.29515E-04
    9819.823   -110.240  -5.200 -1.09123E-03 -9.63511E-05  1.46731E-04
    9821.795   -108.268  -5.150 -1.20934E-03 -9.83873E-05  1.65129E-04
    9823.747   -106.315  -5.100 -1.26335E-03 -1.00330E-04  1.65712E-04
    9825.681   -104.382  -5.050 -1.24310E-03 -1.02166E-04  1.44855E-04
    9827.595   -102.467  -5.000 -1.22285E-03 -1.04001E-04  1.23878E-04
    9829.491   -100.572  -4.950 -1.20259E-03 -1.05836E-04  1.02817E-04
    9831.367    -98.695  -4.900 -1.18234E-03 -1.07672E-04  8.18226E-05
    9833.225    -96.838  -4.850 -1.16209E-03 -1.09507E-04  6.11304E-05
    9835.063    -95.000  -4.800 -1.14183E-03 -1.11342E-04  4.10058E-05
    9836.882    -93.180  -4.750 -1.12158E-03 -1.13178E-04  2.16821E-05
    9838.683    -91.380  -4.700 -1.10133E-03 -1.15013E-04  3.30825E-06
    9840.464    -89.599  -4.650 -1.08107E-03 -1.16848E-04 -1.40800E-05
    9842.226    -87.837  -4.600 -1.06082E-03 -1.18684E-04 -3.05576E-05
    9843.969    -86.094  -4.550 -1.02061E-03 -1.20372E-04 -3.50393E-05
    9845.693    -84.370  -4.500 -9.69461E-04 -1.21979E-04 -3.28623E-05
    9847.398    -82.665  -4.450 -9.18312E-04 -1.23586E-04 -3.04471E-05
    9849.084    -80.979  -4.400 -8.67162E-04 -1.25193E-04 -2.80227E-05
    9850.751    -79.312  -4.350 -8.16013E-04 -1.26800E-04 -2.57178E-05
    9852.398    -77.664  -4.300 -7.64864E-04 -1.28407E-04 -2.35042E-05
    9854.027    -76.035  -4.250 -7.13715E-04 -1.30014E-04 -2.11850E-05
    9855.637    -74.426  -4.200 -6.62566E-04 -1.31620E-04 -1.84355E-05
    9857.228    -72.835  -4.150 -6.11416E-04 -1.33227E-04 -1.48890E-05
    9858.799    -71.263  -4.100 -5.60267E-04 -1.34834E-04 -1.02444E-05
    9860.352    -69.711  -4.050 -5.09118E-04 -1.36441E-04 -4.36504E-06
    9861.885    -68.177  -4.000 -4.57969E-04 -1.38048E-04  2.66270E-06
    9863.400    -66.663  -3.950 -4.25350E-04 -1.39555E-04  9.27924E-06
    9864.895    -65.167  -3.900 -4.24591E-04 -1.40888E-04  1.45119E-05
    9866.372    -63.691  -3.850 -4.23831E-04 -1.42222E-04  2.01937E-05
    9867.829    -62.234  -3.800 -4.23071E-04 -1.43555E-04  2.57472E-05
    9869.267    -60.795  -3.750 -4.22312E-04 -1.44888E-04  3.06374E-05
    9870.686    -59.376  -3.700 -4.21552E-04 -1.46222E-04  3.45228E-05
    9872.087    -57.976  -3.650 -4.20793E-04 -1.47555E-04  3.73716E-05
    9873.468    -56.595  -3.600 -4.20033E-04 -1.48889E-04  3.95116E-05
    9874.830    -55.233  -3.550 -4.19273E-04 -1.50222E-04  4.15961E-05
    9876.173    -53.890  -3.500 -4.18514E-04 -1.51555E-04  4.44876E-05
    9877.497    -52.566  -3.450 -4.17754E-04 -1.52889E-04  4.90788E-05
    9878.802    -51.261  -3.400 -4.16995E-04 -1.54222E-04  5.60895E-05
    9880.088    -49.975  -3.350 -4.16235E-04 -1.55556E-04  6.58817E-05
    9881.354    -48.708  -3.300 -4.15475E-04 -1.56889E-04  7.83398E-05
    9882.602    -47.461  -3.250 -4.14716E-04 -1.58222E-04  9.28454E-05
    9883.831    -46.232  -3.200 -4.17710E-04 -1.59252E-04  6.61345E-04
    9885.041    -45.022  -3.150 -4.21623E-04 -1.60208E-04  1.58001E-03
    9886.231    -43.832  -3.100 -4.25535E-04 -1.61164E-04  2.58446E-03
    9887.403    -42.660  -3.050 -4.29448E-04 -1.62120E-04  3.47517E-03
    9888.555    -41.507  -3.000 -4.33360E-04 -1.63076E-04  4.04642E-03
    9889.689    -40.374  -2.950 -4.37273E-04 -1.64031E-04  4.12164E-03
    9890.803    -39.260  -2.900 -4.41185E-04 -1.64987E-04  3.58544E-03
    9891.898    -38.164  -2.850 -4.45098E-04 -1.65943E-04  2.40773E-03
    9892.975    -37.088  -2.800 -4.49011E-04 -1.66899E-04  6.56311E-04
    9894.032    -36.031  -2.750 -4.52923E-04 -1.67855E-04 -1.50382E-03
    9895.070    -34.992  -2.700 -4.56836E-04 -1.68810E-04 -3.82483E-03
    9896.089    -33.973  -2.650 -4.60748E-04 -1.69766E-04 -6.00332E-03
    9897.090    -32.973  -2.600 -4.64661E-04 -1.70722E-04 -7.71786E-03
    9898.071    -31.992  -2.550 -4.68573E-04 -1.71678E-04 -8.67316E-03
    9899.033    -31.030  -2.500 -4.72486E-04 -1.72634E-04 -8.64517E-03
    9899.976    -30.087  -2.450 -4.76398E-04 -1.73590E-04 -7.52091E-03
    9900.900    -29.163  -2.400 -4.80311E-04 -1.74545E-04 -5.32608E-03
    9901.804    -28.258  -2.350 -4.84224E-04 -1.75501E-04 -2.23482E-03
    9902.690    -27.372  -2.300 -4.88136E-04 -1.76457E-04  1.44144E-03
    9903.557    -26.506  -2.250 -4.83899E-04 -1.77003E-04  2.85527E-01
    9904.405    -25.658  -2.200 -4.77908E-04 -1.77461E-04  6.03867E-01
    9905.233    -24.829  -2.150 -4.71918E-04 -1.77920E-04  6.13965E-01
    9906.043    -24.020  -2.100 -4.65928E-04 -1.78378E-04  2.05319E-01
    9906.834    -23.229  -2.050 -4.59938E-04 -1.78836E-04 -4.75526E-01
    9907.605    -22.458  -2.000 -4.53947E-04 -1.79294E-04 -1.12030E+00
    9908.358    -21.705  -1.950 -4.47957E-04 -1.79752E-04 -1.44516E+00
    9909.091    -20.972  -1.900 -4.41967E-04 -1.80211E-04 -1.34085E+00
    9909.805    -20.257  -1.850 -4.35976E-04 -1.80669E-04 -8.97514E-01
    9910.501    -19.562  -1.800 -4.29986E-04 -1.81127E-04 -3.10107E-01
    9911.177    -18.886  -1.750 -4.23996E-04 -1.81585E-04  2.48968E-01
    9911.834    -18.228  -1.700 -4.18006E-04 -1.82043E-04  6.95635E-01
    9912.472    -17.590  -1.650 -4.12015E-04 -1.82502E-04  1.00815E+00
    9913.092    -16.971  -1.600 -4.00261E-04 -1.82827E-04  1.87522E+00
    9913.692    -16.371  -1.550 -3.78163E-04 -1.82907E-04  6.32266E-01
    9914.273    -15.790  -1.500 -3.53770E-04 -1.82916E-04 -7.53470E+00
    9914.835    -15.228  -1.450 -3.27610E-04 -1.82847E-04  2.46693E+00
    9915.378    -14.685  -1.400 -3.00573E-04 -1.82692E-04  2.40898E+00
    9915.901    -14.161  -1.350 -2.74085E-04 -1.82440E-04  1.94372E+00
    9916.406    -13.656  -1.300 -2.50340E-04 -1.82082E-04  2.36895E+00
    9916.892    -13.171  -1.250 -2.32719E-04 -1.81603E-04  4.18734E+00
    9917.359    -12.704  -1.200 -2.25826E-04 -1.80989E-04  6.95407E+00
    9917.806    -12.256  -1.150 -2.33514E-04 -1.80219E-04  6.40014E+00
    9918.235    -11.828  -1.100 -2.55169E-04 -1.79273E-04  2.15245E+00
    9918.645    -11.418  -1.050 -2.87934E-04 -1.78124E-04 -2.14637E+00
    9919.035    -11.028  -1.000 -3.28835E-04 -1.76738E-04 -4.87209E+00
    9919.407    -10.656  -0.950 -3.75244E-04 -1.75076E-04 -5.34941E+00
    9919.759    -10.304  -0.900 -4.24826E-04 -1.73096E-04 -3.89737E+00
    9920.092     -9.970  -0.850 -4.75553E-04 -1.70736E-04 -1.70198E+00
    9920.407     -9.656  -0.800 -5.25592E-04 -1.67937E-04  1.71934E-01
    9920.702     -9.361  -0.750 -5.73478E-04 -1.64618E-04  1.72176E+00
    9920.978     -9.084  -0.700 -6.18012E-04 -1.60696E-04  3.10272E+00
    9921.235     -8.827  -0.650 -6.58434E-04 -1.56087E-04  4.16967E+00
    9921.473     -8.589  -0.600 -6.94058E-04 -1.50684E-04  4.55677E+00
    9921.693     -8.370  -0.550 -7.24693E-04 -1.44447E-04  4.09646E+00
    9921.893     -8.170  -0.500 -7.50386E-04 -1.37377E-04  2.96483E+00
    9922.074     -7.989  -0.450 -7.71261E-04 -1.29572E-04  1.52536E+00
    9922.235     -7.827  -0.400 -7.87831E-04 -1.21251E-04  1.12245E-01
    9922.378     -7.684  -0.350 -8.00351E-04 -1.12775E-04 -1.05760E+00
    9922.502     -7.560  -0.300 -8.09836E-04 -1.04600E-04 -1.93198E+00
    9922.607     -7.456  -0.250 -8.16899E-04 -9.71755E-05 -2.52971E+00
    9922.693     -7.370  -0.200 -8.22031E-04 -9.09295E-05 -2.90286E+00
    9922.759     -7.303  -0.150 -8.11039E-04 -7.13999E-05 -3.11943E+00
    9922.807     -7.256  -0.100 -7.51579E-04 -7.92689E-06 -3.20233E+00
    9922.836     -7.227  -0.050 -6.92119E-04  5.55461E-05 -3.27180E+00
    9922.845     -7.218   0.000 -6.33011E-04  1.18665E-04 -3.32782E+00
    9922.855     -7.208   0.050 -6.42699E-04  1.22016E-04 -3.36891E+00
    9922.883     -7.179   0.100 -6.49778E-04  1.25367E-04 -3.39816E+00
    9922.931     -7.132   0.150 -6.54237E-04  1.28718E-04 -3.41571E+00
    9922.997     -7.065   0.200 -6.56348E-04  1.34712E-04 -3.41736E+00
    9923.083     -6.979   0.250 -6.43671E-04  1.42167E-04 -3.35271E+00
    9923.188     -6.875   0.300 -6.05862E-04  1.50882E-04 -3.18120E+00
    9923.312     -6.751   0.350 -5.34423E-04  1.60533E-04 -2.87346E+00
    9923.455     -6.608   0.400 -4.25496E-04  1.70737E-04 -2.42141E+00
    9923.617     -6.446   0.450 -2.79528E-04  1.81115E-04 -1.83567E+00
    9923.798     -6.265   0.500 -1.08627E-04  1.91297E-04 -1.17225E+00
    9923.998     -6.065   0.550  7.05799E-05  2.01047E-04 -5.00127E-01
    9924.217     -5.846   0.600  2.37155E-04  2.10226E-04  1.01286E-01
    9924.455     -5.608   0.650  3.71015E-04  2.18751E-04  5.62366E-01
    9924.712     -5.351   0.700  4.57950E-04  2.26589E-04  8.40114E-01
    9924.988     -5.074   0.750  4.92407E-04  2.33746E-04  9.24764E-01
    9925.283     -4.779   0.800  4.78705E-04  2.40220E-04  8.40962E-01
    9925.598     -4.465   0.850  4.28941E-04  2.46002E-04  6.37513E-01
    9925.931     -4.131   0.900  3.59426E-04  2.51095E-04  3.73847E-01
    9926.284     -3.779   0.950  2.86659E-04  2.55490E-04  1.06756E-01
    9926.655     -3.408   1.000  2.24679E-04  2.59195E-04 -1.17590E-01
    9927.046     -3.017   1.050  1.81328E-04  2.62219E-04 -2.74717E-01
    9927.455     -2.608   1.100  1.59997E-04  2.64563E-04 -3.54765E-01
    9927.884     -2.179   1.150  1.59163E-04  2.66265E-04 -3.63760E-01
    9928.331     -1.731   1.200  1.73941E-04  2.67359E-04 -3.18233E-01
    9928.798     -1.264   1.250  1.97966E-04  2.67870E-04 -2.39277E-01
    9929.284     -0.779   1.300  2.24898E-04  2.67852E-04 -1.47976E-01
    9929.789     -0.274   1.350  2.49673E-04  2.67354E-04 -6.13947E-02
    9930.313      0.250   1.400  2.68872E-04  2.66424E-04  8.58066E-03
    9930.856      0.793   1.450  2.81068E-04  2.65117E-04  5.64818E-02
    9931.418      1.355   1.500  2.86467E-04  2.63480E-04  8.23245E-02
    9931.999      1.936   1.550  2.86370E-04  2.61567E-04  8.99108E-02
    9932.599      2.536   1.600  2.82581E-04  2.59424E-04  8.50312E-02
    9933.218      3.155   1.650  2.76887E-04  2.57097E-04  7.36480E-02
    9933.856      3.793   1.700  2.70628E-04  2.54631E-04  6.03561E-02
    9934.513      4.450   1.750  2.64555E-04  2.52058E-04  4.78188E-02
    9935.189      5.127   1.800  2.58880E-04  2.49407E-04  3.67648E-02
    9935.885      5.822   1.850  2.53489E-04  2.46709E-04  2.66930E-02
    9936.599      6.536   1.900  2.48240E-04  2.43987E-04  1.69868E-02
    9937.333      7.270   1.950  2.43143E-04  2.41240E-04  7.71130E-03
    9938.085      8.022   2.000  2.38346E-04  2.38420E-04 -3.05010E-04
    9938.857      8.794   2.050  2.34238E-04  2.35505E-04 -5.28764E-03
    9939.647      9.584   2.100  2.31221E-04  2.32572E-04 -5.72850E-03
    9940.457     10.394   2.150  2.29836E-04  2.30132E-04 -1.27528E-03
    9941.285     11.223   2.200  2.30038E-04  2.28370E-04  7.26930E-03
    9942.133     12.070   2.250  2.31480E-04  2.27388E-04  1.79855E-02
    9943.000     12.937   2.300  2.33492E-04  2.27163E-04  2.79744E-02
    9943.886     13.823   2.350  2.35635E-04  2.27944E-04  3.41237E-02
    9944.791     14.728   2.400  2.36812E-04  2.28689E-04  3.61652E-02
    9945.715     15.652   2.450  2.37075E-04  2.28701E-04  3.74394E-02
    9946.657     16.595   2.500  2.36746E-04  2.28227E-04  3.82861E-02
    9947.620     17.557   2.550  2.36062E-04  2.27507E-04  3.86593E-02
    9948.601     18.538   2.600  2.35129E-04  2.26656E-04  3.84965E-02
    9949.601     19.538   2.650  2.34010E-04  2.25735E-04  3.77959E-02
    9950.620     20.557   2.700  2.32742E-04  2.24790E-04  3.65061E-02
    9951.658     21.595   2.750  2.31357E-04  2.23872E-04  3.45063E-02
    9952.715     22.653   2.800  2.29888E-04  2.23043E-04  3.16605E-02
    9953.792     23.729   2.850  2.28306E-04  2.22295E-04  2.78704E-02
    9954.887     24.824   2.900  2.26579E-04  2.21604E-04  2.31179E-02
    9956.001     25.939   2.950  2.24725E-04  2.20970E-04  1.74762E-02
    9957.135     27.072   3.000  2.22804E-04  2.20402E-04  1.11895E-02
    9958.287     28.225   3.050  2.20883E-04  2.19898E-04  4.59283E-03
    9959.459     29.396   3.100  2.19043E-04  2.19460E-04 -1.94396E-03
    9960.650     30.587   3.150  2.17348E-04  2.19083E-04 -8.09122E-03
    9961.859     31.797   3.200  2.15854E-04  2.18773E-04 -1.36089E-02
    9963.088     33.025   3.250  2.14584E-04  2.18527E-04 -1.83707E-02
    9964.336     34.273   3.300  2.13535E-04  2.18336E-04 -2.23483E-02
    9965.603     35.540   3.350  2.12713E-04  2.18215E-04 -2.55807E-02
    9966.888     36.826   3.400  2.12088E-04  2.18147E-04 -2.81252E-02
    9968.193     38.131   3.450  2.11660E-04  2.18138E-04 -3.00192E-02
    9969.517     39.455   3.500  2.11426E-04  2.18186E-04 -3.12680E-02
    9970.860     40.798   3.550  2.11382E-04  2.18276E-04 -3.18190E-02
    9972.222     42.160   3.600  2.11556E-04  2.18422E-04 -3.16195E-02
    9973.604     43.541   3.650  2.11946E-04  2.18606E-04 -3.05993E-02
    9975.004     44.941   3.700  2.12563E-04  2.18835E-04 -2.87459E-02
    9976.423     46.360   3.750  2.13392E-04  2.19097E-04 -2.60767E-02
    9977.861     47.799   3.800  2.14418E-04  2.19392E-04 -2.26726E-02
    9979.319     49.256   3.850  2.15615E-04  2.19719E-04 -1.86565E-02
    9980.795     50.732   3.900  2.16937E-04  2.20069E-04 -1.41984E-02
    9982.290     52.228   3.950  2.18341E-04  2.20439E-04 -9.48329E-03
    9983.805     53.742   4.000  2.19783E-04  2.20826E-04 -4.70207E-03
    9985.338     55.276   4.050  2.21218E-04  2.21224E-04 -3.06819E-05
    9986.891     56.828   4.100  2.22610E-04  2.21631E-04  4.38897E-03
    9988.463     58.400   4.150  2.23927E-04  2.22040E-04  8.44047E-03
    9990.053     59.991   4.200  2.25151E-04  2.22448E-04  1.20546E-02
    9991.663     61.600   4.250  2.26265E-04  2.22852E-04  1.51840E-02
    9993.292     63.229   4.300  2.27261E-04  2.23248E-04  1.78121E-02
    9994.940     64.877   4.350  2.28131E-04  2.23632E-04  1.99288E-02
    9996.606     66.544   4.400  2.28867E-04  2.23997E-04  2.15311E-02
    9998.292     68.230   4.450  2.29466E-04  2.24341E-04  2.26118E-02
    9999.997     69.935   4.500  2.29927E-04  2.24669E-04  2.31564E-02
   10001.721     71.659   4.550  2.30230E-04  2.24966E-04  2.31456E-02
   10003.464     73.402   4.600  2.30382E-04  2.25243E-04  2.25647E-02
   10005.226     75.164   4.650  2.30367E-04  2.25485E-04  2.14084E-02
   10007.008     76.945   4.700  2.30191E-04  2.25697E-04  1.96869E-02
   10008.808     78.745   4.750  2.29860E-04  2.25877E-04  1.74326E-02
   10010.627     80.564   4.800  2.29386E-04  2.26025E-04  1.46995E-02
   10012.465     82.403   4.850  2.28784E-04  2.26137E-04  1.15697E-02
   10014.323     84.260   4.900  2.28079E-04  2.26216E-04  8.14052E-03
   10016.199     86.137   4.950  2.27300E-04  2.26264E-04  4.52621E-03
   10018.095     88.032   5.000  2.26471E-04  2.26276E-04  8.50453E-04
   10020.009     89.947   5.050  2.25624E-04  2.26256E-04 -2.76211E-03
   10021.943     91.880   5.100  2.24790E-04  2.26206E-04 -6.18703E-03
   10023.895     93.833   5.150  2.23995E-04  2.26126E-04 -9.31276E-03
   10025.867     95.804   5.200  2.23268E-04  2.26022E-04 -1.20404E-02
   10027.858     97.795   5.250  2.22623E-04  2.25889E-04 -1.42917E-02
   10029.868     99.805   5.300  2.22073E-04  2.25730E-04 -1.60099E-02
   10031.896    101.834   5.350  2.21633E-04  2.25550E-04 -1.71651E-02
   10033.944    103.882   5.400  2.21307E-04  2.25354E-04 -1.77482E-02
   10036.011    105.948   5.450  2.21087E-04  2.25137E-04 -1.77727E-02
   10038.097    108.034   5.500  2.20976E-04  2.24907E-04 -1.72709E-02
   10040.202    110.139   5.550  2.20963E-04  2.24666E-04 -1.62867E-02
   10042.326    112.264   5.600  2.21037E-04  2.24416E-04 -1.48772E-02
   10044.469    114.407   5.650  2.21189E-04  2.24162E-04 -1.31054E-02
   10046.631    116.569   5.700  2.21400E-04  2.23902E-04 -1.10390E-02
   10048.813    118.750   5.750  2.21660E-04  2.23643E-04 -8.75241E-03
   10051.013    120.950   5.800  2.21951E-04  2.23381E-04 -6.32074E-03
   10053.232    123.170   5.850  2.22257E-04  2.23121E-04 -3.82227E-03
   10055.471    125.408   5.900  2.22564E-04  2.22866E-04 -1.33593E-03
   10057.728    127.665   5.950  2.22861E-04  2.22621E-04  1.06390E-03
   10060.005    129.942   6.000  2.23128E-04  2.22383E-04  3.30680E-03
   10062.300    132.237   6.050  2.23354E-04  2.22154E-04  5.33154E-03
   10064.615    134.552   6.100  2.23528E-04  2.21934E-04  7.08703E-03
   10066.948    136.886   6.150  2.23651E-04  2.21732E-04  8.53544E-03
   10069.301    139.238   6.200  2.23708E-04  2.21540E-04  9.65148E-03
   10071.673    141.610   6.250  2.23700E-04  2.21360E-04  1.04225E-02
   10074.063    144.001   6.300  2.23627E-04  2.21193E-04  1.08471E-02
   10076.473    146.410   6.350  2.23494E-04  2.21042E-04  1.09332E-02
   10078.902    148.839   6.400  2.23305E-04  2.20907E-04  1.06963E-02
   10081.350    151.287   6.450  2.23057E-04  2.20781E-04  1.01593E-02
   10083.817    153.754   6.500  2.22769E-04  2.20675E-04  9.35051E-03
   10086.303    156.240   6.550  2.22435E-04  2.20576E-04  8.30316E-03
   10088.808    158.745   6.600  2.22073E-04  2.20494E-04  7.05623E-03
   10091.332    161.269   6.650  2.21686E-04  2.20421E-04  5.65357E-03
   10093.875    163.813   6.700  2.21280E-04  2.20353E-04  4.14300E-03
   10096.437    166.375   6.750  2.20877E-04  2.20301E-04  2.57593E-03
   10099.019    168.956   6.800  2.20479E-04  2.20255E-04  1.00339E-03
   10101.619    171.556   6.850  2.20098E-04  2.20214E-04 -5.22041E-04
   10104.238    174.176   6.900  2.19744E-04  2.20180E-04 -1.95247E-03
   10106.877    176.814   6.950  2.19423E-04  2.20147E-04 -3.24498E-03
   10109.534    179.472   7.000  2.19143E-04  2.20117E-04 -4.36405E-03
   10112.211    182.148   7.050  2.18910E-04  2.20090E-04 -5.28300E-03
   10114.906    184.844   7.100  2.18721E-04  2.20057E-04 -5.98528E-03
   10117.621    187.558   7.150  2.18581E-04  2.20023E-04 -6.46394E-03
   10120.355    190.292   7.200  2.18487E-04  2.19986E-04 -6.72090E-03
   10123.107    193.045   7.250  2.18433E-04  2.19942E-04 -6.76668E-03
   10125.879    195.816   7.300  2.18414E-04  2.19889E-04 -6.61778E-03
   10128.670    198.607   7.350  2.18424E-04  2.19826E-04 -6.29479E-03
   10131.480    201.417   7.400  2.18463E-04  2.19758E-04 -5.82160E-03
   10134.309    204.246   7.450  2.18514E-04  2.19675E-04 -5.22213E-03
   10137.157    207.094   7.500  2.18581E-04  2.19585E-04 -4.51944E-03
   10140.024    209.961   7.550  2.18652E-04  2.19481E-04 -3.73418E-03
   10142.910    212.847   7.600  2.18724E-04  2.19363E-04 -2.88393E-03
   10145.815    215.752   7.650  2.18790E-04  2.19230E-04 -1.98389E-03
   10148.739    218.676   7.700  2.18852E-04  2.19084E-04 -1.04784E-03
   10151.682    221.620   7.750  2.18908E-04  2.18928E-04 -8.88659E-05
   10154.645    224.582   7.800  2.18947E-04  2.18753E-04  8.76040E-04
   10157.626    227.563   7.850  2.18976E-04  2.18573E-04  1.82791E-03
   10160.626    230.564   7.900  2.18980E-04  2.18376E-04  2.74237E-03
   10163.646    233.583   7.950  2.18952E-04  2.18162E-04  3.59027E-03
   10166.684    236.621   8.000  2.18891E-04  2.17938E-04  4.33869E-03
   10169.742    239.679   8.050  2.18794E-04  2.17707E-04  4.95296E-03
   10172.818    242.755   8.100  2.18645E-04  2.17461E-04  5.40063E-03
   10175.914    245.851   8.150  2.18444E-04  2.17207E-04  5.65423E-03
   10179.028    248.966   8.200  2.18192E-04  2.16948E-04  5.69480E-03
   10182.162    252.099   8.250  2.17880E-04  2.16677E-04  5.51490E-03
   10185.315    255.252   8.300  2.17522E-04  2.16406E-04  5.11973E-03
   10188.487    258.424   8.350  2.17108E-04  2.16123E-04  4.52712E-03
   10191.678    261.615   8.400  2.16661E-04  2.15843E-04  3.76709E-03
   10194.887    264.825   8.450  2.16184E-04  2.15560E-04  2.87889E-03
   10198.116    268.054   8.500  2.15688E-04  2.15275E-04  1.90799E-03
   10201.364    271.302   8.550  2.15185E-04  2.14989E-04  9.03132E-04
   10204.632    274.569   8.600  2.14692E-04  2.14711E-04 -8.77226E-05
   10207.918    277.855   8.650  2.14208E-04  2.14427E-04 -1.02036E-03
   10211.223    281.160   8.700  2.13758E-04  2.14157E-04 -1.85707E-03
   10214.547    284.484   8.750  2.13332E-04  2.13883E-04 -2.56820E-03
   10217.890    287.828   8.800  2.12946E-04  2.13619E-04 -3.13463E-03
   10221.253    291.190   8.850  2.12602E-04  2.13362E-04 -3.54612E-03
   10224.634    294.571   8.900  2.12295E-04  2.13108E-04 -3.80175E-03
   10228.034    297.972   8.950  2.12027E-04  2.12862E-04 -3.90837E-03
   10231.454    301.391   9.000  2.11800E-04  2.12627E-04 -3.87852E-03
   10234.892    304.830   9.050  2.11606E-04  2.12401E-04 -3.72835E-03
   10238.350    308.287   9.100  2.11443E-04  2.12183E-04 -3.47563E-03
   10241.826    311.764   9.150  2.11308E-04  2.11975E-04 -3.13785E-03
   10245.322    315.259   9.200  2.11192E-04  2.11772E-04 -2.73116E-03
   10248.837    318.774   9.250  2.11101E-04  2.11583E-04 -2.26999E-03
   10252.371    322.308   9.300  2.11024E-04  2.11399E-04 -1.76714E-03
   10255.923    325.861   9.350  2.10961E-04  2.11222E-04 -1.23461E-03
   10259.495    329.433   9.400  2.10911E-04  2.11056E-04 -6.84624E-04
   10263.086    333.024   9.450  2.10865E-04  2.10893E-04 -1.30448E-04
   10266.696    336.633   9.500  2.10829E-04  2.10742E-04  4.13134E-04
   10270.325    340.262   9.550  2.10789E-04  2.10593E-04  9.29859E-04
   10273.973    343.911   9.600  2.10744E-04  2.10448E-04  1.40254E-03
   10277.640    347.578   9.650  2.10692E-04  2.10310E-04  1.81423E-03
   10281.326    351.264   9.700  2.10625E-04  2.10172E-04  2.14967E-03
   10285.032    354.969   9.750  2.10539E-04  2.10035E-04  2.39668E-03
   10288.756    358.693   9.800  2.10435E-04  2.09899E-04  2.54727E-03
   10292.499    362.437   9.850  2.10313E-04  2.09767E-04  2.59847E-03
   10296.262    366.199   9.900  2.10166E-04  2.09630E-04  2.55245E-03
   10300.043    369.980   9.950  2.09998E-04  2.09492E-04  2.41612E-03
   10303.843    373.781  10.000  2.09814E-04  2.09353E-04  2.20044E-03
   10307.663    377.600  10.050  2.09613E-04  2.09211E-04  1.91906E-03
   10311.502    381.439  10.100  2.09395E-04  2.09063E-04  1.58741E-03
   10315.359    385.297  10.150  2.09161E-04  2.08906E-04  1.22117E-03
   10319.236    389.173  10.200  2.08921E-04  2.08747E-04  8.35426E-04
   10323.132    393.069  10.250  2.08670E-04  2.08578E-04  4.43937E-04
   10327.046    396.984  10.300  2.08417E-04  2.08405E-04  5.86901E-05
   10330.980    400.917  10.350  2.08156E-04  2.08221E-04 -3.10243E-04
   10334.933    404.870  10.400  2.07897E-04  2.08033E-04 -6.54423E-04
   10338.905    408.842  10.450  2.07640E-04  2.07841E-04 -9.66862E-04
   10342.896    412.833  10.500  2.07377E-04  2.07634E-04 -1.24148E-03
   10346.906    416.843  10.550  2.07118E-04  2.07424E-04 -1.47286E-03
   10350.935    420.872  10.600  2.06863E-04  2.07206E-04 -1.65595E-03
   10354.983    424.920  10.650  2.06616E-04  2.06986E-04 -1.78602E-03
   10359.050    428.987  10.700  2.06372E-04  2.06756E-04 -1.85894E-03
   10363.136    433.074  10.750  2.06133E-04  2.06520E-04 -1.87142E-03
   10367.242    437.179  10.800  2.05904E-04  2.06280E-04 -1.82167E-03
   10371.366    441.303  10.850  2.05685E-04  2.06037E-04 -1.70974E-03
   10375.509    445.447  10.900  2.05472E-04  2.05788E-04 -1.53824E-03
   10379.672    449.609  10.950  2.05269E-04  2.05539E-04 -1.31238E-03
   10383.853    453.790  11.000  2.05068E-04  2.05281E-04 -1.04026E-03
   10388.054    457.991  11.050  2.04873E-04  2.05023E-04 -7.32441E-04
   10392.273    462.211  11.100  2.04682E-04  2.04764E-04 -4.01593E-04
   10396.512    466.449  11.150  2.04492E-04  2.04505E-04 -6.17106E-05
   10400.769    470.707  11.200  2.04302E-04  2.04246E-04  2.72733E-04
   10405.046    474.984  11.250  2.04107E-04  2.03987E-04  5.87636E-04
   10409.342    479.279  11.300  2.03906E-04  2.03729E-04  8.70117E-04
   10413.657    483.594  11.350  2.03698E-04  2.03473E-04  1.10931E-03
   10417.991    487.928  11.400  2.03485E-04  2.03221E-04  1.29692E-03
   10422.344    492.281  11.450  2.03261E-04  2.02971E-04  1.42748E-03
   10426.715    496.653  11.500  2.03027E-04  2.02723E-04  1.49860E-03
   10431.106    501.044  11.550  2.02783E-04  2.02477E-04  1.51076E-03
   10435.517    505.454  11.600  2.02534E-04  2.02237E-04  1.46708E-03
   10439.946    509.883  11.650  2.02277E-04  2.01999E-04  1.37285E-03
   10444.394    514.331  11.700  2.02013E-04  2.01764E-04  1.23504E-03
   10448.861    518.798  11.750  2.01749E-04  2.01535E-04  1.06166E-03
   10453.347    523.285  11.800  2.01488E-04  2.01315E-04  8.61198E-04
   10457.853    527.790  11.850  2.01225E-04  2.01096E-04  6.42185E-04
   10462.377    532.314  11.900  2.00961E-04  2.00878E-04  4.12822E-04
   10466.920    536.858  11.950  2.00705E-04  2.00669E-04  1.80681E-04
   10471.483    541.420  12.000  2.00452E-04  2.00462E-04 -4.72638E-05
   10476.064    546.002  12.050  2.00202E-04  2.00255E-04 -2.64696E-04
   10480.665    550.602  12.100  1.99962E-04  2.00055E-04 -4.65811E-04
   10485.284    555.222  12.150  1.99730E-04  1.99859E-04 -6.45262E-04
   10489.923    559.860  12.200  1.99507E-04  1.99667E-04 -7.98135E-04
   10494.581    564.518  12.250  1.99287E-04  1.99471E-04 -9.20019E-04
   10499.258    569.195  12.300  1.99079E-04  1.99280E-04 -1.00708E-03
   10503.953    573.891  12.350  1.98879E-04  1.99090E-04 -1.05639E-03
   10508.668    578.606  12.400  1.98683E-04  1.98895E-04 -1.06627E-03
   10513.402    583.339  12.450  1.98497E-04  1.98704E-04 -1.03648E-03
   10518.155    588.092  12.500  1.98321E-04  1.98514E-04 -9.68456E-04
   10522.927    592.864  12.550  1.98144E-04  1.98316E-04 -8.65411E-04
   10527.718    597.655  12.600  1.97974E-04  1.98120E-04 -7.32278E-04
   10532.528    602.466  12.650  1.97805E-04  1.97919E-04 -5.75371E-04
   10537.357    607.295  12.700  1.97639E-04  1.97719E-04 -4.02117E-04
   10542.206    612.143  12.750  1.97468E-04  1.97512E-04 -2.20444E-04
   10547.073    617.010  12.800  1.97295E-04  1.97302E-04 -3.83577E-05
   10551.959    621.897  12.850  1.97117E-04  1.97090E-04  1.36570E-04
   10556.865    626.802  12.900  1.96930E-04  1.96871E-04  2.97647E-04
   10561.789    631.726  12.950  1.96730E-04  1.96644E-04  4.39371E-04
   10566.732    636.670  13.000  1.96525E-04  1.96415E-04  5.57552E-04
   10571.695    641.632  13.050  1.96310E-04  1.96183E-04  6.49404E-04
   10576.676    646.614  13.100  1.96084E-04  1.95943E-04  7.13350E-04
   10581.677    651.614  13.150  1.95843E-04  1.95696E-04  7.49031E-04
   10586.697    656.634  13.200  1.95595E-04  1.95447E-04  7.57041E-04
   10591.735    661.673  13.250  1.95339E-04  1.95195E-04  7.38756E-04
   10596.793    666.731  13.300  1.95072E-04  1.94936E-04  6.96082E-04
   10601.870    671.807  13.350  1.94797E-04  1.94674E-04  6.31512E-04
   10606.966    676.903  13.400  1.94512E-04  1.94405E-04  5.47831E-04
   10612.081    682.018  13.450  1.94223E-04  1.94135E-04  4.48223E-04
   10617.215    687.152  13.500  1.93923E-04  1.93858E-04  3.36154E-04
   10622.368    692.305  13.550  1.93621E-04  1.93579E-04  2.15408E-04
   10627.540    697.477  13.600  1.93323E-04  1.93305E-04  8.98845E-05
   10632.731    702.668  13.650  1.93014E-04  1.93021E-04 -3.61626E-05
   10637.941    707.878  13.700  1.92710E-04  1.92741E-04 -1.58523E-04
   10643.170    713.108  13.750  1.92408E-04  1.92461E-04 -2.72965E-04
   10648.418    718.356  13.800  1.92102E-04  1.92174E-04 -3.75487E-04
   10653.686    723.623  13.850  1.91805E-04  1.91894E-04 -4.62369E-04
   10658.972    728.909  13.900  1.91512E-04  1.91614E-04 -5.30411E-04
   10664.278    734.215  13.950  1.91224E-04  1.91335E-04 -5.77125E-04
   10669.602    739.539  14.000  1.90941E-04  1.91056E-04 -6.00822E-04
   10674.945    744.883  14.050  1.90662E-04  1.90777E-04 -6.00780E-04
   10680.308    750.245  14.100  1.90396E-04  1.90506E-04 -5.77338E-04
   10685.690    755.627  14.150  1.90130E-04  1.90231E-04 -5.31832E-04
   10691.090    761.028  14.200  1.89873E-04  1.89962E-04 -4.66699E-04
   10696.510    766.447  14.250  1.89628E-04  1.89701E-04 -3.85284E-04
   10701.949    771.886  14.300  1.89379E-04  1.89434E-04 -2.91692E-04
   10707.407    777.344  14.350  1.89140E-04  1.89176E-04 -1.90427E-04
   10712.883    782.821  14.400  1.88907E-04  1.88924E-04 -8.62348E-05
   10718.379    788.317  14.450  1.88671E-04  1.88668E-04  1.62615E-05
   10723.894    793.832  14.500  1.88440E-04  1.88419E-04  1.12892E-04
   10729.428    799.366  14.550  1.88213E-04  1.88175E-04  2.00101E-04
   10734.981    804.919  14.600  1.87981E-04  1.87929E-04  2.75212E-04
   10740.553    810.491  14.650  1.87753E-04  1.87690E-04  3.36333E-04
   10746.145    816.082  14.700  1.87523E-04  1.87451E-04  3.82464E-04
   10751.755    821.692  14.750  1.87292E-04  1.87214E-04  4.13259E-04
   10757.384    827.321  14.800  1.87062E-04  1.86982E-04  4.28864E-04
   10763.032    832.970  14.850  1.86826E-04  1.86746E-04  4.29750E-04
   10768.700    838.637  14.900  1.86592E-04  1.86514E-04  4.16596E-04
   10774.386    844.323  14.950  1.86356E-04  1.86283E-04  3.90102E-04
   10780.092    850.029  15.000  1.86113E-04  1.86048E-04  3.51055E-04
   10785.816    855.753  15.050  1.85872E-04  1.85816E-04  3.00412E-04
   10791.560    861.497  15.100  1.85630E-04  1.85585E-04  2.39387E-04
   10797.322    867.259  15.150  1.85379E-04  1.85347E-04  1.69601E-04
   10803.104    873.041  15.200  1.85128E-04  1.85111E-04  9.32456E-05
   10808.905    878.842  15.250  1.84880E-04  1.84877E-04  1.31712E-05
   10814.724    884.662  15.300  1.84618E-04  1.84630E-04 -6.72897E-05
   10820.563    890.500  15.350  1.84363E-04  1.84389E-04 -1.44289E-04
   10826.421    896.358  15.400  1.84102E-04  1.84141E-04 -2.13910E-04
   10832.298    902.235  15.450  1.83842E-04  1.83892E-04 -2.72336E-04
   10838.194    908.131  15.500  1.83582E-04  1.83640E-04 -3.16405E-04
   10844.109    914.046  15.550  1.83326E-04  1.83389E-04 -3.43719E-04
   10850.043    919.980  15.600  1.83065E-04  1.83130E-04 -3.53105E-04
   10855.996    925.933  15.650  1.82800E-04  1.82863E-04 -3.44613E-04
   10861.968    931.905  15.700  1.82541E-04  1.82599E-04 -3.19585E-04
   10867.959    937.897  15.750  1.82278E-04  1.82330E-04 -2.80333E-04
   10873.970    943.907  15.800  1.82012E-04  1.82054E-04 -2.30083E-04
   10879.999    949.936  15.850  1.81750E-04  1.81781E-04 -1.72335E-04
   10886.047    955.985  15.900  1.81482E-04  1.81502E-04 -1.10777E-04
   10892.115    962.052  15.950  1.81206E-04  1.81215E-04 -4.87169E-05
   10898.201    968.138  16.000  1.80935E-04  1.80933E-04  1.10101E-05
   10904.307    974.244  16.050  1.80657E-04  1.80645E-04  6.62622E-05
   10910.431    980.368  16.100  1.80377E-04  1.80356E-04  1.15589E-04
   10916.575    986.512  16.150  1.80095E-04  1.80066E-04  1.58049E-04
   10922.737    992.675  16.200  1.79811E-04  1.79776E-04  1.93182E-04
   10928.919    998.856  16.250  1.79524E-04  1.79485E-04  2.20696E-04
   10935.120   1005.057  16.300  1.79237E-04  1.79194E-04  2.40383E-04
   10941.340   1011.277  16.350  1.78944E-04  1.78898E-04  2.51981E-04
   10947.578   1017.516  16.400  1.78652E-04  1.78607E-04  2.55121E-04
   10953.836   1023.774  16.450  1.78361E-04  1.78316E-04  2.49427E-04
   10960.113   1030.051  16.500  1.78068E-04  1.78027E-04  2.34615E-04
   10966.409   1036.347  16.550  1.77775E-04  1.77737E-04  2.10615E-04
   10972.724   1042.662  16.600  1.77480E-04  1.77448E-04  1.77735E-04
   10979.058   1048.996  16.650  1.77185E-04  1.77161E-04  1.36764E-04
   10985.412   1055.349  16.700  1.76894E-04  1.76879E-04  8.90956E-05
   10991.784   1061.721  16.750  1.76599E-04  1.76592E-04  3.66527E-05
   10998.175   1068.112  16.800  1.76309E-04  1.76313E-04 -1.82253E-05
   11004.585   1074.523  16.850  1.76021E-04  1.76034E-04 -7.28801E-05
   11011.015   1080.952  16.900  1.75741E-04  1.75763E-04 -1.24558E-04
   11017.463   1087.400  16.950  1.75457E-04  1.75487E-04 -1.70598E-04
   11023.930   1093.868  17.000  1.75179E-04  1.75215E-04 -2.08695E-04
   11030.417   1100.354  17.050  1.74906E-04  1.74947E-04 -2.37051E-04
   11036.923   1106.860  17.100  1.74634E-04  1.74679E-04 -2.54509E-04
   11043.447   1113.384  17.150  1.74372E-04  1.74418E-04 -2.60588E-04
   11049.991   1119.928  17.200  1.74106E-04  1.74150E-04 -2.55451E-04
   11056.553   1126.491  17.250  1.73848E-04  1.73890E-04 -2.39920E-04
   11063.135   1133.073  17.300  1.73593E-04  1.73630E-04 -2.15215E-04
   11069.736   1139.673  17.350  1.73339E-04  1.73371E-04 -1.82893E-04
   11076.356   1146.293  17.400  1.73086E-04  1.73111E-04 -1.44634E-04
   11082.995   1152.932  17.450  1.72834E-04  1.72852E-04 -1.02150E-04
   11089.653   1159.590  17.500  1.72583E-04  1.72593E-04 -5.71131E-05
   11096.330   1166.267  17.550  1.72334E-04  1.72336E-04 -1.10078E-05
   11103.026   1172.963  17.600  1.72089E-04  1.72083E-04  3.47021E-05
   11109.741   1179.678  17.650  1.71837E-04  1.71824E-04  7.87082E-05
   11116.475   1186.412  17.700  1.71583E-04  1.71562E-04  1.19676E-04
   11123.228   1193.166  17.750  1.71323E-04  1.71296E-04  1.56298E-04
   11130.000   1199.938  17.800  1.71068E-04  1.71036E-04  1.87306E-04
   11136.792   1206.729  17.850  1.70804E-04  1.70768E-04  2.11460E-04
   11143.602   1213.539  17.900  1.70543E-04  1.70505E-04  2.27656E-04
   11150.431   1220.369  17.950  1.70275E-04  1.70235E-04  2.35035E-04
   11157.280   1227.217  18.000  1.70005E-04  1.69965E-04  2.33054E-04
   11164.147   1234.085  18.050  1.69725E-04  1.69688E-04  2.21632E-04
   11171.034   1240.971  18.100  1.69451E-04  1.69417E-04  2.01149E-04
   11177.940   1247.877  18.150  1.69167E-04  1.69138E-04  1.72479E-04
   11184.864   1254.802  18.200  1.68881E-04  1.68858E-04  1.36941E-04
   11191.808   1261.745  18.250  1.68587E-04  1.68571E-04  9.62205E-05
   11198.771   1268.708  18.300  1.68296E-04  1.68287E-04  5.23002E-05
   11205.752   1275.690  18.350  1.67999E-04  1.67998E-04  7.27179E-06
   11212.753   1282.691  18.400  1.67703E-04  1.67709E-04 -3.68845E-05
   11219.773   1289.711  18.450  1.67406E-04  1.67419E-04 -7.82747E-05
   11226.812   1296.749  18.500  1.67104E-04  1.67123E-04 -1.15324E-04
   11233.870   1303.807  18.550  1.66806E-04  1.66831E-04 -1.46742E-04
   11240.947   1310.885  18.600  1.66503E-04  1.66532E-04 -1.71595E-04
   11248.043   1317.981  18.650  1.66204E-04  1.66235E-04 -1.89340E-04
   11255.158   1325.096  18.700  1.65909E-04  1.65942E-04 -1.99716E-04
   11262.293   1332.230  18.750  1.65610E-04  1.65644E-04 -2.02706E-04
   11269.446   1339.383  18.800  1.65311E-04  1.65344E-04 -1.98514E-04
   11276.618   1346.556  18.850  1.65014E-04  1.65045E-04 -1.87473E-04
   11283.810   1353.747  18.900  1.64718E-04  1.64746E-04 -1.70003E-04
   11291.020   1360.957  18.950  1.64422E-04  1.64446E-04 -1.46713E-04
   11298.249   1368.187  19.000  1.64128E-04  1.64148E-04 -1.18248E-04
   11305.498   1375.435  19.050  1.63843E-04  1.63857E-04 -8.54782E-05
   11312.765   1382.703  19.100  1.63551E-04  1.63559E-04 -4.94365E-05
   11320.052   1389.989  19.150  1.63267E-04  1.63269E-04 -1.13280E-05
   11327.358   1397.295  19.200  1.62978E-04  1.62973E-04  2.74173E-05
   11334.682   1404.620  19.250  1.62695E-04  1.62684E-04  6.51862E-05
   11342.026   1411.963  19.300  1.62412E-04  1.62395E-04  1.00369E-04
   11349.389   1419.326  19.350  1.62134E-04  1.62112E-04  1.31289E-04
   11356.771   1426.708  19.400  1.61851E-04  1.61826E-04  1.56449E-04
   11364.172   1434.109  19.450  1.61567E-04  1.61539E-04  1.74660E-04
   11371.592   1441.529  19.500  1.61289E-04  1.61259E-04  1.85046E-04
   11379.031   1448.968  19.550  1.61010E-04  1.60980E-04  1.87205E-04
   11386.489   1456.426  19.600  1.60731E-04  1.60702E-04  1.81221E-04
   11393.966   1463.903  19.650  1.60459E-04  1.60432E-04  1.67664E-04
   11401.462   1471.399  19.700  1.60179E-04  1.60155E-04  1.47425E-04
   11408.977   1478.914  19.750  1.59899E-04  1.59880E-04  1.21840E-04
   11416.511   1486.449  19.800  1.59625E-04  1.59610E-04  9.23446E-05
   11424.065   1494.002  19.850  1.59352E-04  1.59343E-04  6.04954E-05
   11431.637   1501.574  19.900  1.59082E-04  1.59077E-04  2.77763E-05
   11439.228   1509.166  19.950  1.58814E-04  1.58815E-04 -4.46836E-06
