# PATH  Rmax= 9.000,  Keep_limit= 0.00, Heap_limit 0.00  Pwcrit= 2.50%
 -----------------------------------------------------------------------
  pathindex     sig2   amp ratio    deg    nlegs  r effective
        1     0.00000     0.1000E+03     1.000     2   2.3600
        2     0.00000     0.9977E+02     1.000     2   2.3621
        3     0.00000     0.9953E+02     1.000     2   2.3642
        4     0.00000     0.9949E+02     1.000     2   2.3646
        5     0.00000     0.1297E+02     1.000     2   3.0341
        6     0.00000     0.1290E+02     1.000     2   3.0402
        7     0.00000     0.1071E+02     1.000     2   3.2606
        8     0.00000     0.1045E+02     1.000     2   3.2898
        9     0.00000     0.3881E+02     1.000     2   3.3013
       10     0.00000     0.3840E+02     1.000     2   3.3143
       11     0.00000     0.3767E+02     1.000     2   3.3375
       12     0.00000     0.3508E+02     1.000     2   3.4255
       13     0.00000     0.8444E+01     1.000     2   3.5598
       14     0.00000     0.1605E+02     2.000     3   3.7141
       15     0.00000     0.1605E+02     2.000     3   3.7236
       16     0.00000     0.4357E+02     2.000     3   3.7458
       17     0.00000     0.4330E+02     2.000     3   3.7540
       18     0.00000     0.4343E+02     2.000     3   3.7617
       19     0.00000     0.7156E+01     1.000     2   3.7812
       20     0.00000     0.4257E+02     2.000     3   3.8087
       21     0.00000     0.1101E+02     2.000     3   3.8458
       22     0.00000     0.1126E+02     2.000     3   3.9034
       23     0.00000     0.7795E+01     2.000     3   3.9031
       24     0.00000     0.7793E+01     2.000     3   3.9056
       25     0.00000     0.6537E+01     1.000     2   3.9066
       26     0.00000     0.6266E+01     1.000     2   3.9666
       27     0.00000     0.8371E+01     2.000     3   3.9950
       28     0.00000     0.7358E+01     2.000     3   4.0151
       29     0.00000     0.7245E+01     2.000     3   4.0342
       30     0.00000     0.5643E+01     1.000     2   4.1176
       31     0.00000     0.5629E+01     1.000     2   4.1211
       32     0.00000     0.8577E+01     1.000     4   4.1270
       33     0.00000     0.8548E+01     1.000     4   4.1329
       34     0.00000     0.3340E+01     2.000     4   4.1587
       35     0.00000     0.3545E+01     2.000     4   4.1633
       36     0.00000     0.6753E+01     2.000     3   4.1675
       37     0.00000     0.2022E+02     1.000     2   4.1697
       38     0.00000     0.1443E+02     1.000     4   4.1859
       39     0.00000     0.1511E+02     1.000     4   4.1904
       40     0.00000     0.1243E+02     1.000     4   4.1918
       41     0.00000     0.1482E+02     1.000     4   4.1937
       42     0.00000     0.1979E+02     1.000     2   4.2012
       43     0.00000     0.1923E+02     1.000     2   4.2430
       44     0.00000     0.9382E+01     2.000     3   4.2482
       45     0.00000     0.9302E+01     2.000     3   4.2480
       46     0.00000     0.1785E+02     2.000     3   4.2578
       47     0.00000     0.1735E+02     2.000     3   4.2626
       49     0.00000     0.9693E+01     2.000     3   4.2789
       50     0.00000     0.9670E+01     2.000     3   4.2806
       51     0.00000     0.3811E+01     2.000     4   4.2866
       52     0.00000     0.3488E+01     2.000     3   4.2895
       53     0.00000     0.4984E+01     1.000     2   4.3024
       54     0.00000     0.1074E+02     2.000     3   4.3286
       55     0.00000     0.6846E+01     1.000     4   4.3540
       56     0.00000     0.1143E+02     2.000     3   4.3560
       57     0.00000     0.6789E+01     1.000     4   4.3813
       58     0.00000     0.1577E+02     1.000     4   4.3945
       59     0.00000     0.1487E+02     1.000     4   4.4076
       60     0.00000     0.1753E+02     2.000     3   4.4106
       61     0.00000     0.4381E+01     2.000     4   4.4192
       62     0.00000     0.7784E+01     2.000     3   4.4401
       63     0.00000     0.7791E+01     2.000     3   4.4426
       64     0.00000     0.3434E+01     2.000     3   4.4560
       65     0.00000     0.3423E+01     2.000     3   4.4575
       66     0.00000     0.4188E+01     2.000     4   4.5032
       67     0.00000     0.1933E+02     2.000     3   4.5093
       68     0.00000     0.1709E+02     1.000     4   4.5188
       69     0.00000     0.9425E+01     2.000     3   4.5220
       70     0.00000     0.9738E+01     2.000     3   4.5288
       71     0.00000     0.1984E+02     2.000     3   4.5368
       72     0.00000     0.1544E+02     2.000     3   4.5560
       73     0.00000     0.1386E+02     2.000     4   4.5793
       74     0.00000     0.1343E+02     2.000     4   4.5851
       75     0.00000     0.6130E+01     2.000     4   4.5928
       76     0.00000     0.7748E+01     2.000     3   4.6003
       77     0.00000     0.3086E+01     2.000     4   4.6027
       78     0.00000     0.5933E+01     2.000     4   4.6025
       79     0.00000     0.1888E+02     2.000     4   4.6370
       80     0.00000     0.7245E+01     2.000     3   4.6515
       81     0.00000     0.5166E+01     1.000     4   4.6524
       82     0.00000     0.1539E+02     2.000     3   4.6684
       83     0.00000     0.4001E+01     2.000     4   4.6707
       84     0.00000     0.4001E+01     2.000     4   4.6719
       85     0.00000     0.2914E+01     2.000     3   4.6738
       86     0.00000     0.1558E+02     2.000     3   4.6806
       87     0.00000     0.3901E+01     1.000     2   4.6855
       88     0.00000     0.6320E+01     2.000     3   4.6937
       89     0.00000     0.1254E+02     2.000     4   4.7024
       90     0.00000     0.1232E+02     2.000     4   4.7023
       91     0.00000     0.1550E+02     2.000     3   4.7077
       92     0.00000     0.6333E+01     2.000     3   4.7184
       93     0.00000     0.8803E+01     1.000     4   4.7200
       94     0.00000     0.2879E+01     2.000     4   4.7221
       95     0.00000     0.8762E+01     1.000     4   4.7242
       96     0.00000     0.5701E+01     2.000     4   4.7246
       97     0.00000     0.4773E+01     2.000     4   4.7242
       98     0.00000     0.3370E+01     2.000     4   4.7267
       99     0.00000     0.2801E+01     2.000     4   4.7263
      100     0.00000     0.8720E+01     1.000     4   4.7284
      101     0.00000     0.3356E+01     2.000     4   4.7288
      102     0.00000     0.8713E+01     1.000     4   4.7292
      103     0.00000     0.1394E+02     1.000     2   4.7355
      104     0.00000     0.5249E+01     1.000     4   4.7552
      105     0.00000     0.2739E+01     1.000     4   4.7627
      106     0.00000     0.2754E+01     1.000     4   4.7641
      107     0.00000     0.5716E+01     2.000     4   4.7819
      108     0.00000     0.3658E+01     1.000     2   4.7898
      109     0.00000     0.1433E+02     2.000     4   4.7937
      110     0.00000     0.4271E+02     2.000     3   4.7948
      111     0.00000     0.4866E+01     2.000     3   4.8061
      112     0.00000     0.8310E+01     2.000     5   4.8074
      113     0.00000     0.8086E+01     2.000     5   4.8169
      114     0.00000     0.9804E+01     1.000     4   4.8175
      115     0.00000     0.1087E+02     1.000     4   4.8307
      116     0.00000     0.3560E+01     1.000     2   4.8345
      117     0.00000     0.2472E+02     2.000     5   4.8391
      118     0.00000     0.2359E+02     2.000     5   4.8473
      119     0.00000     0.4216E+02     1.000     4   4.8541
      121     0.00000     0.4850E+01     1.000     4   4.8743
      122     0.00000     0.3363E+01     2.000     4   4.8885
      123     0.00000     0.3076E+02     2.000     5   4.9019
      124     0.00000     0.6747E+01     2.000     4   4.9085
      125     0.00000     0.5760E+01     2.000     4   4.9083
      126     0.00000     0.6575E+01     2.000     4   4.9222
      127     0.00000     0.2483E+02     2.000     3   4.9365
      129     0.00000     0.6576E+01     2.000     4   4.9392
      130     0.00000     0.4801E+01     1.000     4   4.9423
      131     0.00000     0.6793E+01     2.000     4   4.9453
      132     0.00000     0.6646E+01     2.000     4   4.9461
      133     0.00000     0.1029E+02     2.000     4   4.9539
      134     0.00000     0.3288E+01     1.000     2   4.9669
      135     0.00000     0.7054E+01     2.000     3   4.9741
      136     0.00000     0.1101E+02     2.000     4   4.9765
      137     0.00000     0.9330E+01     2.000     4   4.9888
      138     0.00000     0.3181E+01     2.000     5   4.9921
      139     0.00000     0.3178E+01     2.000     5   4.9944
      140     0.00000     0.4137E+02     2.000     4   4.9958
      141     0.00000     0.7579E+01     2.000     5   4.9967
      142     0.00000     0.7239E+01     2.000     4   5.0018
      143     0.00000     0.9934E+01     2.000     4   5.0015
      144     0.00000     0.7478E+01     2.000     4   5.0122
      145     0.00000     0.1672E+02     2.000     5   5.0201
      146     0.00000     0.4940E+01     2.000     3   5.0236
      147     0.00000     0.1025E+02     2.000     5   5.0239
      148     0.00000     0.1002E+02     2.000     5   5.0248
      150     0.00000     0.3168E+01     1.000     2   5.0298
      152     0.00000     0.5248E+01     2.000     4   5.0339
      153     0.00000     0.7690E+01     2.000     3   5.0420
      154     0.00000     0.6639E+01     2.000     4   5.0547
      155     0.00000     0.3117E+01     1.000     2   5.0578
      156     0.00000     0.3104E+01     1.000     2   5.0649
      157     0.00000     0.5567E+01     2.000     3   5.0727
      158     0.00000     0.5765E+01     2.000     3   5.0743
      159     0.00000     0.7537E+01     2.000     3   5.0852
      160     0.00000     0.6371E+01     2.000     5   5.0875
      161     0.00000     0.5681E+01     2.000     3   5.1038
      162     0.00000     0.3517E+01     2.000     5   5.1149
      163     0.00000     0.4904E+01     2.000     3   5.1267
      164     0.00000     0.6199E+01     1.000     4   5.1296
      165     0.00000     0.1235E+02     2.000     4   5.1337
      166     0.00000     0.3911E+01     2.000     3   5.1364
      167     0.00000     0.1372E+02     1.000     4   5.1376
      168     0.00000     0.6163E+01     1.000     4   5.1438
      169     0.00000     0.4964E+01     2.000     3   5.1562
      170     0.00000     0.7066E+01     2.000     3   5.1562
      171     0.00000     0.3069E+01     1.000     4   5.1601
      172     0.00000     0.2934E+01     1.000     2   5.1614
      173     0.00000     0.1110E+02     2.000     3   5.1615
      174     0.00000     0.1020E+02     2.000     3   5.1633
      175     0.00000     0.6210E+01     1.000     4   5.1635
      176     0.00000     0.3004E+01     1.000     4   5.1671
      177     0.00000     0.3107E+01     1.000     4   5.1724
      178     0.00000     0.5082E+01     2.000     4   5.1924
      179     0.00000     0.9883E+01     2.000     3   5.2016
      180     0.00000     0.3018E+02     2.000     4   5.2190
      181     0.00000     0.4324E+01     2.000     3   5.2213
      182     0.00000     0.9469E+01     2.000     5   5.2303
      183     0.00000     0.5268E+01     2.000     3   5.2340
      184     0.00000     0.9860E+01     2.000     5   5.2400
      185     0.00000     0.5736E+01     2.000     3   5.2479
      186     0.00000     0.9262E+01     2.000     3   5.2512
      188     0.00000     0.5896E+01     2.000     6   5.2519
      189     0.00000     0.6114E+01     1.000     4   5.2528
      191     0.00000     0.5810E+01     2.000     6   5.2566
      192     0.00000     0.1671E+02     2.000     5   5.2620
      193     0.00000     0.3635E+01     1.000     4   5.2626
      194     0.00000     0.1089E+02     1.000     4   5.2653
      195     0.00000     0.1849E+02     2.000     5   5.2704
      196     0.00000     0.5776E+01     2.000     3   5.2717
      197     0.00000     0.6277E+02     2.000     5   5.2783
      200     0.00000     0.1116E+02     2.000     4   5.2806
      201     0.00000     0.4401E+01     1.000     6   5.2833
      202     0.00000     0.1040E+02     1.000     6   5.2836
      203     0.00000     0.3948E+01     1.000     6   5.2833
      204     0.00000     0.1466E+02     1.000     6   5.2850
      205     0.00000     0.4497E+01     1.000     6   5.2864
      206     0.00000     0.1000E+02     1.000     6   5.2870
      207     0.00000     0.6262E+01     2.000     5   5.2915
      208     0.00000     0.4527E+01     1.000     4   5.2943
      209     0.00000     0.9086E+01     1.000     4   5.2968
      210     0.00000     0.3721E+01     2.000     3   5.3000
      211     0.00000     0.7154E+01     2.000     4   5.3030
      212     0.00000     0.5391E+01     2.000     4   5.3122
      214     0.00000     0.5000E+01     2.000     3   5.3243
      215     0.00000     0.6939E+01     2.000     4   5.3250
      216     0.00000     0.9878E+01     2.000     5   5.3255
      218     0.00000     0.5983E+01     2.000     3   5.3311
      219     0.00000     0.4464E+01     1.000     4   5.3360
      220     0.00000     0.8706E+01     1.000     4   5.3384
      221     0.00000     0.8029E+01     1.000     4   5.3410
      222     0.00000     0.4060E+01     2.000     3   5.3431
      223     0.00000     0.4455E+01     1.000     4   5.3454
      224     0.00000     0.6730E+01     2.000     4   5.3502
      225     0.00000     0.1224E+02     2.000     5   5.3510
      226     0.00000     0.5851E+01     2.000     5   5.3530
      227     0.00000     0.7078E+01     2.000     4   5.3546
      230     0.00000     0.1193E+02     2.000     5   5.3559
      231     0.00000     0.5513E+01     2.000     4   5.3604
      232     0.00000     0.1668E+02     2.000     5   5.3624
      235     0.00000     0.2686E+01     1.000     4   5.3731
      237     0.00000     0.5896E+01     2.000     4   5.3789
      238     0.00000     0.6768E+01     2.000     4   5.3791
      239     0.00000     0.6208E+01     2.000     6   5.3798
      240     0.00000     0.1042E+02     2.000     4   5.3814
      241     0.00000     0.5917E+01     2.000     5   5.3851
      243     0.00000     0.3339E+01     2.000     3   5.3978
      244     0.00000     0.4733E+01     2.000     4   5.3983
      245     0.00000     0.3909E+01     2.000     4   5.4048
      246     0.00000     0.6002E+01     2.000     4   5.4070
      247     0.00000     0.1038E+02     2.000     4   5.4085
      248     0.00000     0.4244E+01     2.000     4   5.4096
      249     0.00000     0.3893E+01     2.000     4   5.4097
      250     0.00000     0.3015E+01     2.000     4   5.4163
      251     0.00000     0.3366E+02     2.000     5   5.4200
      252     0.00000     0.6885E+01     2.000     5   5.4202
      253     0.00000     0.9541E+01     2.000     4   5.4209
      254     0.00000     0.6185E+01     2.000     4   5.4233
      255     0.00000     0.4083E+01     2.000     4   5.4250
      256     0.00000     0.4487E+01     2.000     4   5.4255
      257     0.00000     0.1001E+02     2.000     4   5.4280
      258     0.00000     0.5838E+01     2.000     5   5.4333
      259     0.00000     0.3976E+01     2.000     5   5.4379
      260     0.00000     0.2967E+01     2.000     4   5.4398
      262     0.00000     0.6608E+01     2.000     5   5.4412
      263     0.00000     0.6289E+01     2.000     4   5.4522
      264     0.00000     0.8006E+01     2.000     4   5.4571
      265     0.00000     0.3110E+01     1.000     4   5.4659
      266     0.00000     0.6280E+01     2.000     4   5.4658
      267     0.00000     0.8300E+01     2.000     4   5.4714
      268     0.00000     0.2836E+01     2.000     4   5.4746
      269     0.00000     0.3204E+01     1.000     4   5.4785
      270     0.00000     0.6155E+01     2.000     4   5.4851
      271     0.00000     0.8294E+01     2.000     3   5.4859
      272     0.00000     0.3352E+01     2.000     4   5.4879
      273     0.00000     0.1255E+02     1.000     6   5.4878
      274     0.00000     0.7413E+01     2.000     3   5.4906
      275     0.00000     0.8096E+01     2.000     3   5.4925
      277     0.00000     0.4500E+01     2.000     3   5.4950
      278     0.00000     0.8239E+01     2.000     4   5.4955
      279     0.00000     0.3105E+01     2.000     3   5.4997
      280     0.00000     0.5983E+01     1.000     4   5.5004
      281     0.00000     0.3570E+01     1.000     4   5.5009
      283     0.00000     0.1185E+02     1.000     6   5.5009
      284     0.00000     0.1190E+02     2.000     5   5.5038
      285     0.00000     0.5206E+01     2.000     5   5.5041
      286     0.00000     0.7965E+01     2.000     3   5.5120
      287     0.00000     0.1564E+02     2.000     5   5.5115
      288     0.00000     0.3482E+01     2.000     6   5.5117
      291     0.00000     0.2879E+01     2.000     4   5.5267
      292     0.00000     0.5359E+01     2.000     5   5.5334
      293     0.00000     0.5354E+01     2.000     5   5.5358
      294     0.00000     0.3207E+01     2.000     4   5.5388
      295     0.00000     0.5424E+01     2.000     5   5.5424
      296     0.00000     0.5558E+01     2.000     4   5.5440
      297     0.00000     0.5739E+01     2.000     4   5.5481
      298     0.00000     0.7806E+01     2.000     4   5.5478
      299     0.00000     0.5363E+01     2.000     5   5.5531
      300     0.00000     0.6793E+01     2.000     3   5.5543
      301     0.00000     0.7877E+01     2.000     4   5.5544
      302     0.00000     0.3226E+01     2.000     3   5.5631
      303     0.00000     0.1199E+02     2.000     5   5.5741
      304     0.00000     0.1197E+02     2.000     5   5.5835
      305     0.00000     0.7623E+01     2.000     4   5.5848
      306     0.00000     0.3825E+01     2.000     4   5.5870
      307     0.00000     0.1230E+02     2.000     5   5.5877
      309     0.00000     0.4022E+01     2.000     4   5.5988
      310     0.00000     0.1322E+02     2.000     5   5.6026
      311     0.00000     0.9195E+01     2.000     5   5.6024
      312     0.00000     0.1680E+02     2.000     5   5.6050
      313     0.00000     0.1349E+02     1.000     6   5.6120
      314     0.00000     0.3225E+01     2.000     5   5.6149
      315     0.00000     0.5479E+01     2.000     5   5.6175
      316     0.00000     0.6534E+01     2.000     5   5.6220
      317     0.00000     0.3089E+01     2.000     4   5.6227
      318     0.00000     0.9322E+01     2.000     5   5.6299
      319     0.00000     0.1256E+02     2.000     5   5.6301
      320     0.00000     0.1015E+02     2.000     4   5.6317
      321     0.00000     0.1651E+02     2.000     5   5.6323
      322     0.00000     0.5536E+01     2.000     5   5.6331
      323     0.00000     0.1281E+02     2.000     5   5.6359
      324     0.00000     0.5896E+01     2.000     4   5.6427
      325     0.00000     0.1243E+02     2.000     5   5.6441
      326     0.00000     0.1012E+02     2.000     5   5.6463
      327     0.00000     0.5803E+01     2.000     5   5.6484
      328     0.00000     0.1403E+02     2.000     5   5.6493
      329     0.00000     0.6455E+01     2.000     5   5.6489
      330     0.00000     0.1017E+02     2.000     4   5.6499
      331     0.00000     0.3422E+01     2.000     4   5.6519
      332     0.00000     0.1724E+02     2.000     5   5.6516
      333     0.00000     0.5482E+01     2.000     5   5.6533
      334     0.00000     0.6880E+01     2.000     3   5.6556
      335     0.00000     0.2926E+01     2.000     5   5.6596
      336     0.00000     0.5997E+01     2.000     4   5.6602
      337     0.00000     0.4800E+01     2.000     4   5.6634
      338     0.00000     0.2854E+01     2.000     4   5.6649
      339     0.00000     0.5125E+01     2.000     4   5.6648
      340     0.00000     0.7030E+01     2.000     4   5.6655
      341     0.00000     0.1133E+02     2.000     4   5.6654
      342     0.00000     0.5856E+01     2.000     4   5.6663
      343     0.00000     0.8755E+01     2.000     4   5.6704
      344     0.00000     0.4747E+01     2.000     5   5.6717
      345     0.00000     0.1092E+02     2.000     6   5.6725
      346     0.00000     0.9974E+01     2.000     6   5.6749
      347     0.00000     0.6781E+01     2.000     4   5.6789
      348     0.00000     0.4752E+01     2.000     4   5.6785
      349     0.00000     0.1059E+02     2.000     6   5.6784
      350     0.00000     0.1029E+02     2.000     6   5.6797
      351     0.00000     0.1110E+02     2.000     5   5.6807
      353     0.00000     0.6055E+01     2.000     5   5.6870
      354     0.00000     0.9651E+01     2.000     5   5.6895
      355     0.00000     0.4422E+01     2.000     4   5.6924
      356     0.00000     0.1108E+02     2.000     5   5.6931
      357     0.00000     0.3375E+01     2.000     5   5.6934
      358     0.00000     0.5763E+01     2.000     4   5.6961
      359     0.00000     0.4737E+01     2.000     5   5.6959
      360     0.00000     0.4112E+01     2.000     4   5.6968
      361     0.00000     0.4726E+01     2.000     4   5.6975
      362     0.00000     0.3830E+01     2.000     5   5.6985
      363     0.00000     0.6647E+01     2.000     4   5.6996
      365     0.00000     0.6320E+01     2.000     5   5.7008
      366     0.00000     0.4451E+01     2.000     4   5.7017
      367     0.00000     0.9803E+01     2.000     5   5.7023
      368     0.00000     0.2645E+02     1.000     6   5.7025
      369     0.00000     0.7698E+01     1.000     6   5.7066
      370     0.00000     0.4243E+01     2.000     4   5.7075
      371     0.00000     0.6116E+01     1.000     6   5.7086
      372     0.00000     0.8421E+01     1.000     6   5.7101
      373     0.00000     0.4465E+01     2.000     4   5.7114
      374     0.00000     0.3996E+01     2.000     4   5.7147
      375     0.00000     0.9048E+01     2.000     4   5.7149
      376     0.00000     0.6378E+01     2.000     5   5.7158
      377     0.00000     0.9059E+01     1.000     4   5.7174
      379     0.00000     0.7951E+01     2.000     4   5.7230
      380     0.00000     0.9023E+01     2.000     5   5.7242
      381     0.00000     0.1070E+02     2.000     5   5.7241
      382     0.00000     0.1584E+02     2.000     5   5.7247
      384     0.00000     0.4814E+01     2.000     5   5.7307
      385     0.00000     0.1450E+02     2.000     6   5.7302
      386     0.00000     0.3964E+01     2.000     4   5.7402
      388     0.00000     0.3263E+01     2.000     5   5.7445
      389     0.00000     0.4527E+01     2.000     5   5.7469
      390     0.00000     0.9023E+01     1.000     4   5.7594
      391     0.00000     0.1241E+02     2.000     5   5.7640
      392     0.00000     0.5325E+01     2.000     5   5.7710
      393     0.00000     0.4941E+01     2.000     5   5.7717
      394     0.00000     0.9989E+01     2.000     5   5.7740
      395     0.00000     0.4733E+01     2.000     5   5.7767
      396     0.00000     0.1091E+02     2.000     5   5.7762
      397     0.00000     0.4382E+01     2.000     5   5.7774
      398     0.00000     0.1012E+02     2.000     5   5.7790
      401     0.00000     0.1055E+02     2.000     5   5.7859
      402     0.00000     0.3852E+01     2.000     5   5.7868
      403     0.00000     0.1370E+02     2.000     6   5.7866
      404     0.00000     0.5226E+01     2.000     4   5.7876
      405     0.00000     0.5583E+01     2.000     5   5.7880
      406     0.00000     0.4492E+01     2.000     4   5.7901
      407     0.00000     0.3655E+01     2.000     5   5.7917
      408     0.00000     0.2710E+01     2.000     5   5.7947
      409     0.00000     0.3219E+01     2.000     3   5.7972
      410     0.00000     0.1074E+02     2.000     5   5.8031
      411     0.00000     0.8627E+01     2.000     6   5.8034
      412     0.00000     0.9145E+01     2.000     5   5.8050
      413     0.00000     0.5263E+01     2.000     4   5.8070
      414     0.00000     0.4728E+01     2.000     5   5.8077
      415     0.00000     0.8325E+01     2.000     5   5.8112
      416     0.00000     0.3712E+01     2.000     5   5.8113
      417     0.00000     0.3842E+01     2.000     5   5.8114
      418     0.00000     0.4181E+01     2.000     5   5.8141
      419     0.00000     0.8170E+01     2.000     5   5.8143
      420     0.00000     0.3644E+01     2.000     5   5.8163
      422     0.00000     0.2787E+01     2.000     5   5.8188
      423     0.00000     0.4736E+01     2.000     5   5.8193
      424     0.00000     0.4012E+01     2.000     5   5.8209
      425     0.00000     0.7970E+01     2.000     5   5.8259
      426     0.00000     0.5323E+01     1.000     4   5.8303
      427     0.00000     0.7989E+01     2.000     5   5.8451
      428     0.00000     0.7968E+01     2.000     5   5.8482
      429     0.00000     0.3028E+01     2.000     5   5.8527
      430     0.00000     0.8906E+01     2.000     4   5.8566
      432     0.00000     0.6239E+01     2.000     5   5.8608
      433     0.00000     0.2706E+01     2.000     4   5.8618
      434     0.00000     0.4815E+01     2.000     5   5.8655
      435     0.00000     0.6590E+01     2.000     5   5.8658
      436     0.00000     0.4020E+01     2.000     5   5.8659
      437     0.00000     0.1533E+02     2.000     5   5.8664
      438     0.00000     0.4957E+01     2.000     5   5.8706
      439     0.00000     0.2907E+01     2.000     5   5.8714
      440     0.00000     0.6403E+01     2.000     5   5.8732
      441     0.00000     0.2724E+01     2.000     5   5.8764
      442     0.00000     0.5919E+01     2.000     5   5.8813
      443     0.00000     0.2970E+01     2.000     5   5.8824
      445     0.00000     0.1116E+02     2.000     6   5.8869
      446     0.00000     0.2781E+01     2.000     5   5.8872
      447     0.00000     0.3326E+01     2.000     5   5.8874
      448     0.00000     0.5510E+01     2.000     5   5.8879
      449     0.00000     0.8323E+01     2.000     5   5.8880
      450     0.00000     0.1634E+02     2.000     5   5.8896
      452     0.00000     0.2982E+01     2.000     5   5.8990
      453     0.00000     0.7527E+01     2.000     7   5.9003
      454     0.00000     0.7456E+01     2.000     7   5.9006
      455     0.00000     0.2846E+01     2.000     5   5.9029
      456     0.00000     0.7341E+01     2.000     7   5.9095
      457     0.00000     0.5083E+01     2.000     5   5.9105
      458     0.00000     0.4050E+01     1.000     6   5.9103
      459     0.00000     0.5175E+01     1.000     6   5.9105
      460     0.00000     0.7254E+01     2.000     7   5.9102
      461     0.00000     0.2195E+02     2.000     6   5.9107
      462     0.00000     0.8393E+01     1.000     6   5.9131
      463     0.00000     0.5432E+01     2.000     4   5.9148
      464     0.00000     0.7622E+01     2.000     5   5.9160
      465     0.00000     0.5253E+01     2.000     5   5.9182
      467     0.00000     0.4774E+01     2.000     5   5.9232
      468     0.00000     0.3631E+01     2.000     5   5.9237
      469     0.00000     0.2152E+02     2.000     6   5.9240
      470     0.00000     0.4156E+01     1.000     6   5.9241
      471     0.00000     0.5379E+01     1.000     6   5.9237
      472     0.00000     0.9279E+01     2.000     5   5.9246
      473     0.00000     0.8426E+01     1.000     6   5.9261
      474     0.00000     0.5686E+01     2.000     5   5.9267
      475     0.00000     0.8026E+01     2.000     5   5.9274
      476     0.00000     0.3152E+01     2.000     5   5.9292
      477     0.00000     0.7314E+01     2.000     5   5.9310
      478     0.00000     0.3016E+01     2.000     7   5.9320
      479     0.00000     0.2157E+02     2.000     7   5.9323
      480     0.00000     0.7657E+01     2.000     5   5.9352
      481     0.00000     0.1296E+02     2.000     6   5.9357
      482     0.00000     0.3028E+01     2.000     7   5.9400
      483     0.00000     0.2058E+02     2.000     7   5.9406
      484     0.00000     0.9267E+01     2.000     6   5.9467
      485     0.00000     0.9399E+01     1.000     6   5.9473
      486     0.00000     0.8813E+01     1.000     6   5.9472
      487     0.00000     0.8885E+01     2.000     6   5.9475
      488     0.00000     0.1256E+02     1.000     6   5.9490
      489     0.00000     0.5032E+01     2.000     5   5.9630
      490     0.00000     0.5033E+01     2.000     4   5.9720
      491     0.00000     0.4376E+01     2.000     5   5.9740
      492     0.00000     0.4898E+01     2.000     5   5.9749
      493     0.00000     0.5308E+01     2.000     5   5.9786
      494     0.00000     0.3492E+01     2.000     7   5.9934
      495     0.00000     0.2651E+02     2.000     7   5.9951
      496     0.00000     0.2685E+01     2.000     5   5.9964
      497     0.00000     0.2899E+01     2.000     6   6.0012
      498     0.00000     0.4929E+01     2.000     6   6.0013
      499     0.00000     0.9041E+01     2.000     6   6.0017
      500     0.00000     0.9730E+01     2.000     6   6.0015
      501     0.00000     0.3393E+01     2.000     6   6.0015
      502     0.00000     0.4251E+01     2.000     6   6.0014
      503     0.00000     0.3518E+01     2.000     5   6.0036
      504     0.00000     0.4370E+01     2.000     6   6.0038
      505     0.00000     0.4361E+01     2.000     6   6.0041
      507     0.00000     0.3141E+01     2.000     5   6.0091
      508     0.00000     0.5558E+01     1.000     6   6.0119
      509     0.00000     0.7428E+01     2.000     6   6.0153
      510     0.00000     0.2906E+01     2.000     6   6.0178
      511     0.00000     0.5503E+01     1.000     6   6.0187
      512     0.00000     0.5799E+01     1.000     6   6.0190
      513     0.00000     0.3785E+01     2.000     5   6.0229
      514     0.00000     0.5457E+01     1.000     6   6.0232
      515     0.00000     0.2371E+02     2.000     5   6.0255
      516     0.00000     0.5599E+01     2.000     5   6.0297
      517     0.00000     0.1478E+02     2.000     5   6.0314
      518     0.00000     0.7860E+01     2.000     5   6.0313
      520     0.00000     0.3874E+01     2.000     5   6.0341
      521     0.00000     0.1583E+02     2.000     6   6.0347
      522     0.00000     0.1949E+02     2.000     6   6.0356
      523     0.00000     0.2954E+01     1.000     6   6.0354
      524     0.00000     0.3249E+01     1.000     6   6.0353
      525     0.00000     0.7583E+01     1.000     6   6.0379
      526     0.00000     0.8638E+01     2.000     6   6.0386
      527     0.00000     0.3366E+01     2.000     6   6.0384
      528     0.00000     0.4955E+01     2.000     6   6.0388
      529     0.00000     0.7408E+01     2.000     6   6.0392
      530     0.00000     0.4274E+01     2.000     6   6.0408
      531     0.00000     0.2872E+01     2.000     6   6.0415
      532     0.00000     0.4260E+01     2.000     5   6.0446
      533     0.00000     0.3311E+01     2.000     6   6.0470
      534     0.00000     0.1508E+02     2.000     6   6.0495
      535     0.00000     0.2440E+02     2.000     5   6.0532
      536     0.00000     0.4983E+01     2.000     4   6.0644
      537     0.00000     0.5018E+01     2.000     5   6.0670
      538     0.00000     0.9532E+01     2.000     6   6.0683
      539     0.00000     0.3583E+01     2.000     5   6.0696
      540     0.00000     0.3497E+01     2.000     6   6.0696
      541     0.00000     0.8824E+01     2.000     6   6.0705
      542     0.00000     0.1501E+02     2.000     6   6.0720
      543     0.00000     0.1761E+02     2.000     5   6.0728
      545     0.00000     0.3682E+01     2.000     5   6.0797
      546     0.00000     0.5236E+01     2.000     5   6.0811
      549     0.00000     0.5273E+01     2.000     6   6.0818
      550     0.00000     0.9830E+01     2.000     6   6.0820
      551     0.00000     0.1106E+02     2.000     6   6.0844
      552     0.00000     0.3619E+01     2.000     5   6.0880
      553     0.00000     0.3712E+01     2.000     5   6.0877
      554     0.00000     0.2702E+01     2.000     6   6.0881
      556     0.00000     0.6875E+01     2.000     7   6.0882
      557     0.00000     0.7904E+01     2.000     6   6.0890
      558     0.00000     0.1025E+02     2.000     6   6.0890
      559     0.00000     0.8847E+01     2.000     5   6.0896
      560     0.00000     0.6859E+01     2.000     7   6.0899
      561     0.00000     0.2462E+02     2.000     6   6.0907
      562     0.00000     0.3957E+01     2.000     6   6.0935
      564     0.00000     0.4823E+01     2.000     6   6.0949
      565     0.00000     0.5527E+01     2.000     6   6.0946
      566     0.00000     0.9590E+01     2.000     6   6.0948
      567     0.00000     0.9208E+01     2.000     6   6.0955
      568     0.00000     0.4911E+01     2.000     4   6.0975
      569     0.00000     0.1125E+02     2.000     6   6.0970
      570     0.00000     0.4450E+01     2.000     6   6.0999
      571     0.00000     0.5472E+01     2.000     6   6.0999
      573     0.00000     0.9317E+01     2.000     6   6.1015
      575     0.00000     0.4906E+01     2.000     6   6.1053
      576     0.00000     0.4837E+01     2.000     4   6.1074
      577     0.00000     0.4523E+01     2.000     6   6.1101
      578     0.00000     0.5585E+01     2.000     6   6.1101
      580     0.00000     0.3417E+01     2.000     7   6.1117
      581     0.00000     0.4965E+01     2.000     4   6.1125
      582     0.00000     0.5552E+01     2.000     6   6.1138
      583     0.00000     0.1461E+02     2.000     7   6.1134
      584     0.00000     0.3541E+01     2.000     5   6.1148
      585     0.00000     0.6616E+01     2.000     5   6.1165
      586     0.00000     0.6951E+01     2.000     6   6.1169
      587     0.00000     0.2781E+01     2.000     7   6.1167
      588     0.00000     0.9263E+01     2.000     7   6.1171
      589     0.00000     0.2819E+01     2.000     7   6.1175
      590     0.00000     0.9045E+01     2.000     7   6.1181
      591     0.00000     0.7583E+01     2.000     6   6.1192
      592     0.00000     0.9688E+01     2.000     6   6.1252
      593     0.00000     0.5787E+01     2.000     6   6.1268
      595     0.00000     0.2826E+01     2.000     6   6.1294
      597     0.00000     0.9712E+01     2.000     6   6.1328
      598     0.00000     0.8092E+01     2.000     6   6.1341
      599     0.00000     0.9080E+01     2.000     6   6.1341
      600     0.00000     0.5386E+01     2.000     5   6.1351
      601     0.00000     0.4156E+01     2.000     5   6.1359
      602     0.00000     0.3144E+01     2.000     5   6.1377
      603     0.00000     0.9477E+01     2.000     5   6.1391
      604     0.00000     0.4146E+01     2.000     6   6.1400
      606     0.00000     0.8276E+01     2.000     6   6.1420
      607     0.00000     0.9372E+01     2.000     6   6.1420
      609     0.00000     0.1058E+02     2.000     6   6.1480
      610     0.00000     0.7505E+01     2.000     6   6.1484
      611     0.00000     0.6779E+01     2.000     6   6.1483
      612     0.00000     0.8599E+01     2.000     6   6.1483
      613     0.00000     0.6741E+01     2.000     6   6.1484
      614     0.00000     0.1741E+02     2.000     6   6.1489
      615     0.00000     0.1372E+02     2.000     6   6.1489
      616     0.00000     0.1068E+02     2.000     6   6.1503
      617     0.00000     0.2999E+01     2.000     5   6.1503
      618     0.00000     0.6197E+01     2.000     6   6.1524
      619     0.00000     0.9717E+01     2.000     6   6.1538
      620     0.00000     0.3437E+01     2.000     5   6.1582
      621     0.00000     0.6468E+01     2.000     5   6.1679
      622     0.00000     0.8778E+01     2.000     5   6.1730
      623     0.00000     0.3063E+01     2.000     6   6.1754
      624     0.00000     0.5274E+01     2.000     5   6.1783
      625     0.00000     0.3040E+01     2.000     5   6.1807
      626     0.00000     0.3071E+01     2.000     5   6.1815
      627     0.00000     0.9405E+01     2.000     6   6.1881
      630     0.00000     0.7520E+01     2.000     6   6.1975
      631     0.00000     0.7747E+01     2.000     6   6.1975
      633     0.00000     0.3112E+01     2.000     5   6.2009
      635     0.00000     0.3009E+01     2.000     6   6.2116
      636     0.00000     0.8202E+01     2.000     6   6.2185
      637     0.00000     0.8385E+01     2.000     6   6.2187
      638     0.00000     0.6486E+01     2.000     6   6.2228
      639     0.00000     0.2983E+01     2.000     5   6.2233
      640     0.00000     0.3838E+01     2.000     6   6.2240
      641     0.00000     0.2918E+01     2.000     5   6.2264
      642     0.00000     0.5819E+01     2.000     6   6.2268
      643     0.00000     0.8663E+01     2.000     6   6.2271
      644     0.00000     0.4118E+01     2.000     5   6.2312
      645     0.00000     0.5200E+01     2.000     6   6.2323
      647     0.00000     0.6403E+01     2.000     6   6.2323
      648     0.00000     0.1433E+02     1.000     6   6.2324
      649     0.00000     0.3822E+01     2.000     3   6.2331
      651     0.00000     0.6250E+01     2.000     6   6.2371
      652     0.00000     0.4427E+01     2.000     6   6.2412
      655     0.00000     0.4974E+01     2.000     5   6.2493
      656     0.00000     0.9892E+01     1.000     4   6.2521
      657     0.00000     0.3190E+01     1.000     6   6.2557
      658     0.00000     0.7437E+01     2.000     5   6.2571
      659     0.00000     0.5222E+01     2.000     4   6.2581
      660     0.00000     0.6897E+01     2.000     5   6.2589
      661     0.00000     0.3358E+01     1.000     6   6.2627
      662     0.00000     0.5388E+01     2.000     6   6.2662
      663     0.00000     0.3939E+01     2.000     6   6.2668
      664     0.00000     0.3350E+01     1.000     6   6.2678
      665     0.00000     0.3973E+01     2.000     6   6.2724
      666     0.00000     0.3417E+01     2.000     6   6.2853
      667     0.00000     0.3183E+01     2.000     6   6.2892
      668     0.00000     0.1326E+02     2.000     6   6.2906
      670     0.00000     0.6691E+01     2.000     5   6.2971
      672     0.00000     0.4606E+01     2.000     6   6.3054
      673     0.00000     0.2834E+01     2.000     5   6.3061
      674     0.00000     0.4607E+01     2.000     6   6.3063
      675     0.00000     0.3240E+01     2.000     5   6.3074
      676     0.00000     0.4678E+01     2.000     6   6.3099
      677     0.00000     0.7053E+01     2.000     6   6.3105
      678     0.00000     0.4303E+02     2.000     5   6.3114
      680     0.00000     0.4703E+01     2.000     6   6.3121
      681     0.00000     0.6012E+01     2.000     6   6.3122
      683     0.00000     0.4802E+01     2.000     6   6.3129
      684     0.00000     0.1719E+02     2.000     6   6.3138
      685     0.00000     0.8347E+01     2.000     7   6.3232
      687     0.00000     0.6112E+01     2.000     7   6.3236
      688     0.00000     0.9604E+01     2.000     7   6.3234
      689     0.00000     0.8221E+01     2.000     7   6.3236
      690     0.00000     0.3368E+01     2.000     7   6.3260
      692     0.00000     0.8691E+01     2.000     7   6.3326
      693     0.00000     0.6163E+01     2.000     7   6.3333
      694     0.00000     0.9768E+01     2.000     7   6.3330
      695     0.00000     0.7979E+01     2.000     7   6.3333
      696     0.00000     0.1728E+02     1.000     6   6.3337
      698     0.00000     0.3393E+01     2.000     7   6.3354
      699     0.00000     0.4555E+01     2.000     5   6.3376
      700     0.00000     0.4843E+01     2.000     4   6.3383
      701     0.00000     0.6077E+01     2.000     5   6.3444
      702     0.00000     0.4405E+01     2.000     3   6.3453
      703     0.00000     0.6493E+01     2.000     6   6.3460
      704     0.00000     0.1845E+02     1.000     6   6.3471
      705     0.00000     0.9437E+01     2.000     7   6.3549
      706     0.00000     0.3196E+01     2.000     7   6.3549
      707     0.00000     0.1851E+02     2.000     7   6.3553
      708     0.00000     0.3537E+01     2.000     7   6.3551
      709     0.00000     0.1837E+02     2.000     7   6.3553
      711     0.00000     0.1618E+02     2.000     7   6.3577
      712     0.00000     0.4237E+01     2.000     6   6.3582
      713     0.00000     0.5466E+01     2.000     5   6.3595
      714     0.00000     0.8466E+01     1.000     6   6.3608
      715     0.00000     0.3511E+01     2.000     7   6.3631
      716     0.00000     0.3860E+01     2.000     7   6.3634
      717     0.00000     0.9630E+01     2.000     7   6.3639
      718     0.00000     0.1835E+02     2.000     7   6.3637
      719     0.00000     0.1820E+02     2.000     7   6.3637
      720     0.00000     0.1655E+02     2.000     7   6.3658
      721     0.00000     0.2886E+01     2.000     7   6.3660
      722     0.00000     0.4622E+01     2.000     5   6.3663
      723     0.00000     0.5173E+02     1.000     6   6.3707
      724     0.00000     0.7515E+01     2.000     7   6.3709
      725     0.00000     0.7262E+01     2.000     7   6.3709
      726     0.00000     0.1314E+02     2.000     7   6.3714
      727     0.00000     0.5296E+01     2.000     7   6.3717
      728     0.00000     0.1195E+02     2.000     7   6.3715
      729     0.00000     0.5196E+01     2.000     5   6.3725
      730     0.00000     0.3001E+02     2.000     7   6.3732
      731     0.00000     0.4969E+01     2.000     6   6.3737
      732     0.00000     0.2736E+01     2.000     7   6.3792
      735     0.00000     0.4420E+01     2.000     6   6.3816
      736     0.00000     0.2908E+01     2.000     4   6.3854
      737     0.00000     0.4352E+01     2.000     6   6.3899
      738     0.00000     0.5314E+01     2.000     5   6.3913
      739     0.00000     0.3617E+01     2.000     6   6.3913
      740     0.00000     0.7126E+01     1.000     6   6.3924
      741     0.00000     0.3833E+01     2.000     6   6.3958
      742     0.00000     0.8752E+01     2.000     5   6.3976
      744     0.00000     0.2755E+01     2.000     6   6.4078
      745     0.00000     0.5741E+01     2.000     6   6.4076
      746     0.00000     0.3736E+01     2.000     6   6.4087
      747     0.00000     0.2968E+01     2.000     6   6.4091
      748     0.00000     0.5613E+01     2.000     6   6.4146
      750     0.00000     0.5441E+01     2.000     6   6.4181
      752     0.00000     0.8902E+01     2.000     7   6.4186
      753     0.00000     0.1843E+02     2.000     7   6.4187
      754     0.00000     0.1736E+02     2.000     7   6.4187
      755     0.00000     0.2753E+01     2.000     6   6.4206
      756     0.00000     0.1471E+02     2.000     7   6.4210
      757     0.00000     0.2946E+01     2.000     6   6.4212
      758     0.00000     0.7693E+01     2.000     6   6.4246
      759     0.00000     0.6518E+01     2.000     6   6.4251
      760     0.00000     0.4235E+01     2.000     6   6.4315
      761     0.00000     0.6836E+01     1.000     6   6.4338
      762     0.00000     0.5731E+01     1.000     6   6.4342
      763     0.00000     0.3925E+01     2.000     6   6.4363
      766     0.00000     0.5415E+01     2.000     6   6.4433
      767     0.00000     0.1091E+02     2.000     7   6.4443
      769     0.00000     0.3229E+01     2.000     6   6.4458
      770     0.00000     0.5527E+01     2.000     6   6.4476
      771     0.00000     0.2773E+01     2.000     6   6.4500
      772     0.00000     0.2008E+02     2.000     5   6.4531
      774     0.00000     0.6640E+01     2.000     7   6.4549
      775     0.00000     0.8210E+01     2.000     6   6.4555
      776     0.00000     0.1309E+02     2.000     6   6.4560
      777     0.00000     0.1145E+02     2.000     7   6.4555
      778     0.00000     0.1439E+02     2.000     7   6.4558
      779     0.00000     0.3237E+01     2.000     7   6.4555
      780     0.00000     0.3745E+01     2.000     7   6.4572
      781     0.00000     0.1072E+02     1.000     6   6.4591
      782     0.00000     0.7754E+01     2.000     6   6.4617
      783     0.00000     0.6484E+01     2.000     6   6.4642
      784     0.00000     0.4788E+01     2.000     5   6.4652
      786     0.00000     0.1722E+02     2.000     6   6.4701
      788     0.00000     0.2783E+01     2.000     6   6.4711
      789     0.00000     0.4786E+01     2.000     6   6.4720
      790     0.00000     0.5447E+01     2.000     6   6.4721
      793     0.00000     0.3014E+01     2.000     6   6.4738
      796     0.00000     0.3007E+01     2.000     6   6.4745
      797     0.00000     0.3199E+01     2.000     6   6.4745
      798     0.00000     0.5134E+01     2.000     3   6.4753
      799     0.00000     0.8166E+01     2.000     6   6.4770
      800     0.00000     0.2673E+01     2.000     5   6.4856
      801     0.00000     0.3056E+01     2.000     7   6.4888
      803     0.00000     0.3231E+01     2.000     6   6.4896
      805     0.00000     0.1800E+02     2.000     6   6.4929
      808     0.00000     0.4865E+01     2.000     6   6.5000
      809     0.00000     0.3710E+01     2.000     5   6.5015
      811     0.00000     0.3013E+01     2.000     6   6.5024
      812     0.00000     0.8124E+01     2.000     6   6.5039
      813     0.00000     0.1511E+02     2.000     6   6.5049
      815     0.00000     0.6126E+01     2.000     7   6.5118
      816     0.00000     0.4606E+02     2.000     6   6.5124
      818     0.00000     0.4702E+01     2.000     7   6.5134
      819     0.00000     0.6855E+01     2.000     7   6.5131
      820     0.00000     0.7583E+01     2.000     7   6.5134
      821     0.00000     0.7093E+01     2.000     7   6.5132
      822     0.00000     0.3979E+01     2.000     7   6.5135
      823     0.00000     0.7991E+01     2.000     7   6.5132
      825     0.00000     0.2929E+01     2.000     6   6.5142
      826     0.00000     0.7045E+01     2.000     6   6.5141
      827     0.00000     0.2705E+01     2.000     6   6.5142
      828     0.00000     0.3873E+01     2.000     6   6.5147
      829     0.00000     0.2838E+02     2.000     7   6.5149
      830     0.00000     0.2921E+01     2.000     7   6.5157
      832     0.00000     0.4864E+01     2.000     6   6.5164
      833     0.00000     0.3195E+01     2.000     6   6.5169
      834     0.00000     0.3220E+01     2.000     6   6.5171
      836     0.00000     0.1594E+02     2.000     6   6.5179
      837     0.00000     0.9676E+01     2.000     6   6.5180
      839     0.00000     0.2715E+01     2.000     6   6.5213
      841     0.00000     0.7859E+01     2.000     6   6.5236
      842     0.00000     0.2854E+01     2.000     6   6.5274
      843     0.00000     0.9949E+01     2.000     6   6.5286
      845     0.00000     0.8613E+01     2.000     7   6.5290
      847     0.00000     0.4175E+01     2.000     6   6.5304
      850     0.00000     0.1008E+02     2.000     7   6.5311
      851     0.00000     0.3404E+01     2.000     6   6.5331
      852     0.00000     0.8411E+01     2.000     7   6.5334
      856     0.00000     0.2786E+01     2.000     6   6.5366
      857     0.00000     0.7822E+01     2.000     7   6.5369
      858     0.00000     0.9073E+01     2.000     7   6.5367
      859     0.00000     0.5953E+01     2.000     5   6.5393
      860     0.00000     0.7146E+01     2.000     7   6.5400
      861     0.00000     0.7314E+01     2.000     7   6.5412
      862     0.00000     0.4738E+01     2.000     3   6.5461
      864     0.00000     0.2996E+01     2.000     6   6.5503
      865     0.00000     0.6170E+01     2.000     6   6.5502
      866     0.00000     0.4896E+01     2.000     5   6.5513
      867     0.00000     0.3736E+01     2.000     6   6.5519
      871     0.00000     0.3286E+01     2.000     4   6.5654
      872     0.00000     0.3947E+01     2.000     4   6.5665
      873     0.00000     0.8252E+01     2.000     7   6.5712
      874     0.00000     0.1121E+02     2.000     6   6.5715
      876     0.00000     0.1422E+02     2.000     7   6.5731
      879     0.00000     0.6846E+01     2.000     7   6.5786
      880     0.00000     0.4758E+01     2.000     5   6.5791
      882     0.00000     0.6319E+01     2.000     7   6.5806
      883     0.00000     0.7120E+01     2.000     7   6.5817
      885     0.00000     0.4906E+01     2.000     5   6.5854
      886     0.00000     0.3650E+01     2.000     5   6.5858
      887     0.00000     0.7322E+01     2.000     5   6.5868
      889     0.00000     0.6604E+01     2.000     6   6.5909
      891     0.00000     0.3279E+01     2.000     6   6.5946
      892     0.00000     0.2847E+01     2.000     6   6.5947
      894     0.00000     0.1362E+02     2.000     7   6.6041
      895     0.00000     0.5427E+01     2.000     7   6.6050
      896     0.00000     0.9787E+01     2.000     7   6.6047
      897     0.00000     0.2917E+01     2.000     7   6.6047
      898     0.00000     0.3347E+01     2.000     7   6.6064
      900     0.00000     0.4365E+01     2.000     4   6.6076
      902     0.00000     0.3329E+01     2.000     6   6.6092
      903     0.00000     0.3181E+01     2.000     6   6.6097
      904     0.00000     0.3220E+01     2.000     6   6.6103
      905     0.00000     0.2781E+01     2.000     6   6.6110
      906     0.00000     0.5170E+01     2.000     5   6.6207
      909     0.00000     0.5276E+01     2.000     4   6.6240
      911     0.00000     0.3875E+01     2.000     7   6.6357
      912     0.00000     0.2755E+01     2.000     6   6.6368
      915     0.00000     0.2802E+01     2.000     6   6.6415
      918     0.00000     0.7106E+01     2.000     6   6.6458
      919     0.00000     0.3702E+01     2.000     7   6.6464
      920     0.00000     0.5166E+01     2.000     5   6.6475
      923     0.00000     0.6294E+01     2.000     6   6.6475
      924     0.00000     0.3533E+01     2.000     6   6.6492
      925     0.00000     0.1465E+02     2.000     6   6.6502
      926     0.00000     0.9914E+01     1.000     6   6.6541
      927     0.00000     0.7534E+01     2.000     6   6.6602
      928     0.00000     0.5635E+01     2.000     4   6.6658
      929     0.00000     0.8511E+01     2.000     7   6.6674
      930     0.00000     0.5038E+01     2.000     6   6.6721
      931     0.00000     0.3970E+01     2.000     6   6.6748
      932     0.00000     0.8224E+01     2.000     7   6.6768
      933     0.00000     0.5768E+01     2.000     6   6.6780
      934     0.00000     0.3703E+01     2.000     6   6.6797
      935     0.00000     0.1282E+02     2.000     6   6.6800
      936     0.00000     0.3106E+01     2.000     6   6.6818
      937     0.00000     0.3888E+01     2.000     6   6.6937
      938     0.00000     0.2957E+01     2.000     7   6.6953
      939     0.00000     0.3588E+01     2.000     7   6.6956
      940     0.00000     0.8115E+01     2.000     7   6.6955
      941     0.00000     0.4235E+01     2.000     7   6.6978
      942     0.00000     0.5137E+01     2.000     7   6.6982
      943     0.00000     0.4530E+01     2.000     7   6.6980
      944     0.00000     0.4954E+01     2.000     7   6.6980
      945     0.00000     0.1469E+02     2.000     7   6.7006
      946     0.00000     0.3799E+01     2.000     4   6.7150
      947     0.00000     0.3463E+01     2.000     7   6.7232
      948     0.00000     0.8220E+01     2.000     7   6.7229
      949     0.00000     0.2979E+01     2.000     7   6.7233
      950     0.00000     0.6432E+01     2.000     6   6.7250
      951     0.00000     0.4510E+01     2.000     7   6.7253
      952     0.00000     0.4945E+01     2.000     7   6.7253
      954     0.00000     0.4209E+01     2.000     7   6.7257
      955     0.00000     0.4855E+01     2.000     7   6.7256
      956     0.00000     0.4826E+01     2.000     7   6.7262
      958     0.00000     0.1443E+02     2.000     7   6.7277
      959     0.00000     0.3202E+01     2.000     7   6.7288
      960     0.00000     0.9494E+01     2.000     7   6.7291
      961     0.00000     0.3625E+02     2.000     6   6.7356
      962     0.00000     0.4235E+01     2.000     7   6.7373
      963     0.00000     0.1021E+02     2.000     7   6.7373
      964     0.00000     0.6234E+01     2.000     7   6.7390
      965     0.00000     0.3533E+01     2.000     4   6.7398
      966     0.00000     0.8400E+01     2.000     7   6.7394
      967     0.00000     0.3599E+01     2.000     7   6.7395
      968     0.00000     0.5193E+01     2.000     7   6.7412
      969     0.00000     0.5050E+01     2.000     7   6.7415
      971     0.00000     0.5698E+01     2.000     7   6.7419
      974     0.00000     0.3318E+01     2.000     7   6.7422
      975     0.00000     0.3303E+01     2.000     7   6.7438
      976     0.00000     0.3933E+01     2.000     7   6.7447
      977     0.00000     0.3852E+01     2.000     7   6.7445
      978     0.00000     0.4304E+01     2.000     7   6.7445
      979     0.00000     0.5672E+01     2.000     7   6.7448
      980     0.00000     0.1588E+02     2.000     7   6.7465
      981     0.00000     0.1515E+02     2.000     7   6.7471
      983     0.00000     0.6539E+01     2.000     5   6.7506
      984     0.00000     0.3115E+01     2.000     6   6.7520
      986     0.00000     0.3299E+01     2.000     6   6.7566
      987     0.00000     0.1637E+02     2.000     7   6.7564
      988     0.00000     0.5873E+01     2.000     6   6.7587
      990     0.00000     0.2743E+01     2.000     6   6.7597
      991     0.00000     0.3108E+01     2.000     6   6.7596
      992     0.00000     0.8693E+01     2.000     6   6.7602
      993     0.00000     0.5202E+01     2.000     6   6.7637
      994     0.00000     0.3526E+01     2.000     4   6.7691
      995     0.00000     0.5196E+01     2.000     6   6.7696
      997     0.00000     0.5385E+01     2.000     6   6.7722
      998     0.00000     0.5886E+01     2.000     7   6.7735
      999     0.00000     0.3201E+01     2.000     6   6.7742
     1000     0.00000     0.9936E+01     2.000     7   6.7739
     1001     0.00000     0.4656E+01     2.000     7   6.7739
     1002     0.00000     0.2998E+01     2.000     6   6.7747
     1003     0.00000     0.3591E+01     2.000     7   6.7751
     1004     0.00000     0.2790E+02     2.000     7   6.7782
     1005     0.00000     0.5698E+01     2.000     7   6.7793
     1007     0.00000     0.5523E+01     2.000     7   6.7801
     1009     0.00000     0.8527E+01     2.000     6   6.7820
     1010     0.00000     0.2905E+01     2.000     7   6.7824
     1011     0.00000     0.3350E+01     2.000     7   6.7828
     1012     0.00000     0.3196E+01     2.000     7   6.7827
     1013     0.00000     0.2961E+01     2.000     7   6.7826
     1014     0.00000     0.8629E+01     2.000     7   6.7851
     1015     0.00000     0.5825E+01     2.000     7   6.7865
     1016     0.00000     0.9908E+01     2.000     7   6.7863
     1017     0.00000     0.4386E+01     2.000     7   6.7863
     1018     0.00000     0.3031E+02     2.000     7   6.7868
     1019     0.00000     0.3677E+01     2.000     7   6.7890
     1020     0.00000     0.3604E+01     2.000     7   6.7889
     1021     0.00000     0.3812E+01     2.000     6   6.7909
     1023     0.00000     0.5605E+01     2.000     7   6.7929
     1027     0.00000     0.5760E+01     2.000     7   6.7939
     1028     0.00000     0.9008E+02     2.000     7   6.7949
     1029     0.00000     0.3064E+01     2.000     7   6.7954
     1030     0.00000     0.3264E+01     2.000     7   6.7956
     1031     0.00000     0.2963E+01     2.000     7   6.7958
     1032     0.00000     0.3272E+01     2.000     7   6.7962
     1033     0.00000     0.1290E+02     2.000     6   6.7972
     1034     0.00000     0.3250E+01     2.000     7   6.7978
     1035     0.00000     0.2818E+01     2.000     7   6.7979
     1036     0.00000     0.8764E+01     2.000     7   6.7977
     1037     0.00000     0.3721E+01     2.000     7   6.8023
     1041     0.00000     0.3596E+01     2.000     7   6.8089
     1042     0.00000     0.7193E+01     2.000     6   6.8097
     1043     0.00000     0.3312E+01     2.000     7   6.8110
     1044     0.00000     0.2865E+01     2.000     7   6.8114
     1045     0.00000     0.8452E+01     2.000     6   6.8130
     1046     0.00000     0.6372E+01     2.000     6   6.8162
     1047     0.00000     0.3016E+01     2.000     7   6.8168
     1048     0.00000     0.4008E+01     2.000     7   6.8172
     1049     0.00000     0.7967E+01     2.000     7   6.8173
     1050     0.00000     0.3582E+01     2.000     7   6.8174
     1051     0.00000     0.9510E+01     2.000     7   6.8173
     1052     0.00000     0.5188E+01     2.000     7   6.8179
     1053     0.00000     0.5058E+01     2.000     7   6.8178
     1054     0.00000     0.4935E+01     2.000     7   6.8189
     1055     0.00000     0.4296E+01     2.000     7   6.8190
     1056     0.00000     0.8929E+01     2.000     6   6.8196
     1057     0.00000     0.1385E+02     2.000     7   6.8195
     1059     0.00000     0.6871E+01     2.000     6   6.8218
     1060     0.00000     0.1039E+02     2.000     6   6.8218
     1061     0.00000     0.3545E+01     2.000     7   6.8239
     1062     0.00000     0.4954E+01     2.000     4   6.8247
     1063     0.00000     0.4219E+01     2.000     7   6.8305
     1064     0.00000     0.5092E+01     2.000     7   6.8335
     1065     0.00000     0.4907E+01     2.000     7   6.8340
     1066     0.00000     0.1770E+02     2.000     7   6.8423
     1067     0.00000     0.3931E+01     2.000     7   6.8474
     1068     0.00000     0.6274E+01     2.000     5   6.8477
     1071     0.00000     0.8272E+01     2.000     6   6.8548
     1072     0.00000     0.4715E+01     2.000     4   6.8562
     1073     0.00000     0.3239E+01     2.000     7   6.8569
     1074     0.00000     0.1063E+02     2.000     7   6.8595
     1077     0.00000     0.7300E+01     2.000     6   6.8664
     1078     0.00000     0.5634E+01     2.000     7   6.8668
     1082     0.00000     0.3607E+01     2.000     7   6.8693
     1083     0.00000     0.9408E+01     2.000     7   6.8719
     1084     0.00000     0.5711E+01     2.000     7   6.8724
     1087     0.00000     0.3088E+01     2.000     5   6.8747
     1089     0.00000     0.6016E+01     2.000     6   6.8772
     1090     0.00000     0.2700E+01     2.000     7   6.8790
     1091     0.00000     0.8463E+01     2.000     7   6.8791
     1092     0.00000     0.2385E+02     2.000     7   6.8789
     1093     0.00000     0.5264E+01     2.000     6   6.8808
     1094     0.00000     0.7571E+01     2.000     7   6.8807
     1096     0.00000     0.6111E+01     2.000     7   6.8829
     1097     0.00000     0.3631E+01     2.000     6   6.8834
     1098     0.00000     0.8447E+01     2.000     5   6.8841
     1099     0.00000     0.4661E+01     2.000     5   6.8929
     1100     0.00000     0.7417E+01     2.000     6   6.8955
     1101     0.00000     0.3620E+01     2.000     7   6.8962
     1102     0.00000     0.8029E+01     2.000     6   6.8976
     1103     0.00000     0.5071E+01     2.000     7   6.8981
     1104     0.00000     0.5042E+01     2.000     7   6.8982
     1105     0.00000     0.9290E+01     2.000     7   6.8985
     1108     0.00000     0.4987E+01     2.000     7   6.9038
     1111     0.00000     0.6987E+01     2.000     7   6.9067
     1112     0.00000     0.3047E+01     2.000     7   6.9076
     1116     0.00000     0.4307E+01     2.000     5   6.9179
     1117     0.00000     0.6638E+01     2.000     7   6.9216
     1119     0.00000     0.8107E+01     2.000     6   6.9249
     1121     0.00000     0.4070E+01     2.000     6   6.9334
     1123     0.00000     0.3977E+02     2.000     7   6.9366
     1124     0.00000     0.1135E+02     2.000     7   6.9370
     1125     0.00000     0.1026E+02     2.000     6   6.9375
     1127     0.00000     0.3616E+01     2.000     7   6.9389
     1128     0.00000     0.8247E+01     2.000     6   6.9398
     1130     0.00000     0.2965E+01     2.000     7   6.9411
     1131     0.00000     0.6642E+01     2.000     7   6.9436
     1132     0.00000     0.6920E+01     2.000     6   6.9448
     1133     0.00000     0.1018E+02     2.000     7   6.9495
     1134     0.00000     0.6524E+01     2.000     6   6.9515
     1136     0.00000     0.7671E+01     2.000     7   6.9547
     1137     0.00000     0.5357E+01     2.000     7   6.9564
     1138     0.00000     0.1111E+02     2.000     7   6.9576
     1140     0.00000     0.4832E+01     2.000     7   6.9607
     1141     0.00000     0.4129E+01     2.000     7   6.9608
     1142     0.00000     0.1247E+02     2.000     7   6.9613
     1143     0.00000     0.5248E+01     2.000     6   6.9635
     1145     0.00000     0.2688E+01     2.000     7   6.9641
     1147     0.00000     0.5512E+01     2.000     7   6.9686
     1148     0.00000     0.3587E+01     2.000     4   6.9692
     1150     0.00000     0.1050E+02     2.000     6   6.9737
     1151     0.00000     0.4412E+01     2.000     7   6.9753
     1152     0.00000     0.4304E+01     2.000     7   6.9758
     1154     0.00000     0.2877E+01     2.000     7   6.9811
     1155     0.00000     0.4483E+01     2.000     7   6.9810
     1156     0.00000     0.7054E+01     2.000     7   6.9812
     1158     0.00000     0.4771E+01     2.000     7   6.9828
     1159     0.00000     0.3576E+01     2.000     7   6.9828
     1160     0.00000     0.4954E+01     2.000     7   6.9828
     1161     0.00000     0.1388E+02     2.000     7   6.9845
     1162     0.00000     0.7274E+01     2.000     6   6.9876
     1164     0.00000     0.3838E+01     2.000     5   7.0021
     1166     0.00000     0.5733E+01     2.000     5   7.0089
     1167     0.00000     0.7369E+01     2.000     6   7.0119
     1168     0.00000     0.1058E+02     2.000     6   7.0170
     1169     0.00000     0.7175E+01     2.000     6   7.0177
     1170     0.00000     0.8390E+01     2.000     6   7.0174
     1172     0.00000     0.4895E+01     2.000     7   7.0223
     1173     0.00000     0.2100E+02     2.000     7   7.0281
     1174     0.00000     0.1054E+02     2.000     5   7.0286
     1176     0.00000     0.6335E+01     2.000     6   7.0449
     1178     0.00000     0.3752E+01     2.000     7   7.0563
     1179     0.00000     0.4277E+01     2.000     7   7.0586
     1180     0.00000     0.3531E+01     2.000     7   7.0682
     1181     0.00000     0.4484E+01     2.000     7   7.0695
     1182     0.00000     0.1040E+02     2.000     6   7.0709
     1183     0.00000     0.8690E+01     2.000     7   7.0903
     1184     0.00000     0.9272E+01     2.000     7   7.0999
     1185     0.00000     0.7363E+01     2.000     6   7.1014
     1186     0.00000     0.6122E+01     2.000     6   7.1036
     1187     0.00000     0.1767E+02     2.000     7   7.1042
     1188     0.00000     0.5244E+01     2.000     5   7.1072
     1189     0.00000     0.1143E+02     2.000     7   7.1188
     1190     0.00000     0.1118E+02     2.000     7   7.1186
     1191     0.00000     0.1645E+02     2.000     7   7.1211
     1193     0.00000     0.3963E+01     2.000     7   7.1246
     1196     0.00000     0.6803E+01     2.000     7   7.1262
     1197     0.00000     0.1259E+02     2.000     7   7.1262
     1198     0.00000     0.5761E+01     2.000     7   7.1343
     1199     0.00000     0.1107E+02     2.000     7   7.1465
     1200     0.00000     0.1143E+02     2.000     7   7.1463
     1201     0.00000     0.6173E+01     2.000     6   7.1479
     1202     0.00000     0.1649E+02     2.000     7   7.1487
     1203     0.00000     0.6706E+01     2.000     7   7.1493
     1204     0.00000     0.6366E+01     2.000     7   7.1527
     1205     0.00000     0.4144E+01     2.000     7   7.1527
     1206     0.00000     0.3474E+01     2.000     5   7.1548
     1207     0.00000     0.3443E+01     2.000     5   7.1548
     1208     0.00000     0.4231E+01     2.000     5   7.1569
     1209     0.00000     0.4453E+01     2.000     5   7.1569
     1210     0.00000     0.5196E+01     2.000     6   7.1600
     1211     0.00000     0.1725E+02     2.000     7   7.1607
     1212     0.00000     0.1376E+02     2.000     7   7.1629
     1213     0.00000     0.7134E+01     2.000     7   7.1648
     1214     0.00000     0.7970E+01     2.000     7   7.1657
     1215     0.00000     0.1347E+02     2.000     6   7.1665
     1216     0.00000     0.1480E+02     2.000     7   7.1683
     1217     0.00000     0.5482E+01     2.000     6   7.1730
     1218     0.00000     0.3991E+01     2.000     7   7.1743
     1219     0.00000     0.4826E+01     2.000     6   7.1761
     1220     0.00000     0.4061E+01     2.000     6   7.1817
     1221     0.00000     0.6328E+01     2.000     6   7.1813
     1222     0.00000     0.5296E+01     2.000     6   7.1814
     1223     0.00000     0.5281E+01     2.000     6   7.1813
     1224     0.00000     0.5707E+01     2.000     6   7.1813
     1225     0.00000     0.5822E+01     2.000     6   7.1819
     1226     0.00000     0.6891E+01     2.000     6   7.1819
     1227     0.00000     0.1059E+02     2.000     6   7.1819
     1228     0.00000     0.6714E+01     2.000     6   7.1868
     1229     0.00000     0.6937E+01     2.000     7   7.1883
     1230     0.00000     0.5052E+01     2.000     6   7.1929
     1231     0.00000     0.4580E+01     2.000     6   7.1953
     1232     0.00000     0.1363E+02     2.000     7   7.1969
     1233     0.00000     0.7204E+01     2.000     7   7.2032
     1234     0.00000     0.9335E+01     2.000     7   7.2057
     1235     0.00000     0.5719E+01     2.000     6   7.2080
     1236     0.00000     0.1367E+02     2.000     7   7.2094
     1237     0.00000     0.5097E+01     2.000     7   7.2121
     1238     0.00000     0.3832E+01     2.000     7   7.2120
     1239     0.00000     0.7726E+01     2.000     6   7.2141
     1240     0.00000     0.6007E+01     2.000     7   7.2160
     1241     0.00000     0.1360E+02     2.000     6   7.2162
     1242     0.00000     0.6427E+01     2.000     7   7.2172
     1243     0.00000     0.7599E+01     2.000     7   7.2172
     1244     0.00000     0.8193E+01     2.000     7   7.2187
     1245     0.00000     0.9690E+01     2.000     7   7.2187
     1246     0.00000     0.1024E+02     2.000     6   7.2314
     1247     0.00000     0.1428E+02     2.000     7   7.2324
     1248     0.00000     0.1271E+02     2.000     7   7.2354
     1249     0.00000     0.3999E+01     2.000     6   7.2398
     1250     0.00000     0.1360E+02     2.000     7   7.2407
     1251     0.00000     0.1479E+02     2.000     7   7.2407
     1252     0.00000     0.1326E+02     2.000     7   7.2408
     1253     0.00000     0.1232E+02     2.000     7   7.2408
     1254     0.00000     0.1941E+02     2.000     7   7.2412
     1255     0.00000     0.1598E+02     2.000     7   7.2412
     1256     0.00000     0.7489E+01     2.000     7   7.2460
     1257     0.00000     0.4324E+01     2.000     6   7.2553
     1258     0.00000     0.4878E+01     2.000     7   7.2633
     1259     0.00000     0.7470E+01     2.000     7   7.2679
     1260     0.00000     0.1087E+02     2.000     7   7.2902
     1261     0.00000     0.1113E+02     2.000     7   7.2954
     1262     0.00000     0.9799E+01     2.000     7   7.3024
     1263     0.00000     0.7388E+01     2.000     7   7.3046
     1264     0.00000     0.1105E+02     2.000     7   7.3218
     1265     0.00000     0.6137E+01     2.000     6   7.3237
     1266     0.00000     0.6815E+01     2.000     7   7.3311
     1267     0.00000     0.6210E+01     2.000     7   7.3375
     1268     0.00000     0.7110E+01     2.000     6   7.3469
     1269     0.00000     0.4432E+01     2.000     6   7.3558
     1270     0.00000     0.4703E+01     2.000     6   7.3558
     1271     0.00000     0.7076E+01     2.000     7   7.3824
     1272     0.00000     0.6358E+01     2.000     7   7.3830
     1273     0.00000     0.1533E+02     2.000     7   7.3830
     1274     0.00000     0.1044E+02     2.000     7   7.4039
     1275     0.00000     0.8024E+01     2.000     7   7.4045
     1276     0.00000     0.1196E+02     2.000     7   7.4046
     1277     0.00000     0.8905E+01     2.000     7   7.4048
     1278     0.00000     0.9571E+01     2.000     7   7.4045
     1279     0.00000     0.9847E+01     2.000     7   7.4046
     1280     0.00000     0.1137E+02     2.000     7   7.4062
     1281     0.00000     0.2014E+02     2.000     7   7.4062
     1282     0.00000     0.3738E+01     2.000     3   7.4117
     1283     0.00000     0.4131E+01     2.000     5   7.4409
     1284     0.00000     0.4190E+01     2.000     7   7.4792
     1285     0.00000     0.8302E+01     2.000     7   7.4788
     1286     0.00000     0.4321E+01     2.000     7   7.4913
     1287     0.00000     0.6588E+01     2.000     7   7.4924
     1288     0.00000     0.4137E+01     2.000     6   7.4976
     1289     0.00000     0.6407E+01     2.000     7   7.5247
     1290     0.00000     0.3005E+01     2.000     6   7.5323
     1291     0.00000     0.3166E+02     2.000     7   7.5417
     1292     0.00000     0.9215E+01     2.000     7   7.5479
     1293     0.00000     0.1028E+02     2.000     7   7.5480
     1294     0.00000     0.6400E+01     2.000     7   7.5480
     1295     0.00000     0.5198E+01     2.000     7   7.5506
     1296     0.00000     0.3260E+02     2.000     7   7.5696
     1297     0.00000     0.4270E+01     2.000     5   7.5707
     1298     0.00000     0.3947E+01     2.000     5   7.5724
     1299     0.00000     0.6879E+01     2.000     7   7.5912
     1300     0.00000     0.5826E+01     2.000     7   7.6046
     1301     0.00000     0.5667E+01     2.000     7   7.6326
     1302     0.00000     0.6016E+01     2.000     7   7.6341
     1303     0.00000     0.5254E+01     2.000     7   7.6384
     1304     0.00000     0.3303E+01     2.000     6   7.6610
     1305     0.00000     0.4253E+01     2.000     6   7.6622
     1306     0.00000     0.5062E+01     2.000     7   7.6923
     1307     0.00000     0.4065E+01     2.000     6   7.7030
     1308     0.00000     0.5281E+01     2.000     6   7.7195
     1309     0.00000     0.3831E+01     2.000     7   7.7244
     1310     0.00000     0.4367E+01     2.000     6   7.7546
     1311     0.00000     0.3272E+01     2.000     6   7.7645
     1312     0.00000     0.5471E+01     2.000     6   7.7734
     1313     0.00000     0.4814E+01     2.000     6   7.7747
     1314     0.00000     0.3940E+01     2.000     6   7.8105
     1315     0.00000     0.5752E+02     2.000     7   7.8279
     1316     0.00000     0.5433E+01     2.000     6   7.8548
     1317     0.00000     0.9993E+01     2.000     7   7.9141
     1318     0.00000     0.3929E+01     2.000     6   7.9196
     1319     0.00000     0.6061E+01     2.000     7   7.9354
     1320     0.00000     0.6988E+01     2.000     7   7.9442
     1321     0.00000     0.3231E+01     2.000     6   7.9511
     1322     0.00000     0.2503E+02     2.000     7   7.9697
     1323     0.00000     0.3917E+01     2.000     7   7.9703
     1324     0.00000     0.5384E+01     2.000     7   7.9789
     1325     0.00000     0.6866E+01     2.000     7   7.9883
     1326     0.00000     0.3792E+01     2.000     7   7.9968
     1327     0.00000     0.3903E+01     2.000     7   7.9968
     1328     0.00000     0.4784E+01     2.000     7   8.0133
     1329     0.00000     0.3167E+01     2.000     7   8.0371
     1330     0.00000     0.7794E+01     2.000     7   8.0559
     1331     0.00000     0.2711E+01     2.000     7   8.0868
     1333     0.00000     0.2973E+01     2.000     7   8.1217
     1334     0.00000     0.2986E+01     2.000     7   8.1217
     1335     0.00000     0.3439E+01     2.000     7   8.1234
     1336     0.00000     0.6067E+01     2.000     7   8.1373
     1337     0.00000     0.4770E+01     2.000     6   8.1916
     1338     0.00000     0.1178E+02     2.000     7   8.4006
     1339     0.00000     0.4183E+01     2.000     7   8.5022
     1340     0.00000     0.1485E+02     2.000     7   8.5451
     1341     0.00000     0.4821E+01     2.000     6   8.5782
