# # Once                                                         FEFF 10.0.0 
# # POT  SCF 100  9.0000   0, core-hole, FOLP (folp(0)= 1.150)
# # Abs   Z=30 Rmt= 1.384 Rnm= 1.529 K  shell
# #   RGRID 0.0100
# # Pot 1 Z= 6 Rmt= 0.898 Rnm= 1.123
# # Pot 2 Z= 6 Rmt= 0.924 Rnm= 1.166
# # Pot 3 Z= 1 Rmt= 0.551 Rnm= 0.960
# # Pot 4 Z=16 Rmt= 1.256 Rnm= 1.473
# # Gam_ch=1.897E+00 H-L exch Vi= 0.000E+00 Vr= 0.000E+00
# # Mu=-6.924E+00eV kf=1.978E+00 Vint=-1.280E+01eV Rs_int= 1.833
# # PATH  Rmax= 9.000,  Keep_limit= 0.00, Heap_limit 0.00  Pwcrit= 2.50%
#  S02=1.000  Temp=  10.00  Debye_temp= 315.00  Global_sig2= 0.00000
#  Energy zero shift, vr, vi    0.00000E+00   0.00000E+00
#  Curved wave amplitude ratio filter   4.000%
#     file         sig2 tot  cw amp ratio   deg  nlegs   reff  inp sig2
#           1       0.00301    100.00      1.00     2   2.3600
#           2       0.00304     99.77      1.00     2   2.3621
#           3       0.00308     99.53      1.00     2   2.3642
#           4       0.00308     99.49      1.00     2   2.3646
#           5       0.02712     12.97      1.00     2   3.0341
#           6       0.02605     12.90      1.00     2   3.0402
#           7       0.02308     10.71      1.00     2   3.2606
#           8       0.02850     10.45      1.00     2   3.2898
#           9       0.00639     38.81      1.00     2   3.3013
#          10       0.00625     38.40      1.00     2   3.3143
#          11       0.00572     37.67      1.00     2   3.3375
#          12       0.00629     35.08      1.00     2   3.4255
#          13       0.02422      8.44      1.00     2   3.5598
#          14       0.01345     16.05      2.00     3   3.7141
#          15       0.01295     16.05      2.00     3   3.7236
#          16       0.00426     43.57      2.00     3   3.7458
#          17       0.00426     43.30      2.00     3   3.7540
#          18       0.00413     43.43      2.00     3   3.7617
#          19       0.03335      7.16      1.00     2   3.7812
#          20       0.00437     42.57      2.00     3   3.8087
#          21       0.01148     11.01      2.00     3   3.8458
#          22       0.01408     11.26      2.00     3   3.9034
#          23       0.01621      7.80      2.00     3   3.9031
#          24       0.01590      7.79      2.00     3   3.9056
#          25       0.03712      6.54      1.00     2   3.9066
#          26       0.04025      6.27      1.00     2   3.9666
#          27       0.01251      8.37      2.00     3   3.9950
#          28       0.01475      7.36      2.00     3   4.0151
#          29       0.01687      7.24      2.00     3   4.0342
#          30       0.01780      5.64      1.00     2   4.1176
#          31       0.01750      5.63      1.00     2   4.1211
#          32       0.02467      8.58      1.00     4   4.1270
#          33       0.02338      8.55      1.00     4   4.1329
#          36       0.01476      6.75      2.00     3   4.1675
#          37       0.00969     20.22      1.00     2   4.1697
#          38       0.00456     14.43      1.00     4   4.1859
#          39       0.00451     15.11      1.00     4   4.1904
#          40       0.00459     12.43      1.00     4   4.1918
#          41       0.00451     14.82      1.00     4   4.1937
#          42       0.01009     19.79      1.00     2   4.2012
#          43       0.01069     19.23      1.00     2   4.2430
#          44       0.00433      9.38      2.00     3   4.2482
#          45       0.00436      9.30      2.00     3   4.2480
#          46       0.01271     17.85      2.00     3   4.2578
#          47       0.01267     17.35      2.00     3   4.2626
#          49       0.00449      9.69      2.00     3   4.2789
#          50       0.00457      9.67      2.00     3   4.2806
#          53       0.01458      4.98      1.00     2   4.3024
#          54       0.00429     10.74      2.00     3   4.3286
#          55       0.01845      6.85      1.00     4   4.3540
#          56       0.00420     11.43      2.00     3   4.3560
#          57       0.02509      6.79      1.00     4   4.3813
#          58       0.01142     15.77      1.00     4   4.3945
#          59       0.01143     14.87      1.00     4   4.4076
#          60       0.01170     17.53      2.00     3   4.4106
#          61       0.01038      4.38      2.00     4   4.4192
#          62       0.01303      7.78      2.00     3   4.4401
#          63       0.01286      7.79      2.00     3   4.4426
#          66       0.01702      4.19      2.00     4   4.5032
#          67       0.00607     19.33      2.00     3   4.5093
#          68       0.01127     17.09      1.00     4   4.5188
#          69       0.01772      9.43      2.00     3   4.5220
#          70       0.01259      9.74      2.00     3   4.5288
#          71       0.00601     19.84      2.00     3   4.5368
#          72       0.00623     15.44      2.00     3   4.5560
#          73       0.00958     13.86      2.00     4   4.5793
#          74       0.00960     13.43      2.00     4   4.5851
#          75       0.01713      6.13      2.00     4   4.5927
#          76       0.01985      7.75      2.00     3   4.6003
#          78       0.01677      5.93      2.00     4   4.6025
#          79       0.00964     18.88      2.00     4   4.6370
#          80       0.02163      7.24      2.00     3   4.6515
#          81       0.01803      5.17      1.00     4   4.6524
#          82       0.00577     15.39      2.00     3   4.6684
#          83       0.02105      4.00      2.00     4   4.6707
#          84       0.02062      4.00      2.00     4   4.6719
#          86       0.00569     15.58      2.00     3   4.6806
#          88       0.01154      6.32      2.00     3   4.6937
#          89       0.01035     12.54      2.00     4   4.7024
#          90       0.01041     12.32      2.00     4   4.7023
#          91       0.00588     15.50      2.00     3   4.7077
#          92       0.01111      6.33      2.00     3   4.7184
#          93       0.00601      8.80      1.00     4   4.7200
#          95       0.00608      8.76      1.00     4   4.7242
#          96       0.00460      5.70      2.00     4   4.7246
#          97       0.00462      4.77      2.00     4   4.7242
#         100       0.00616      8.72      1.00     4   4.7284
#         102       0.00615      8.71      1.00     4   4.7292
#         103       0.00561     13.94      1.00     2   4.7355
#         104       0.01417      5.25      1.00     4   4.7552
#         107       0.01747      5.72      2.00     4   4.7819
#         109       0.00992     14.33      2.00     4   4.7937
#         110       0.00559     42.71      2.00     3   4.7948
#         111       0.01256      4.87      2.00     3   4.8061
#         112       0.01912      8.31      2.00     5   4.8074
#         113       0.01881      8.09      2.00     5   4.8169
#         114       0.00656      9.80      1.00     4   4.8175
#         115       0.00642     10.87      1.00     4   4.8307
#         117       0.00947     24.72      2.00     5   4.8391
#         118       0.00954     23.59      2.00     5   4.8473
#         119       0.00628     42.16      1.00     4   4.8541
#         121       0.03434      4.85      1.00     4   4.8743
#         123       0.00941     30.76      2.00     5   4.9019
#         124       0.01196      6.75      2.00     4   4.9085
#         125       0.01175      5.76      2.00     4   4.9083
#         126       0.01224      6.57      2.00     4   4.9222
#         127       0.00495     24.83      2.00     3   4.9365
#         129       0.00525      6.58      2.00     4   4.9392
#         130       0.00682      4.80      1.00     4   4.9423
#         131       0.01220      6.79      2.00     4   4.9453
#         132       0.01192      6.65      2.00     4   4.9461
#         133       0.00532     10.29      2.00     4   4.9539
#         135       0.01722      7.05      2.00     3   4.9741
#         136       0.00548     11.01      2.00     4   4.9765
#         137       0.00505      9.33      2.00     4   4.9888
#         140       0.00460     41.37      2.00     4   4.9958
#         141       0.01972      7.58      2.00     5   4.9967
#         142       0.01428      7.24      2.00     4   5.0018
#         143       0.00501      9.93      2.00     4   5.0015
#         144       0.01362      7.48      2.00     4   5.0122
#         145       0.00967     16.72      2.00     5   5.0201
#         146       0.02407      4.94      2.00     3   5.0236
#         147       0.00959     10.25      2.00     5   5.0239
#         148       0.00959     10.02      2.00     5   5.0248
#         152       0.01284      5.25      2.00     4   5.0339
#         153       0.01717      7.69      2.00     3   5.0420
#         154       0.00516      6.64      2.00     4   5.0547
#         157       0.02284      5.57      2.00     3   5.0727
#         158       0.00884      5.76      2.00     3   5.0743
#         159       0.01797      7.54      2.00     3   5.0852
#         160       0.01722      6.37      2.00     5   5.0875
#         161       0.02281      5.68      2.00     3   5.1038
#         163       0.01580      4.90      2.00     3   5.1267
#         164       0.00697      6.20      1.00     4   5.1296
#         165       0.00933     12.35      2.00     4   5.1337
#         167       0.00537     13.72      1.00     4   5.1376
#         168       0.00688      6.16      1.00     4   5.1438
#         169       0.01580      4.96      2.00     3   5.1562
#         170       0.02220      7.07      2.00     3   5.1562
#         173       0.01454     11.10      2.00     3   5.1615
#         174       0.01447     10.20      2.00     3   5.1633
#         175       0.00674      6.21      1.00     4   5.1635
#         178       0.01547      5.08      2.00     4   5.1924
#         179       0.01458      9.88      2.00     3   5.2016
#         180       0.00477     30.18      2.00     4   5.2190
#         181       0.00861      4.32      2.00     3   5.2213
#         182       0.01262      9.47      2.00     5   5.2303
#         183       0.01694      5.27      2.00     3   5.2340
#         184       0.01222      9.86      2.00     5   5.2400
#         185       0.01489      5.74      2.00     3   5.2479
#         186       0.02178      9.26      2.00     3   5.2512
#         188       0.01736      5.90      2.00     6   5.2519
#         189       0.00695      6.11      1.00     4   5.2528
#         191       0.01743      5.81      2.00     6   5.2566
#         192       0.00548     16.71      2.00     5   5.2620
#         194       0.01288     10.89      1.00     4   5.2653
#         195       0.00554     18.49      2.00     5   5.2704
#         196       0.01487      5.78      2.00     3   5.2717
#         197       0.00502     62.77      2.00     5   5.2783
#         200       0.01034     11.16      2.00     4   5.2806
#         201       0.00960      4.40      1.00     6   5.2833
#         202       0.00988     10.40      1.00     6   5.2836
#         204       0.00985     14.66      1.00     6   5.2850
#         205       0.00934      4.50      1.00     6   5.2864
#         206       0.00999     10.00      1.00     6   5.2870
#         207       0.01123      6.26      2.00     5   5.2915
#         208       0.01709      4.53      1.00     4   5.2943
#         209       0.01255      9.09      1.00     4   5.2968
#         211       0.01226      7.15      2.00     4   5.3030
#         212       0.01249      5.39      2.00     4   5.3122
#         214       0.01440      5.00      2.00     3   5.3243
#         215       0.01238      6.94      2.00     4   5.3250
#         216       0.00573      9.88      2.00     5   5.3255
#         218       0.01605      5.98      2.00     3   5.3311
#         219       0.01762      4.46      1.00     4   5.3360
#         220       0.01296      8.71      1.00     4   5.3384
#         221       0.02419      8.03      1.00     4   5.3410
#         222       0.02639      4.06      2.00     3   5.3431
#         223       0.02415      4.45      1.00     4   5.3454
#         224       0.01259      6.73      2.00     4   5.3502
#         225       0.02218     12.24      2.00     5   5.3510
#         226       0.01200      5.85      2.00     5   5.3530
#         227       0.01252      7.08      2.00     4   5.3546
#         230       0.02214     11.93      2.00     5   5.3559
#         231       0.01325      5.51      2.00     4   5.3604
#         232       0.01270     16.68      2.00     5   5.3624
#         237       0.01139      5.90      2.00     4   5.3789
#         238       0.01253      6.77      2.00     4   5.3791
#         239       0.01887      6.21      2.00     6   5.3798
#         240       0.01139     10.42      2.00     4   5.3814
#         241       0.01262      5.92      2.00     5   5.3851
#         244       0.02803      4.73      2.00     4   5.3983
#         246       0.01133      6.00      2.00     4   5.4070
#         247       0.01133     10.38      2.00     4   5.4085
#         248       0.01646      4.24      2.00     4   5.4096
#         251       0.00484     33.66      2.00     5   5.4200
#         252       0.01352      6.89      2.00     5   5.4202
#         253       0.01605      9.54      2.00     4   5.4209
#         254       0.01603      6.18      2.00     4   5.4233
#         255       0.01157      4.08      2.00     4   5.4250
#         256       0.01645      4.49      2.00     4   5.4255
#         257       0.01157     10.01      2.00     4   5.4280
#         258       0.00488      5.84      2.00     5   5.4333
#         262       0.00490      6.61      2.00     5   5.4412
#         263       0.01234      6.29      2.00     4   5.4522
#         264       0.01147      8.01      2.00     4   5.4571
#         266       0.01144      6.28      2.00     4   5.4658
#         267       0.01256      8.30      2.00     4   5.4714
#         270       0.01139      6.16      2.00     4   5.4851
#         271       0.00660      8.29      2.00     3   5.4859
#         273       0.02329     12.55      1.00     6   5.4878
#         274       0.01505      7.41      2.00     3   5.4906
#         275       0.00657      8.10      2.00     3   5.4925
#         277       0.01122      4.50      2.00     3   5.4950
#         278       0.01245      8.24      2.00     4   5.4955
#         280       0.01478      5.98      1.00     4   5.5004
#         283       0.02329     11.85      1.00     6   5.5009
#         284       0.02218     11.90      2.00     5   5.5038
#         285       0.01030      5.21      2.00     5   5.5041
#         286       0.00619      7.97      2.00     3   5.5120
#         287       0.01319     15.64      2.00     5   5.5115
#         292       0.01846      5.36      2.00     5   5.5334
#         293       0.01805      5.35      2.00     5   5.5358
#         295       0.01140      5.42      2.00     5   5.5424
#         296       0.01253      5.56      2.00     4   5.5440
#         297       0.01240      5.74      2.00     4   5.5481
#         298       0.01262      7.81      2.00     4   5.5478
#         299       0.01107      5.36      2.00     5   5.5531
#         300       0.00651      6.79      2.00     3   5.5543
#         301       0.01127      7.88      2.00     4   5.5544
#         303       0.00794     11.99      2.00     5   5.5741
#         304       0.00796     11.97      2.00     5   5.5835
#         305       0.01176      7.62      2.00     4   5.5848
#         307       0.00793     12.30      2.00     5   5.5877
#         309       0.01175      4.02      2.00     4   5.5988
#         310       0.01141     13.22      2.00     5   5.6026
#         311       0.01246      9.19      2.00     5   5.6024
#         312       0.01057     16.80      2.00     5   5.6050
#         313       0.02305     13.49      1.00     6   5.6120
#         315       0.02071      5.48      2.00     5   5.6175
#         316       0.01768      6.53      2.00     5   5.6220
#         318       0.01218      9.32      2.00     5   5.6299
#         319       0.01147     12.56      2.00     5   5.6301
#         320       0.00546     10.15      2.00     4   5.6317
#         321       0.01059     16.51      2.00     5   5.6323
#         322       0.01179      5.54      2.00     5   5.6331
#         323       0.00820     12.81      2.00     5   5.6359
#         324       0.01100      5.90      2.00     4   5.6427
#         325       0.01131     12.43      2.00     5   5.6441
#         326       0.01124     10.12      2.00     5   5.6463
#         327       0.01177      5.80      2.00     5   5.6484
#         328       0.01165     14.03      2.00     5   5.6493
#         329       0.01254      6.45      2.00     5   5.6489
#         330       0.00540     10.17      2.00     4   5.6499
#         332       0.01093     17.24      2.00     5   5.6516
#         333       0.01142      5.48      2.00     5   5.6533
#         334       0.01086      6.88      2.00     3   5.6556
#         336       0.01119      6.00      2.00     4   5.6602
#         337       0.00994      4.80      2.00     4   5.6634
#         339       0.01076      5.12      2.00     4   5.6648
#         340       0.00740      7.03      2.00     4   5.6655
#         341       0.01064     11.33      2.00     4   5.6654
#         342       0.01103      5.86      2.00     4   5.6663
#         343       0.00557      8.76      2.00     4   5.6704
#         344       0.01030      4.75      2.00     5   5.6717
#         345       0.01920     10.92      2.00     6   5.6725
#         346       0.01211      9.97      2.00     6   5.6749
#         347       0.00732      6.78      2.00     4   5.6789
#         348       0.00987      4.75      2.00     4   5.6785
#         349       0.01981     10.59      2.00     6   5.6784
#         350       0.01183     10.29      2.00     6   5.6797
#         351       0.01409     11.10      2.00     5   5.6807
#         353       0.01157      6.05      2.00     5   5.6870
#         354       0.01112      9.65      2.00     5   5.6895
#         355       0.01341      4.42      2.00     4   5.6924
#         356       0.01409     11.08      2.00     5   5.6931
#         358       0.01139      5.76      2.00     4   5.6961
#         359       0.02117      4.74      2.00     5   5.6959
#         360       0.01214      4.11      2.00     4   5.6968
#         361       0.00901      4.73      2.00     4   5.6975
#         363       0.00659      6.65      2.00     4   5.6996
#         365       0.01142      6.32      2.00     5   5.7008
#         366       0.01040      4.45      2.00     4   5.7017
#         367       0.01101      9.80      2.00     5   5.7023
#         368       0.00641     26.45      1.00     6   5.7025
#         369       0.00608      7.70      1.00     6   5.7066
#         370       0.01291      4.24      2.00     4   5.7075
#         371       0.00609      6.12      1.00     6   5.7086
#         372       0.00614      8.42      1.00     6   5.7101
#         373       0.01354      4.47      2.00     4   5.7114
#         375       0.01140      9.05      2.00     4   5.7149
#         376       0.01183      6.38      2.00     5   5.7158
#         377       0.00807      9.06      1.00     4   5.7174
#         379       0.00570      7.95      2.00     4   5.7230
#         380       0.01100      9.02      2.00     5   5.7242
#         381       0.01117     10.70      2.00     5   5.7241
#         382       0.01122     15.84      2.00     5   5.7247
#         384       0.01204      4.81      2.00     5   5.7307
#         385       0.01854     14.50      2.00     6   5.7302
#         389       0.02203      4.53      2.00     5   5.7469
#         390       0.00814      9.02      1.00     4   5.7594
#         391       0.01077     12.41      2.00     5   5.7640
#         392       0.01677      5.32      2.00     5   5.7710
#         393       0.01722      4.94      2.00     5   5.7717
#         394       0.01205      9.99      2.00     5   5.7740
#         395       0.02246      4.73      2.00     5   5.7767
#         396       0.01065     10.91      2.00     5   5.7762
#         397       0.02275      4.38      2.00     5   5.7774
#         398       0.01203     10.12      2.00     5   5.7790
#         401       0.01207     10.55      2.00     5   5.7859
#         403       0.01705     13.70      2.00     6   5.7866
#         404       0.00719      5.23      2.00     4   5.7876
#         405       0.01221      5.58      2.00     5   5.7880
#         406       0.00989      4.49      2.00     4   5.7901
#         410       0.01078     10.74      2.00     5   5.8031
#         411       0.01289      8.63      2.00     6   5.8034
#         412       0.01407      9.15      2.00     5   5.8050
#         413       0.01178      5.26      2.00     4   5.8070
#         414       0.01745      4.73      2.00     5   5.8077
#         415       0.01045      8.32      2.00     5   5.8112
#         418       0.02320      4.18      2.00     5   5.8141
#         419       0.01124      8.17      2.00     5   5.8143
#         423       0.01224      4.74      2.00     5   5.8193
#         424       0.01149      4.01      2.00     5   5.8209
#         425       0.01051      7.97      2.00     5   5.8259
#         426       0.00988      5.32      1.00     4   5.8303
#         427       0.01604      7.99      2.00     5   5.8451
#         428       0.01066      7.97      2.00     5   5.8482
#         430       0.00980      8.91      2.00     4   5.8566
#         432       0.01023      6.24      2.00     5   5.8608
#         434       0.01048      4.82      2.00     5   5.8655
#         435       0.00994      6.59      2.00     5   5.8658
#         436       0.01000      4.02      2.00     5   5.8659
#         437       0.00976     15.33      2.00     5   5.8664
#         438       0.01046      4.96      2.00     5   5.8706
#         440       0.01021      6.40      2.00     5   5.8732
#         442       0.01094      5.92      2.00     5   5.8813
#         445       0.01833     11.16      2.00     6   5.8869
#         448       0.01210      5.51      2.00     5   5.8879
#         449       0.01216      8.32      2.00     5   5.8880
#         450       0.00958     16.34      2.00     5   5.8896
#         453       0.05900      7.53      2.00     7   5.9003
#         454       0.03275      7.46      2.00     7   5.9006
#         456       0.05805      7.34      2.00     7   5.9095
#         457       0.01380      5.08      2.00     5   5.9105
#         458       0.01084      4.05      1.00     6   5.9103
#         459       0.01275      5.18      1.00     6   5.9105
#         460       0.03225      7.25      2.00     7   5.9102
#         461       0.02003     21.95      2.00     6   5.9107
#         462       0.01099      8.39      1.00     6   5.9131
#         463       0.01398      5.43      2.00     4   5.9148
#         464       0.01112      7.62      2.00     5   5.9160
#         465       0.01382      5.25      2.00     5   5.9182
#         467       0.01067      4.77      2.00     5   5.9232
#         469       0.01987     21.52      2.00     6   5.9240
#         470       0.01145      4.16      1.00     6   5.9241
#         471       0.01248      5.38      1.00     6   5.9237
#         472       0.01379      9.28      2.00     5   5.9246
#         473       0.01102      8.43      1.00     6   5.9261
#         474       0.01031      5.69      2.00     5   5.9267
#         475       0.01167      8.03      2.00     5   5.9274
#         477       0.01113      7.31      2.00     5   5.9310
#         479       0.01907     21.57      2.00     7   5.9323
#         480       0.01117      7.66      2.00     5   5.9352
#         481       0.01318     12.96      2.00     6   5.9357
#         483       0.01921     20.58      2.00     7   5.9406
#         484       0.01623      9.27      2.00     6   5.9467
#         485       0.01212      9.40      1.00     6   5.9473
#         486       0.01195      8.81      1.00     6   5.9472
#         487       0.01654      8.89      2.00     6   5.9475
#         488       0.00975     12.56      1.00     6   5.9490
#         489       0.01525      5.03      2.00     5   5.9630
#         490       0.00973      5.03      2.00     4   5.9720
#         491       0.01383      4.38      2.00     5   5.9740
#         492       0.01529      4.90      2.00     5   5.9749
#         493       0.01064      5.31      2.00     5   5.9786
#         495       0.01898     26.51      2.00     7   5.9951
#         498       0.01553      4.93      2.00     6   6.0013
#         499       0.01703      9.04      2.00     6   6.0017
#         500       0.01701      9.73      2.00     6   6.0015
#         502       0.01521      4.25      2.00     6   6.0014
#         504       0.01819      4.37      2.00     6   6.0038
#         505       0.01805      4.36      2.00     6   6.0041
#         508       0.00885      5.56      1.00     6   6.0119
#         509       0.01846      7.43      2.00     6   6.0153
#         511       0.00871      5.50      1.00     6   6.0187
#         512       0.00897      5.80      1.00     6   6.0190
#         514       0.00872      5.46      1.00     6   6.0232
#         515       0.01265     23.71      2.00     5   6.0255
#         516       0.01099      5.60      2.00     5   6.0297
#         517       0.01051     14.78      2.00     5   6.0314
#         518       0.00961      7.86      2.00     5   6.0313
#         521       0.01020     15.83      2.00     6   6.0347
#         522       0.01953     19.49      2.00     6   6.0356
#         525       0.01147      7.58      1.00     6   6.0379
#         526       0.01741      8.64      2.00     6   6.0386
#         528       0.01654      4.95      2.00     6   6.0388
#         529       0.01793      7.41      2.00     6   6.0392
#         530       0.01788      4.27      2.00     6   6.0408
#         532       0.01122      4.26      2.00     5   6.0446
#         534       0.01014     15.08      2.00     6   6.0495
#         535       0.01251     24.40      2.00     5   6.0532
#         536       0.00948      4.98      2.00     4   6.0644
#         537       0.02852      5.02      2.00     5   6.0670
#         538       0.01132      9.53      2.00     6   6.0683
#         541       0.01129      8.82      2.00     6   6.0705
#         542       0.01025     15.01      2.00     6   6.0720
#         543       0.01231     17.61      2.00     5   6.0728
#         546       0.01525      5.24      2.00     5   6.0811
#         549       0.01129      5.27      2.00     6   6.0818
#         550       0.01084      9.83      2.00     6   6.0820
#         551       0.01281     11.06      2.00     6   6.0844
#         556       0.05401      6.88      2.00     7   6.0882
#         557       0.01069      7.90      2.00     6   6.0890
#         558       0.01050     10.25      2.00     6   6.0890
#         559       0.00985      8.85      2.00     5   6.0896
#         560       0.03330      6.86      2.00     7   6.0899
#         561       0.01088     24.62      2.00     6   6.0907
#         564       0.02085      4.82      2.00     6   6.0949
#         565       0.01111      5.53      2.00     6   6.0946
#         566       0.01089      9.59      2.00     6   6.0948
#         567       0.01073      9.21      2.00     6   6.0955
#         568       0.00955      4.91      2.00     4   6.0975
#         569       0.01355     11.25      2.00     6   6.0970
#         570       0.01753      4.45      2.00     6   6.0999
#         571       0.01886      5.47      2.00     6   6.0999
#         573       0.01083      9.32      2.00     6   6.1015
#         575       0.02006      4.91      2.00     6   6.1053
#         576       0.00911      4.84      2.00     4   6.1074
#         577       0.01718      4.52      2.00     6   6.1101
#         578       0.01836      5.59      2.00     6   6.1101
#         581       0.00967      4.97      2.00     4   6.1125
#         582       0.01453      5.55      2.00     6   6.1138
#         583       0.01786     14.61      2.00     7   6.1134
#         585       0.01417      6.62      2.00     5   6.1165
#         586       0.01080      6.95      2.00     6   6.1169
#         588       0.01794      9.26      2.00     7   6.1171
#         590       0.01812      9.05      2.00     7   6.1181
#         591       0.01077      7.58      2.00     6   6.1192
#         592       0.01197      9.69      2.00     6   6.1252
#         593       0.01887      5.79      2.00     6   6.1268
#         597       0.01204      9.71      2.00     6   6.1328
#         598       0.00995      8.09      2.00     6   6.1341
#         599       0.01027      9.08      2.00     6   6.1341
#         600       0.03141      5.39      2.00     5   6.1351
#         601       0.01826      4.16      2.00     5   6.1359
#         603       0.01034      9.48      2.00     5   6.1391
#         604       0.01054      4.15      2.00     6   6.1400
#         606       0.01004      8.28      2.00     6   6.1420
#         607       0.01027      9.37      2.00     6   6.1420
#         609       0.01077     10.58      2.00     6   6.1480
#         610       0.01013      7.51      2.00     6   6.1484
#         611       0.01008      6.78      2.00     6   6.1483
#         612       0.01012      8.60      2.00     6   6.1483
#         613       0.01034      6.74      2.00     6   6.1484
#         614       0.01023     17.41      2.00     6   6.1489
#         615       0.00990     13.72      2.00     6   6.1489
#         616       0.01338     10.68      2.00     6   6.1503
#         618       0.01720      6.20      2.00     6   6.1524
#         619       0.01080      9.72      2.00     6   6.1538
#         621       0.01458      6.47      2.00     5   6.1679
#         622       0.00974      8.78      2.00     5   6.1730
#         624       0.03232      5.27      2.00     5   6.1783
#         627       0.01191      9.40      2.00     6   6.1881
#         630       0.01001      7.52      2.00     6   6.1975
#         631       0.01029      7.75      2.00     6   6.1975
#         636       0.01781      8.20      2.00     6   6.2185
#         637       0.01765      8.39      2.00     6   6.2187
#         638       0.02094      6.49      2.00     6   6.2228
#         642       0.01730      5.82      2.00     6   6.2268
#         643       0.04475      8.66      2.00     6   6.2271
#         644       0.01193      4.12      2.00     5   6.2312
#         645       0.01812      5.20      2.00     6   6.2323
#         647       0.01765      6.40      2.00     6   6.2323
#         648       0.01042     14.33      1.00     6   6.2324
#         651       0.02088      6.25      2.00     6   6.2371
#         652       0.01866      4.43      2.00     6   6.2412
#         655       0.02232      4.97      2.00     5   6.2493
#         656       0.00598      9.89      1.00     4   6.2521
#         658       0.02531      7.44      2.00     5   6.2571
#         659       0.00951      5.22      2.00     4   6.2582
#         660       0.02434      6.90      2.00     5   6.2589
#         662       0.01042      5.39      2.00     6   6.2662
#         668       0.00988     13.26      2.00     6   6.2906
#         670       0.02513      6.69      2.00     5   6.2971
#         672       0.00976      4.61      2.00     6   6.3054
#         674       0.01014      4.61      2.00     6   6.3063
#         676       0.00979      4.68      2.00     6   6.3099
#         677       0.01663      7.05      2.00     6   6.3105
#         678       0.01567     43.03      2.00     5   6.3114
#         680       0.01097      4.70      2.00     6   6.3121
#         681       0.01093      6.01      2.00     6   6.3122
#         683       0.00978      4.80      2.00     6   6.3129
#         684       0.00998     17.19      2.00     6   6.3138
#         685       0.05496      8.35      2.00     7   6.3232
#         687       0.02444      6.11      2.00     7   6.3236
#         688       0.01881      9.60      2.00     7   6.3234
#         689       0.02886      8.22      2.00     7   6.3236
#         692       0.05158      8.69      2.00     7   6.3326
#         693       0.02342      6.16      2.00     7   6.3333
#         694       0.01827      9.77      2.00     7   6.3330
#         695       0.02823      7.98      2.00     7   6.3333
#         696       0.01409     17.28      1.00     6   6.3337
#         699       0.01120      4.55      2.00     5   6.3376
#         700       0.00931      4.84      2.00     4   6.3383
#         701       0.02354      6.08      2.00     5   6.3444
#         702       0.00972      4.41      2.00     3   6.3453
#         703       0.01928      6.49      2.00     6   6.3460
#         704       0.01391     18.45      1.00     6   6.3471
#         705       0.01073      9.44      2.00     7   6.3549
#         707       0.01378     18.51      2.00     7   6.3553
#         709       0.01593     18.37      2.00     7   6.3553
#         711       0.01055     16.18      2.00     7   6.3577
#         712       0.02797      4.24      2.00     6   6.3582
#         713       0.02911      5.47      2.00     5   6.3595
#         714       0.02637      8.47      1.00     6   6.3608
#         717       0.01174      9.63      2.00     7   6.3639
#         718       0.01349     18.35      2.00     7   6.3637
#         719       0.01601     18.20      2.00     7   6.3637
#         720       0.01067     16.55      2.00     7   6.3658
#         722       0.01094      4.62      2.00     5   6.3663
#         723       0.01597     51.73      1.00     6   6.3707
#         724       0.01756      7.51      2.00     7   6.3709
#         725       0.01382      7.26      2.00     7   6.3709
#         726       0.01082     13.14      2.00     7   6.3714
#         727       0.01503      5.30      2.00     7   6.3717
#         728       0.01089     11.95      2.00     7   6.3715
#         729       0.00958      5.20      2.00     5   6.3725
#         730       0.01012     30.01      2.00     7   6.3732
#         731       0.01873      4.97      2.00     6   6.3737
#         735       0.01871      4.42      2.00     6   6.3816
#         737       0.02802      4.35      2.00     6   6.3899
#         738       0.00949      5.31      2.00     5   6.3913
#         740       0.02562      7.13      1.00     6   6.3924
#         742       0.00962      8.75      2.00     5   6.3976
#         745       0.01522      5.74      2.00     6   6.4076
#         748       0.01565      5.61      2.00     6   6.4146
#         750       0.02961      5.44      2.00     6   6.4181
#         752       0.01110      8.90      2.00     7   6.4186
#         753       0.01398     18.43      2.00     7   6.4187
#         754       0.01572     17.36      2.00     7   6.4187
#         756       0.01071     14.71      2.00     7   6.4210
#         758       0.01774      7.69      2.00     6   6.4246
#         759       0.01670      6.52      2.00     6   6.4251
#         760       0.02996      4.24      2.00     6   6.4315
#         761       0.02645      6.84      1.00     6   6.4338
#         762       0.02264      5.73      1.00     6   6.4342
#         766       0.02266      5.41      2.00     6   6.4433
#         767       0.03410     10.91      2.00     7   6.4443
#         770       0.02927      5.53      2.00     6   6.4476
#         772       0.00687     20.08      2.00     5   6.4531
#         774       0.02169      6.64      2.00     7   6.4549
#         775       0.00980      8.21      2.00     6   6.4555
#         776       0.01021     13.09      2.00     6   6.4560
#         777       0.02116     11.45      2.00     7   6.4555
#         778       0.04481     14.39      2.00     7   6.4558
#         781       0.01416     10.72      1.00     6   6.4591
#         782       0.01771      7.75      2.00     6   6.4617
#         783       0.01571      6.48      2.00     6   6.4642
#         784       0.01075      4.79      2.00     5   6.4652
#         786       0.01022     17.22      2.00     6   6.4701
#         789       0.02189      4.79      2.00     6   6.4720
#         790       0.02216      5.45      2.00     6   6.4721
#         798       0.00973      5.13      2.00     3   6.4753
#         799       0.01936      8.17      2.00     6   6.4770
#         805       0.01043     18.00      2.00     6   6.4929
#         808       0.02190      4.86      2.00     6   6.5000
#         812       0.01956      8.12      2.00     6   6.5039
#         813       0.00829     15.11      2.00     6   6.5049
#         815       0.05320      6.13      2.00     7   6.5118
#         816       0.00703     46.06      2.00     6   6.5124
#         818       0.02520      4.70      2.00     7   6.5134
#         819       0.01928      6.86      2.00     7   6.5131
#         820       0.02905      7.58      2.00     7   6.5134
#         821       0.01119      7.09      2.00     7   6.5132
#         823       0.01133      7.99      2.00     7   6.5132
#         826       0.02613      7.05      2.00     6   6.5141
#         829       0.00988     28.38      2.00     7   6.5149
#         832       0.02797      4.86      2.00     6   6.5164
#         836       0.00781     15.94      2.00     6   6.5179
#         837       0.01407      9.68      2.00     6   6.5180
#         841       0.01942      7.86      2.00     6   6.5236
#         843       0.01355      9.95      2.00     6   6.5286
#         845       0.01012      8.61      2.00     7   6.5290
#         847       0.01461      4.18      2.00     6   6.5304
#         850       0.01121     10.08      2.00     7   6.5311
#         852       0.01032      8.41      2.00     7   6.5334
#         857       0.01096      7.82      2.00     7   6.5369
#         858       0.01027      9.07      2.00     7   6.5367
#         859       0.01235      5.95      2.00     5   6.5393
#         860       0.01097      7.15      2.00     7   6.5400
#         861       0.01106      7.31      2.00     7   6.5412
#         862       0.00983      4.74      2.00     3   6.5461
#         865       0.02013      6.17      2.00     6   6.5502
#         866       0.01087      4.90      2.00     5   6.5513
#         873       0.01243      8.25      2.00     7   6.5712
#         874       0.00802     11.21      2.00     6   6.5715
#         876       0.01054     14.22      2.00     7   6.5731
#         879       0.01036      6.85      2.00     7   6.5786
#         880       0.01222      4.76      2.00     5   6.5791
#         882       0.01035      6.32      2.00     7   6.5806
#         883       0.01035      7.12      2.00     7   6.5817
#         885       0.01808      4.91      2.00     5   6.5854
#         887       0.00834      7.32      2.00     5   6.5868
#         889       0.02018      6.60      2.00     6   6.5909
#         894       0.04021     13.62      2.00     7   6.6041
#         895       0.02137      5.43      2.00     7   6.6050
#         896       0.02206      9.79      2.00     7   6.6047
#         900       0.01111      4.36      2.00     4   6.6076
#         906       0.01175      5.17      2.00     5   6.6207
#         909       0.00736      5.28      2.00     4   6.6240
#         918       0.01246      7.11      2.00     6   6.6458
#         920       0.01158      5.17      2.00     5   6.6475
#         923       0.02130      6.29      2.00     6   6.6475
#         925       0.00861     14.65      2.00     6   6.6502
#         926       0.00684      9.91      1.00     6   6.6541
#         927       0.01241      7.53      2.00     6   6.6602
#         928       0.00870      5.64      2.00     4   6.6658
#         929       0.01696      8.51      2.00     7   6.6674
#         930       0.01515      5.04      2.00     6   6.6721
#         932       0.01777      8.22      2.00     7   6.6768
#         933       0.02812      5.77      2.00     6   6.6780
#         935       0.01294     12.82      2.00     6   6.6800
#         940       0.02486      8.11      2.00     7   6.6955
#         941       0.01985      4.24      2.00     7   6.6978
#         942       0.02092      5.14      2.00     7   6.6982
#         943       0.02803      4.53      2.00     7   6.6980
#         944       0.02190      4.95      2.00     7   6.6980
#         945       0.02120     14.69      2.00     7   6.7006
#         948       0.02433      8.22      2.00     7   6.7229
#         950       0.01246      6.43      2.00     6   6.7250
#         951       0.02795      4.51      2.00     7   6.7253
#         952       0.02243      4.95      2.00     7   6.7253
#         954       0.01949      4.21      2.00     7   6.7257
#         955       0.02246      4.86      2.00     7   6.7256
#         956       0.03645      4.83      2.00     7   6.7262
#         958       0.02124     14.43      2.00     7   6.7277
#         960       0.01717      9.49      2.00     7   6.7291
#         961       0.01086     36.25      2.00     6   6.7356
#         962       0.01697      4.24      2.00     7   6.7373
#         963       0.02928     10.21      2.00     7   6.7373
#         964       0.01804      6.23      2.00     7   6.7390
#         966       0.02895      8.40      2.00     7   6.7394
#         968       0.01793      5.19      2.00     7   6.7412
#         969       0.03708      5.05      2.00     7   6.7415
#         971       0.02494      5.70      2.00     7   6.7419
#         978       0.02240      4.30      2.00     7   6.7445
#         979       0.02240      5.67      2.00     7   6.7448
#         980       0.01607     15.88      2.00     7   6.7465
#         981       0.02191     15.15      2.00     7   6.7471
#         983       0.03111      6.54      2.00     5   6.7506
#         987       0.01560     16.37      2.00     7   6.7564
#         988       0.01230      5.87      2.00     6   6.7587
#         992       0.01970      8.69      2.00     6   6.7602
#         993       0.01255      5.20      2.00     6   6.7637
#         995       0.01292      5.20      2.00     6   6.7696
#         997       0.01229      5.39      2.00     6   6.7722
#         998       0.01921      5.89      2.00     7   6.7735
#        1000       0.02929      9.94      2.00     7   6.7739
#        1001       0.02318      4.66      2.00     7   6.7739
#        1004       0.01128     27.90      2.00     7   6.7782
#        1005       0.02153      5.70      2.00     7   6.7793
#        1007       0.02339      5.52      2.00     7   6.7801
#        1009       0.02552      8.53      2.00     6   6.7820
#        1014       0.02011      8.63      2.00     7   6.7851
#        1015       0.01928      5.82      2.00     7   6.7865
#        1016       0.02929      9.91      2.00     7   6.7863
#        1017       0.02308      4.39      2.00     7   6.7863
#        1018       0.01145     30.31      2.00     7   6.7868
#        1023       0.02140      5.61      2.00     7   6.7929
#        1027       0.02293      5.76      2.00     7   6.7939
#        1028       0.01100     90.08      2.00     7   6.7949
#        1033       0.00980     12.90      2.00     6   6.7972
#        1036       0.02018      8.76      2.00     7   6.7977
#        1042       0.01805      7.19      2.00     6   6.8097
#        1045       0.02376      8.45      2.00     6   6.8130
#        1046       0.01046      6.37      2.00     6   6.8162
#        1048       0.01731      4.01      2.00     7   6.8172
#        1049       0.02243      7.97      2.00     7   6.8173
#        1051       0.02269      9.51      2.00     7   6.8173
#        1052       0.01754      5.19      2.00     7   6.8179
#        1053       0.02115      5.06      2.00     7   6.8178
#        1054       0.01543      4.93      2.00     7   6.8189
#        1055       0.02087      4.30      2.00     7   6.8190
#        1056       0.01576      8.93      2.00     6   6.8196
#        1057       0.01815     13.85      2.00     7   6.8195
#        1059       0.00805      6.87      2.00     6   6.8218
#        1060       0.01163     10.39      2.00     6   6.8218
#        1062       0.00601      4.95      2.00     4   6.8247
#        1063       0.01753      4.22      2.00     7   6.8305
#        1064       0.01783      5.09      2.00     7   6.8335
#        1065       0.01761      4.91      2.00     7   6.8340
#        1066       0.01165     17.70      2.00     7   6.8423
#        1068       0.02864      6.27      2.00     5   6.8477
#        1071       0.02630      8.27      2.00     6   6.8548
#        1072       0.00594      4.72      2.00     4   6.8562
#        1074       0.02198     10.63      2.00     7   6.8595
#        1077       0.02860      7.30      2.00     6   6.8664
#        1078       0.01910      5.63      2.00     7   6.8668
#        1083       0.02172      9.41      2.00     7   6.8719
#        1084       0.02024      5.71      2.00     7   6.8724
#        1089       0.02814      6.02      2.00     6   6.8772
#        1091       0.02825      8.46      2.00     7   6.8791
#        1092       0.01584     23.85      2.00     7   6.8789
#        1093       0.01207      5.26      2.00     6   6.8808
#        1094       0.01772      7.57      2.00     7   6.8807
#        1096       0.01776      6.11      2.00     7   6.8829
#        1098       0.00578      8.45      2.00     5   6.8841
#        1099       0.00714      4.66      2.00     5   6.8929
#        1100       0.02774      7.42      2.00     6   6.8955
#        1102       0.01902      8.03      2.00     6   6.8976
#        1103       0.01899      5.07      2.00     7   6.8981
#        1104       0.02321      5.04      2.00     7   6.8982
#        1105       0.02197      9.29      2.00     7   6.8985
#        1108       0.02129      4.99      2.00     7   6.9038
#        1111       0.01875      6.99      2.00     7   6.9067
#        1116       0.00614      4.31      2.00     5   6.9179
#        1117       0.01856      6.64      2.00     7   6.9216
#        1119       0.01838      8.11      2.00     6   6.9249
#        1121       0.02051      4.07      2.00     6   6.9334
#        1123       0.01102     39.77      2.00     7   6.9366
#        1124       0.01688     11.35      2.00     7   6.9370
#        1125       0.01965     10.26      2.00     6   6.9375
#        1128       0.01975      8.25      2.00     6   6.9398
#        1131       0.01917      6.64      2.00     7   6.9436
#        1132       0.01874      6.92      2.00     6   6.9448
#        1133       0.01070     10.18      2.00     7   6.9495
#        1134       0.01994      6.52      2.00     6   6.9515
#        1136       0.01088      7.67      2.00     7   6.9547
#        1137       0.02273      5.36      2.00     7   6.9564
#        1138       0.01085     11.11      2.00     7   6.9576
#        1140       0.02001      4.83      2.00     7   6.9607
#        1141       0.01978      4.13      2.00     7   6.9608
#        1142       0.02019     12.47      2.00     7   6.9613
#        1143       0.01236      5.25      2.00     6   6.9635
#        1147       0.02346      5.51      2.00     7   6.9686
#        1150       0.02170     10.50      2.00     6   6.9737
#        1151       0.01603      4.41      2.00     7   6.9753
#        1152       0.01608      4.30      2.00     7   6.9758
#        1155       0.02420      4.48      2.00     7   6.9810
#        1156       0.02440      7.05      2.00     7   6.9812
#        1158       0.02000      4.77      2.00     7   6.9828
#        1160       0.02022      4.95      2.00     7   6.9828
#        1161       0.01934     13.88      2.00     7   6.9845
#        1162       0.02165      7.27      2.00     6   6.9876
#        1166       0.00755      5.73      2.00     5   7.0089
#        1167       0.02128      7.37      2.00     6   7.0119
#        1168       0.02783     10.58      2.00     6   7.0170
#        1169       0.02909      7.18      2.00     6   7.0177
#        1170       0.02805      8.39      2.00     6   7.0174
#        1172       0.02311      4.89      2.00     7   7.0223
#        1173       0.01593     21.00      2.00     7   7.0281
#        1174       0.00715     10.54      2.00     5   7.0286
#        1176       0.01366      6.34      2.00     6   7.0449
#        1179       0.01643      4.28      2.00     7   7.0586
#        1181       0.01615      4.48      2.00     7   7.0695
#        1182       0.02267     10.40      2.00     6   7.0709
#        1183       0.01701      8.69      2.00     7   7.0903
#        1184       0.01591      9.27      2.00     7   7.0999
#        1185       0.01228      7.36      2.00     6   7.1014
#        1186       0.01232      6.12      2.00     6   7.1036
#        1187       0.01439     17.67      2.00     7   7.1042
#        1188       0.00592      5.24      2.00     5   7.1072
#        1189       0.02001     11.43      2.00     7   7.1188
#        1190       0.03763     11.18      2.00     7   7.1186
#        1191       0.01951     16.45      2.00     7   7.1211
#        1196       0.01583      6.80      2.00     7   7.1262
#        1197       0.02144     12.59      2.00     7   7.1262
#        1198       0.03300      5.76      2.00     7   7.1343
#        1199       0.02103     11.07      2.00     7   7.1465
#        1200       0.03490     11.43      2.00     7   7.1463
#        1201       0.00700      6.17      2.00     6   7.1479
#        1202       0.01933     16.49      2.00     7   7.1487
#        1203       0.01301      6.71      2.00     7   7.1493
#        1204       0.01662      6.37      2.00     7   7.1527
#        1205       0.00933      4.14      2.00     7   7.1527
#        1208       0.00649      4.23      2.00     5   7.1569
#        1209       0.00650      4.45      2.00     5   7.1569
#        1210       0.01409      5.20      2.00     6   7.1600
#        1211       0.01235     17.25      2.00     7   7.1607
#        1212       0.01240     13.76      2.00     7   7.1629
#        1213       0.01281      7.13      2.00     7   7.1648
#        1214       0.03950      7.97      2.00     7   7.1657
#        1215       0.00779     13.47      2.00     6   7.1665
#        1216       0.01993     14.80      2.00     7   7.1683
#        1217       0.01327      5.48      2.00     6   7.1730
#        1219       0.01213      4.83      2.00     6   7.1761
#        1220       0.00757      4.06      2.00     6   7.1817
#        1221       0.02390      6.33      2.00     6   7.1813
#        1222       0.01273      5.30      2.00     6   7.1814
#        1223       0.01300      5.28      2.00     6   7.1813
#        1224       0.01306      5.71      2.00     6   7.1813
#        1225       0.01319      5.82      2.00     6   7.1819
#        1226       0.01302      6.89      2.00     6   7.1819
#        1227       0.01952     10.59      2.00     6   7.1819
#        1228       0.00726      6.71      2.00     6   7.1868
#        1229       0.01713      6.94      2.00     7   7.1883
#        1230       0.01417      5.05      2.00     6   7.1929
#        1231       0.00751      4.58      2.00     6   7.1953
#        1232       0.01776     13.63      2.00     7   7.1969
#        1233       0.02614      7.20      2.00     7   7.2032
#        1234       0.01944      9.34      2.00     7   7.2057
#        1235       0.01440      5.72      2.00     6   7.2080
#        1236       0.01791     13.67      2.00     7   7.2095
#        1237       0.03195      5.10      2.00     7   7.2121
#        1239       0.00950      7.73      2.00     6   7.2141
#        1240       0.02194      6.01      2.00     7   7.2160
#        1241       0.00706     13.60      2.00     6   7.2162
#        1242       0.02475      6.43      2.00     7   7.2172
#        1243       0.02480      7.60      2.00     7   7.2172
#        1244       0.01890      8.19      2.00     7   7.2187
#        1245       0.01882      9.69      2.00     7   7.2187
#        1246       0.01996     10.24      2.00     6   7.2314
#        1247       0.01336     14.28      2.00     7   7.2324
#        1248       0.01306     12.71      2.00     7   7.2354
#        1250       0.02384     13.60      2.00     7   7.2407
#        1251       0.02408     14.79      2.00     7   7.2407
#        1252       0.02376     13.26      2.00     7   7.2408
#        1253       0.02411     12.32      2.00     7   7.2408
#        1254       0.01981     19.41      2.00     7   7.2412
#        1255       0.01979     15.98      2.00     7   7.2412
#        1256       0.01325      7.49      2.00     7   7.2460
#        1257       0.01497      4.32      2.00     6   7.2553
#        1258       0.03465      4.88      2.00     7   7.2633
#        1259       0.02086      7.47      2.00     7   7.2679
#        1260       0.01397     10.87      2.00     7   7.2902
#        1261       0.01396     11.13      2.00     7   7.2954
#        1262       0.01228      9.80      2.00     7   7.3024
#        1263       0.01232      7.39      2.00     7   7.3046
#        1264       0.01789     11.05      2.00     7   7.3218
#        1265       0.01067      6.14      2.00     6   7.3237
#        1266       0.01930      6.82      2.00     7   7.3311
#        1267       0.01721      6.21      2.00     7   7.3375
#        1268       0.01673      7.11      2.00     6   7.3469
#        1269       0.00902      4.43      2.00     6   7.3558
#        1270       0.00894      4.70      2.00     6   7.3558
#        1271       0.01431      7.08      2.00     7   7.3824
#        1272       0.01467      6.36      2.00     7   7.3830
#        1273       0.01073     15.33      2.00     7   7.3830
#        1274       0.02019     10.44      2.00     7   7.4039
#        1275       0.03096      8.02      2.00     7   7.4045
#        1276       0.03072     11.96      2.00     7   7.4046
#        1277       0.01985      8.90      2.00     7   7.4048
#        1278       0.01383      9.57      2.00     7   7.4045
#        1279       0.01400      9.85      2.00     7   7.4046
#        1280       0.01117     11.37      2.00     7   7.4062
#        1281       0.01839     20.14      2.00     7   7.4062
#        1283       0.01403      4.13      2.00     5   7.4409
#        1284       0.01586      4.19      2.00     7   7.4792
#        1285       0.01333      8.30      2.00     7   7.4788
#        1286       0.01560      4.32      2.00     7   7.4913
#        1287       0.01385      6.59      2.00     7   7.4924
#        1288       0.01009      4.14      2.00     6   7.4976
#        1289       0.01400      6.41      2.00     7   7.5247
#        1291       0.02029     31.66      2.00     7   7.5417
#        1292       0.01048      9.22      2.00     7   7.5479
#        1293       0.01517     10.28      2.00     7   7.5480
#        1294       0.01892      6.40      2.00     7   7.5480
#        1295       0.01581      5.20      2.00     7   7.5506
#        1296       0.02007     32.60      2.00     7   7.5696
#        1297       0.01355      4.27      2.00     5   7.5707
#        1299       0.01614      6.88      2.00     7   7.5912
#        1300       0.01599      5.83      2.00     7   7.6046
#        1301       0.01619      5.67      2.00     7   7.6326
#        1302       0.01508      6.02      2.00     7   7.6341
#        1303       0.01691      5.25      2.00     7   7.6384
#        1305       0.01216      4.25      2.00     6   7.6622
#        1306       0.01053      5.06      2.00     7   7.6923
#        1307       0.01370      4.07      2.00     6   7.7030
#        1308       0.01260      5.28      2.00     6   7.7195
#        1310       0.01091      4.37      2.00     6   7.7546
#        1312       0.01043      5.47      2.00     6   7.7734
#        1313       0.01169      4.81      2.00     6   7.7747
#        1315       0.02543     57.52      2.00     7   7.8279
#        1316       0.01212      5.43      2.00     6   7.8548
#        1317       0.01190      9.99      2.00     7   7.9141
#        1319       0.01168      6.06      2.00     7   7.9354
#        1320       0.01536      6.99      2.00     7   7.9442
#        1322       0.01130     25.03      2.00     7   7.9697
#        1324       0.01262      5.38      2.00     7   7.9789
#        1325       0.01221      6.87      2.00     7   7.9883
#        1328       0.01487      4.78      2.00     7   8.0133
#        1330       0.01077      7.79      2.00     7   8.0559
#        1336       0.01329      6.07      2.00     7   8.1373
#        1337       0.01867      4.77      2.00     6   8.1916
#        1338       0.01491     11.78      2.00     7   8.4006
#        1339       0.01116      4.18      2.00     7   8.5022
#        1340       0.01620     14.85      2.00     7   8.5451
#        1341       0.01242      4.82      2.00     6   8.5782
#   889/1161 paths used
#  xsedge+50, used to normalize mu           1.0000E+00
#  -----------------------------------------------------------------------
#  omega    e    k    mu    mu0     chi     @#
    9726.136   -204.434  -7.200 -2.84627E-06 -2.83202E-06  1.27029E-05
    9728.869   -201.700  -7.150 -6.29292E-06 -6.27567E-06  1.30842E-05
    9731.584   -198.986  -7.100 -9.73956E-06 -9.71933E-06  1.33193E-05
    9734.279   -196.290  -7.050 -1.31862E-05 -1.31630E-05  1.34665E-05
    9736.956   -193.614  -7.000 -1.66328E-05 -1.66066E-05  1.36472E-05
    9739.613   -190.956  -6.950 -2.00795E-05 -2.00503E-05  1.39643E-05
    9742.252   -188.318  -6.900 -2.35261E-05 -2.34939E-05  1.44321E-05
    9744.871   -185.698  -6.850 -2.68898E-05 -2.68512E-05  1.50410E-05
    9747.471   -183.098  -6.800 -3.01594E-05 -3.01108E-05  1.56866E-05
    9750.053   -180.517  -6.750 -3.34291E-05 -3.33703E-05  1.62063E-05
    9752.615   -177.955  -6.700 -3.66987E-05 -3.66298E-05  1.66018E-05
    9755.158   -175.411  -6.650 -3.99684E-05 -3.98894E-05  1.69566E-05
    9757.682   -172.887  -6.600 -4.32380E-05 -4.31489E-05  1.73866E-05
    9760.187   -170.382  -6.550 -4.65077E-05 -4.64084E-05  1.79695E-05
    9762.673   -167.896  -6.500 -4.97773E-05 -4.96679E-05  1.86959E-05
    9765.140   -165.429  -6.450 -5.29458E-05 -5.28063E-05  1.96326E-05
    9767.588   -162.981  -6.400 -5.60489E-05 -5.58662E-05  2.06224E-05
    9770.017   -160.553  -6.350 -5.91520E-05 -5.89261E-05  2.14938E-05
    9772.427   -158.143  -6.300 -6.22550E-05 -6.19860E-05  2.22485E-05
    9774.818   -155.752  -6.250 -6.53581E-05 -6.50459E-05  2.29623E-05
    9777.189   -153.380  -6.200 -6.84611E-05 -6.81058E-05  2.37460E-05
    9779.542   -151.028  -6.150 -7.15642E-05 -7.11657E-05  2.46853E-05
    9781.876   -148.694  -6.100 -7.46672E-05 -7.42256E-05  2.57927E-05
    9784.190   -146.379  -6.050 -7.77789E-05 -7.72349E-05  2.72243E-05
    9786.486   -144.084  -6.000 -8.09182E-05 -8.00806E-05  2.94076E-05
    9788.762   -141.807  -5.950 -8.40575E-05 -8.29264E-05  3.15401E-05
    9791.020   -139.550  -5.900 -8.71968E-05 -8.57721E-05  3.35833E-05
    9793.258   -137.312  -5.850 -9.03361E-05 -8.86179E-05  3.55713E-05
    9795.477   -135.092  -5.800 -9.34755E-05 -9.14636E-05  3.75986E-05
    9797.677   -132.892  -5.750 -9.66148E-05 -9.43094E-05  3.97768E-05
    9799.859   -130.711  -5.700 -9.97541E-05 -9.71551E-05  4.21808E-05
    9802.021   -128.549  -5.650 -1.02893E-04 -1.00001E-04  4.48101E-05
    9804.164   -126.406  -5.600 -1.09365E-04 -1.02790E-04  5.11099E-05
    9806.288   -124.281  -5.550 -1.26220E-04 -1.05404E-04  6.93054E-05
    9808.393   -122.176  -5.500 -1.43076E-04 -1.08017E-04  8.88056E-05
    9810.479   -120.091  -5.450 -1.59931E-04 -1.10630E-04  1.09503E-04
    9812.546   -118.024  -5.400 -1.76787E-04 -1.13244E-04  1.31379E-04
    9814.594   -115.976  -5.350 -1.93642E-04 -1.15857E-04  1.54503E-04
    9816.623   -113.947  -5.300 -2.10498E-04 -1.18471E-04  1.78989E-04
    9818.632   -111.937  -5.250 -2.27353E-04 -1.21084E-04  2.04917E-04
    9820.623   -109.946  -5.200 -2.44209E-04 -1.23697E-04  2.32269E-04
    9822.595   -107.975  -5.150 -2.61064E-04 -1.26311E-04  2.60898E-04
    9824.547   -106.022  -5.100 -2.67802E-04 -1.28805E-04  2.64571E-04
    9826.481   -104.089  -5.050 -2.62820E-04 -1.31162E-04  2.37622E-04
    9828.395   -102.174  -5.000 -2.57837E-04 -1.33519E-04  2.09648E-04
    9830.291   -100.279  -4.950 -2.52855E-04 -1.35877E-04  1.80705E-04
    9832.167    -98.402  -4.900 -2.47873E-04 -1.38234E-04  1.50905E-04
    9834.025    -96.545  -4.850 -2.42891E-04 -1.40591E-04  1.20408E-04
    9835.863    -94.706  -4.800 -2.37909E-04 -1.42948E-04  8.94000E-05
    9837.682    -92.887  -4.750 -2.32927E-04 -1.45305E-04  5.80603E-05
    9839.483    -91.087  -4.700 -2.27945E-04 -1.47662E-04  2.65369E-05
    9841.264    -89.306  -4.650 -2.22962E-04 -1.50019E-04 -5.07516E-06
    9843.026    -87.544  -4.600 -2.17980E-04 -1.52376E-04 -3.67386E-05
    9844.769    -85.801  -4.550 -2.15500E-04 -1.54545E-04 -4.64591E-05
    9846.493    -84.077  -4.500 -2.14390E-04 -1.56611E-04 -4.35577E-05
    9848.198    -82.372  -4.450 -2.13281E-04 -1.58678E-04 -4.00954E-05
    9849.884    -80.686  -4.400 -2.12171E-04 -1.60744E-04 -3.62182E-05
    9851.551    -79.019  -4.350 -2.11061E-04 -1.62810E-04 -3.20112E-05
    9853.198    -77.371  -4.300 -2.09952E-04 -1.64877E-04 -2.74611E-05
    9854.827    -75.742  -4.250 -2.08842E-04 -1.66943E-04 -2.24462E-05
    9856.437    -74.133  -4.200 -2.07733E-04 -1.69010E-04 -1.67619E-05
    9858.028    -72.542  -4.150 -2.06623E-04 -1.71076E-04 -1.01739E-05
    9859.599    -70.970  -4.100 -2.05513E-04 -1.73142E-04 -2.48862E-06
    9861.152    -69.418  -4.050 -2.04404E-04 -1.75209E-04  6.38299E-06
    9862.685    -67.884  -4.000 -2.03294E-04 -1.77275E-04  1.63863E-05
    9864.200    -66.370  -3.950 -2.03232E-04 -1.79214E-04  2.12064E-04
    9865.695    -64.874  -3.900 -2.04969E-04 -1.80934E-04  7.52889E-04
    9867.172    -63.398  -3.850 -2.06706E-04 -1.82654E-04  1.23762E-03
    9868.629    -61.941  -3.800 -2.08443E-04 -1.84374E-04  1.54315E-03
    9870.067    -60.502  -3.750 -2.10180E-04 -1.86094E-04  1.57019E-03
    9871.486    -59.083  -3.700 -2.11918E-04 -1.87814E-04  1.26967E-03
    9872.887    -57.683  -3.650 -2.13655E-04 -1.89534E-04  6.60064E-04
    9874.268    -56.302  -3.600 -2.15392E-04 -1.91254E-04 -1.69081E-04
    9875.630    -54.940  -3.550 -2.17129E-04 -1.92974E-04 -1.06935E-03
    9876.973    -53.597  -3.500 -2.18867E-04 -1.94695E-04 -1.85998E-03
    9878.297    -52.273  -3.450 -2.20604E-04 -1.96415E-04 -2.36397E-03
    9879.602    -50.968  -3.400 -2.22341E-04 -1.98135E-04 -2.44658E-03
    9880.888    -49.682  -3.350 -2.24078E-04 -1.99855E-04 -2.04804E-03
    9882.154    -48.415  -3.300 -2.25815E-04 -2.01575E-04 -1.20291E-03
    9883.402    -47.167  -3.250 -2.27553E-04 -2.03295E-04 -4.10900E-05
    9884.631    -45.939  -3.200 -2.29316E-04 -2.04637E-04  1.30212E-03
    9885.841    -44.729  -3.150 -2.31085E-04 -2.05886E-04  3.17492E-03
    9887.031    -43.538  -3.100 -2.32855E-04 -2.07136E-04  5.28422E-03
    9888.203    -42.367  -3.050 -2.34624E-04 -2.08385E-04  7.19034E-03
    9889.355    -41.214  -3.000 -2.36394E-04 -2.09634E-04  8.43504E-03
    9890.489    -40.081  -2.950 -2.38163E-04 -2.10884E-04  8.62165E-03
    9891.603    -38.966  -2.900 -2.39932E-04 -2.12133E-04  7.48730E-03
    9892.698    -37.871  -2.850 -2.41702E-04 -2.13383E-04  4.95695E-03
    9893.775    -36.795  -2.800 -2.43471E-04 -2.14632E-04  1.17184E-03
    9894.832    -35.737  -2.750 -2.45241E-04 -2.15882E-04 -3.51104E-03
    9895.870    -34.699  -2.700 -2.47010E-04 -2.17131E-04 -8.54963E-03
    9896.889    -33.680  -2.650 -2.48780E-04 -2.18381E-04 -1.32756E-02
    9897.890    -32.680  -2.600 -2.50549E-04 -2.19630E-04 -1.69772E-02
    9898.871    -31.699  -2.550 -2.52319E-04 -2.20879E-04 -1.89976E-02
    9899.833    -30.737  -2.500 -2.54088E-04 -2.22129E-04 -1.88374E-02
    9900.776    -29.794  -2.450 -2.55857E-04 -2.23378E-04 -1.62465E-02
    9901.700    -28.870  -2.400 -2.57627E-04 -2.24628E-04 -1.12880E-02
    9902.604    -27.965  -2.350 -2.59396E-04 -2.25877E-04 -4.36107E-03
    9903.490    -27.079  -2.300 -2.61166E-04 -2.27127E-04  3.82567E-03
    9904.357    -26.212  -2.250 -2.61624E-04 -2.27882E-04  1.16056E+00
    9905.205    -25.365  -2.200 -2.61799E-04 -2.28531E-04  2.42820E+00
    9906.033    -24.536  -2.150 -2.61975E-04 -2.29180E-04  2.39789E+00
    9906.843    -23.726  -2.100 -2.62151E-04 -2.29829E-04  5.99620E-01
    9907.634    -22.936  -2.050 -2.62327E-04 -2.30478E-04 -2.37429E+00
    9908.405    -22.164  -2.000 -2.62502E-04 -2.31127E-04 -5.20470E+00
    9909.158    -21.412  -1.950 -2.62678E-04 -2.31776E-04 -6.58378E+00
    9909.891    -20.678  -1.900 -2.62854E-04 -2.32425E-04 -5.89444E+00
    9910.605    -19.964  -1.850 -2.63030E-04 -2.33074E-04 -3.45228E+00
    9911.301    -19.269  -1.800 -2.63205E-04 -2.33723E-04 -2.37052E-01
    9911.977    -18.593  -1.750 -2.63381E-04 -2.34372E-04  2.65321E+00
    9912.634    -17.935  -1.700 -2.63557E-04 -2.35022E-04  4.47982E+00
    9913.272    -17.297  -1.650 -2.63733E-04 -2.35671E-04  5.04508E+00
    9913.892    -16.678  -1.600 -2.62972E-04 -2.36162E-04  7.26517E+00
    9914.492    -16.078  -1.550 -2.60476E-04 -2.36366E-04 -2.07409E+01
    9915.073    -15.497  -1.500 -2.57507E-04 -2.36487E-04  2.39836E+00
    9915.635    -14.935  -1.450 -2.54137E-04 -2.36515E-04  6.87042E+00
    9916.178    -14.392  -1.400 -2.50529E-04 -2.36442E-04  4.56631E+00
    9916.701    -13.868  -1.350 -2.46997E-04 -2.36256E-04  4.05577E+00
    9917.206    -13.363  -1.300 -2.44107E-04 -2.35944E-04  5.56112E+00
    9917.692    -12.878  -1.250 -2.42750E-04 -2.35490E-04  8.17500E+00
    9918.159    -12.411  -1.200 -2.43777E-04 -2.34875E-04  6.29871E+00
    9918.606    -11.963  -1.150 -2.47339E-04 -2.34075E-04 -7.59321E-01
    9919.035    -11.535  -1.100 -2.52967E-04 -2.33066E-04 -7.03509E+00
    9919.445    -11.125  -1.050 -2.60123E-04 -2.31813E-04 -8.02236E+00
    9919.835    -10.734  -1.000 -2.68220E-04 -2.30274E-04 -2.95668E+00
    9920.207    -10.363  -0.950 -2.76630E-04 -2.28403E-04  3.67883E+00
    9920.559    -10.011  -0.900 -2.84764E-04 -2.26145E-04  6.72316E+00
    9920.892     -9.677  -0.850 -2.92068E-04 -2.23423E-04  4.91180E+00
    9921.207     -9.363  -0.800 -2.98128E-04 -2.20161E-04  7.22669E-01
    9921.502     -9.068  -0.750 -3.02618E-04 -2.16259E-04 -2.58348E+00
    9921.778     -8.791  -0.700 -3.05337E-04 -2.11610E-04 -3.52051E+00
    9922.035     -8.534  -0.650 -3.06178E-04 -2.06107E-04 -2.63012E+00
    9922.273     -8.296  -0.600 -3.05026E-04 -1.99610E-04 -1.20509E+00
    9922.493     -8.077  -0.550 -3.01947E-04 -1.92067E-04 -1.13032E-01
    9922.693     -7.877  -0.500 -2.97040E-04 -1.83476E-04  4.10077E-01
    9922.874     -7.696  -0.450 -2.90538E-04 -1.73956E-04  5.00143E-01
    9923.035     -7.534  -0.400 -2.82809E-04 -1.63778E-04  3.65548E-01
    9923.178     -7.391  -0.350 -2.74370E-04 -1.53393E-04  1.63796E-01
    9923.302     -7.267  -0.300 -2.65890E-04 -1.43365E-04 -2.62585E-02
    9923.407     -7.163  -0.250 -2.57983E-04 -1.34247E-04 -1.75275E-01
    9923.493     -7.077  -0.200 -2.51202E-04 -1.26557E-04 -2.79653E-01
    9923.559     -7.010  -0.150 -2.27173E-04 -1.01865E-04 -3.48067E-01
    9923.607     -6.963  -0.100 -1.46676E-04 -2.10686E-05 -3.76504E-01
    9923.636     -6.934  -0.050 -6.61797E-05  5.97281E-05 -4.02897E-01
    9923.645     -6.924   0.000  1.35381E-05  1.39746E-04 -4.27220E-01
    9923.655     -6.915   0.050  1.10644E-05  1.43534E-04 -4.47479E-01
    9923.683     -6.886   0.100  9.09413E-06  1.47322E-04 -4.65957E-01
    9923.731     -6.839   0.150  7.62495E-06  1.51110E-04 -4.82672E-01
    9923.797     -6.772   0.200  6.25993E-06  1.58240E-04 -5.09200E-01
    9923.883     -6.686   0.250  7.50199E-06  1.67081E-04 -5.32001E-01
    9923.988     -6.582   0.300  1.34524E-05  1.77232E-04 -5.42923E-01
    9924.112     -6.458   0.350  2.45822E-05  1.88297E-04 -5.39451E-01
    9924.255     -6.315   0.400  3.96877E-05  1.99754E-04 -5.24215E-01
    9924.417     -6.153   0.450  5.68787E-05  2.11050E-04 -5.01968E-01
    9924.598     -5.972   0.500  7.24801E-05  2.21723E-04 -4.83329E-01
    9924.798     -5.772   0.550  8.30266E-05  2.31461E-04 -4.78536E-01
    9925.017     -5.553   0.600  8.66074E-05  2.40103E-04 -4.93108E-01
    9925.255     -5.315   0.650  8.40346E-05  2.47593E-04 -5.24229E-01
    9925.512     -5.058   0.700  7.89641E-05  2.53912E-04 -5.60214E-01
    9925.788     -4.781   0.750  7.70122E-05  2.59156E-04 -5.83591E-01
    9926.083     -4.486   0.800  8.38952E-05  2.63385E-04 -5.76297E-01
    9926.398     -4.172   0.850  1.03385E-04  2.66663E-04 -5.26191E-01
    9926.731     -3.838   0.900  1.35821E-04  2.69076E-04 -4.31689E-01
    9927.084     -3.486   0.950  1.79281E-04  2.70683E-04 -2.98110E-01
    9927.455     -3.114   1.000  2.27044E-04  2.71571E-04 -1.46414E-01
    9927.846     -2.724   1.050  2.73232E-04  2.71801E-04  4.75076E-03
    9928.255     -2.314   1.100  3.11770E-04  2.71440E-04  1.35314E-01
    9928.684     -1.886   1.150  3.38467E-04  2.70572E-04  2.30489E-01
    9929.131     -1.438   1.200  3.51575E-04  2.69256E-04  2.83018E-01
    9929.598     -0.971   1.250  3.52278E-04  2.67564E-04  2.95182E-01
    9930.084     -0.486   1.300  3.43557E-04  2.65554E-04  2.75649E-01
    9930.589      0.019   1.350  3.29582E-04  2.63284E-04  2.37724E-01
    9931.113      0.543   1.400  3.14554E-04  2.60815E-04  1.95587E-01
    9931.656      1.086   1.450  3.01771E-04  2.58190E-04  1.61040E-01
    9932.218      1.648   1.500  2.93035E-04  2.55459E-04  1.40990E-01
    9932.799      2.229   1.550  2.88416E-04  2.52655E-04  1.36254E-01
    9933.399      2.829   1.600  2.86594E-04  2.49816E-04  1.42281E-01
    9934.018      3.448   1.650  2.85509E-04  2.46974E-04  1.51348E-01
    9934.656      4.086   1.700  2.83147E-04  2.44155E-04  1.55431E-01
    9935.313      4.744   1.750  2.78267E-04  2.41379E-04  1.49199E-01
    9935.989      5.420   1.800  2.70804E-04  2.38665E-04  1.31850E-01
    9936.685      6.115   1.850  2.61775E-04  2.36022E-04  1.07114E-01
    9937.399      6.830   1.900  2.52847E-04  2.33472E-04  8.16629E-02
    9938.133      7.563   1.950  2.45536E-04  2.31015E-04  6.19876E-02
    9938.885      8.315   2.000  2.40615E-04  2.28659E-04  5.16641E-02
    9939.657      9.087   2.050  2.38253E-04  2.26378E-04  5.19171E-02
    9940.447      9.878   2.100  2.37562E-04  2.24120E-04  5.94630E-02
    9941.257     10.687   2.150  2.37314E-04  2.21897E-04  6.90182E-02
    9942.085     11.516   2.200  2.36477E-04  2.19809E-04  7.55088E-02
    9942.933     12.364   2.250  2.35071E-04  2.18592E-04  7.54302E-02
    9943.800     13.230   2.300  2.33195E-04  2.18375E-04  6.83105E-02
    9944.686     14.116   2.350  2.31310E-04  2.18930E-04  5.72822E-02
    9945.591     15.021   2.400  2.30686E-04  2.20206E-04  4.85818E-02
    9946.515     15.945   2.450  2.30521E-04  2.20841E-04  4.49426E-02
    9947.457     16.888   2.500  2.29977E-04  2.20856E-04  4.24515E-02
    9948.420     17.850   2.550  2.28993E-04  2.20557E-04  3.93911E-02
    9949.401     18.831   2.600  2.27497E-04  2.20120E-04  3.45571E-02
    9950.401     19.831   2.650  2.25393E-04  2.19637E-04  2.70447E-02
    9951.420     20.850   2.700  2.22598E-04  2.19144E-04  1.62624E-02
    9952.458     21.889   2.750  2.19114E-04  2.18682E-04  2.03945E-03
    9953.515     22.946   2.800  2.15053E-04  2.18291E-04 -1.52918E-02
    9954.592     24.022   2.850  2.10608E-04  2.18000E-04 -3.49253E-02
    9955.687     25.118   2.900  2.06000E-04  2.17787E-04 -5.56586E-02
    9956.801     26.232   2.950  2.01537E-04  2.17641E-04 -7.59670E-02
    9957.935     27.365   3.000  1.97552E-04  2.17549E-04 -9.41970E-02
    9959.087     28.518   3.050  1.94372E-04  2.17516E-04 -1.08832E-01
    9960.259     29.689   3.100  1.92247E-04  2.17534E-04 -1.18659E-01
    9961.450     30.880   3.150  1.91358E-04  2.17614E-04 -1.22914E-01
    9962.659     32.090   3.200  1.91759E-04  2.17734E-04 -1.21277E-01
    9963.888     33.319   3.250  1.93429E-04  2.17904E-04 -1.13945E-01
    9965.136     34.566   3.300  1.96241E-04  2.18125E-04 -1.01572E-01
    9966.403     35.833   3.350  1.99977E-04  2.18377E-04 -8.51315E-02
    9967.689     37.119   3.400  2.04382E-04  2.18671E-04 -6.58902E-02
    9968.993     38.424   3.450  2.09156E-04  2.18999E-04 -4.52370E-02
    9970.317     39.748   3.500  2.14010E-04  2.19358E-04 -2.44904E-02
    9971.660     41.091   3.550  2.18695E-04  2.19744E-04 -4.78462E-03
    9973.022     42.453   3.600  2.23014E-04  2.20144E-04  1.30500E-02
    9974.404     43.834   3.650  2.26869E-04  2.20568E-04  2.85538E-02
    9975.804     45.234   3.700  2.30218E-04  2.21005E-04  4.16035E-02
    9977.223     46.653   3.750  2.33082E-04  2.21449E-04  5.23580E-02
    9978.661     48.092   3.800  2.35521E-04  2.21900E-04  6.10965E-02
    9980.119     49.549   3.850  2.37580E-04  2.22346E-04  6.81139E-02
    9981.595     51.025   3.900  2.39305E-04  2.22793E-04  7.36026E-02
    9983.090     52.521   3.950  2.40691E-04  2.23231E-04  7.76005E-02
    9984.605     54.035   4.000  2.41703E-04  2.23655E-04  7.99890E-02
    9986.138     55.569   4.050  2.42285E-04  2.24065E-04  8.05481E-02
    9987.691     57.121   4.100  2.42365E-04  2.24455E-04  7.89835E-02
    9989.263     58.693   4.150  2.41875E-04  2.24821E-04  7.50471E-02
    9990.853     60.284   4.200  2.40780E-04  2.25162E-04  6.85897E-02
    9992.463     61.893   4.250  2.39069E-04  2.25472E-04  5.96079E-02
    9994.092     63.522   4.300  2.36787E-04  2.25750E-04  4.83102E-02
    9995.740     65.170   4.350  2.34024E-04  2.26000E-04  3.50778E-02
    9997.406     66.837   4.400  2.30894E-04  2.26208E-04  2.04617E-02
    9999.092     68.523   4.450  2.27564E-04  2.26388E-04  5.13066E-03
   10000.797     70.228   4.500  2.24182E-04  2.26522E-04 -1.02014E-02
   10002.521     71.952   4.550  2.20932E-04  2.26624E-04 -2.48025E-02
   10004.264     73.695   4.600  2.17962E-04  2.26688E-04 -3.80178E-02
   10006.026     75.457   4.650  2.15404E-04  2.26715E-04 -4.92799E-02
   10007.808     77.238   4.700  2.13360E-04  2.26709E-04 -5.81614E-02
   10009.608     79.038   4.750  2.11892E-04  2.26664E-04 -6.43820E-02
   10011.427     80.858   4.800  2.11034E-04  2.26587E-04 -6.78170E-02
   10013.265     82.696   4.850  2.10784E-04  2.26479E-04 -6.84798E-02
   10015.123     84.553   4.900  2.11103E-04  2.26339E-04 -6.65325E-02
   10016.999     86.430   4.950  2.11937E-04  2.26178E-04 -6.22421E-02
   10018.895     88.325   5.000  2.13195E-04  2.25989E-04 -5.59659E-02
   10020.809     90.240   5.050  2.14790E-04  2.25778E-04 -4.81202E-02
   10022.743     92.173   5.100  2.16624E-04  2.25549E-04 -3.91313E-02
   10024.695     94.126   5.150  2.18598E-04  2.25302E-04 -2.94246E-02
   10026.667     96.098   5.200  2.20632E-04  2.25043E-04 -1.93874E-02
   10028.658     98.088   5.250  2.22650E-04  2.24775E-04 -9.34729E-03
   10030.668    100.098   5.300  2.24598E-04  2.24504E-04  4.15260E-04
   10032.696    102.127   5.350  2.26419E-04  2.24227E-04  9.67064E-03
   10034.744    104.175   5.400  2.28073E-04  2.23947E-04  1.82213E-02
   10036.811    106.242   5.450  2.29522E-04  2.23669E-04  2.58815E-02
   10038.897    108.328   5.500  2.30733E-04  2.23398E-04  3.24716E-02
   10041.002    110.433   5.550  2.31664E-04  2.23131E-04  3.78145E-02
   10043.126    112.557   5.600  2.32283E-04  2.22873E-04  4.17436E-02
   10045.269    114.700   5.650  2.32565E-04  2.22630E-04  4.41192E-02
   10047.431    116.862   5.700  2.32488E-04  2.22395E-04  4.48555E-02
   10049.613    119.043   5.750  2.32054E-04  2.22178E-04  4.39290E-02
   10051.813    121.243   5.800  2.31277E-04  2.21976E-04  4.13977E-02
   10054.032    123.463   5.850  2.30185E-04  2.21788E-04  3.74004E-02
   10056.271    125.701   5.900  2.28833E-04  2.21620E-04  3.21447E-02
   10058.528    127.959   5.950  2.27276E-04  2.21468E-04  2.58936E-02
   10060.805    130.235   6.000  2.25580E-04  2.21332E-04  1.89437E-02
   10063.100    132.530   6.050  2.23821E-04  2.21219E-04  1.16063E-02
   10065.415    134.845   6.100  2.22059E-04  2.21121E-04  4.18806E-03
   10067.748    137.179   6.150  2.20364E-04  2.21041E-04 -3.02098E-03
   10070.101    139.531   6.200  2.18787E-04  2.20973E-04 -9.75831E-03
   10072.473    141.903   6.250  2.17389E-04  2.20928E-04 -1.57952E-02
   10074.863    144.294   6.300  2.16199E-04  2.20891E-04 -2.09378E-02
   10077.273    146.704   6.350  2.15260E-04  2.20870E-04 -2.50316E-02
   10079.702    149.133   6.400  2.14590E-04  2.20858E-04 -2.79645E-02
   10082.150    151.580   6.450  2.14208E-04  2.20858E-04 -2.96699E-02
   10084.617    154.047   6.500  2.14110E-04  2.20865E-04 -3.01338E-02
   10087.103    156.533   6.550  2.14285E-04  2.20877E-04 -2.93960E-02
   10089.608    159.038   6.600  2.14721E-04  2.20899E-04 -2.75506E-02
   10092.132    161.563   6.650  2.15368E-04  2.20917E-04 -2.47419E-02
   10094.675    164.106   6.700  2.16192E-04  2.20937E-04 -2.11541E-02
   10097.237    166.668   6.750  2.17142E-04  2.20955E-04 -1.69953E-02
   10099.819    169.249   6.800  2.18170E-04  2.20969E-04 -1.24801E-02
   10102.419    171.850   6.850  2.19224E-04  2.20977E-04 -7.81507E-03
   10105.038    174.469   6.900  2.20266E-04  2.20980E-04 -3.18335E-03
   10107.677    177.107   6.950  2.21256E-04  2.20974E-04  1.26160E-03
   10110.334    179.765   7.000  2.22162E-04  2.20952E-04  5.39820E-03
   10113.011    182.441   7.050  2.22966E-04  2.20920E-04  9.13107E-03
   10115.706    185.137   7.100  2.23654E-04  2.20879E-04  1.23876E-02
   10118.421    187.851   7.150  2.24201E-04  2.20817E-04  1.51090E-02
   10121.155    190.585   7.200  2.24603E-04  2.20743E-04  1.72454E-02
   10123.907    193.338   7.250  2.24848E-04  2.20654E-04  1.87559E-02
   10126.679    196.110   7.300  2.24924E-04  2.20542E-04  1.96081E-02
   10129.470    198.900   7.350  2.24833E-04  2.20416E-04  1.97804E-02
   10132.280    201.710   7.400  2.24575E-04  2.20277E-04  1.92689E-02
   10135.109    204.539   7.450  2.24144E-04  2.20114E-04  1.80892E-02
   10137.957    207.387   7.500  2.23562E-04  2.19938E-04  1.62818E-02
   10140.824    210.254   7.550  2.22836E-04  2.19743E-04  1.39130E-02
   10143.710    213.140   7.600  2.21994E-04  2.19536E-04  1.10730E-02
   10146.615    216.045   7.650  2.21062E-04  2.19317E-04  7.87498E-03
   10149.539    218.970   7.700  2.20060E-04  2.19075E-04  4.44897E-03
   10152.482    221.913   7.750  2.19034E-04  2.18827E-04  9.34719E-04
   10155.445    224.875   7.800  2.18012E-04  2.18569E-04 -2.52332E-03
   10158.426    227.856   7.850  2.17020E-04  2.18296E-04 -5.78801E-03
   10161.426    230.857   7.900  2.16097E-04  2.18018E-04 -8.73368E-03
   10164.446    233.876   7.950  2.15262E-04  2.17733E-04 -1.12523E-02
   10167.484    236.915   8.000  2.14539E-04  2.17446E-04 -1.32583E-02
   10170.542    239.972   8.050  2.13937E-04  2.17152E-04 -1.46873E-02
   10173.618    243.049   8.100  2.13469E-04  2.16856E-04 -1.54998E-02
   10176.714    246.144   8.150  2.13141E-04  2.16561E-04 -1.56782E-02
   10179.828    249.259   8.200  2.12949E-04  2.16266E-04 -1.52265E-02
   10182.962    252.393   8.250  2.12891E-04  2.15973E-04 -1.41715E-02
   10186.115    255.545   8.300  2.12959E-04  2.15686E-04 -1.25616E-02
   10189.287    258.717   8.350  2.13133E-04  2.15402E-04 -1.04674E-02
   10192.478    261.908   8.400  2.13400E-04  2.15128E-04 -7.98215E-03
   10195.687    265.118   8.450  2.13733E-04  2.14861E-04 -5.21901E-03
   10198.916    268.347   8.500  2.14106E-04  2.14604E-04 -2.30805E-03
   10202.164    271.595   8.550  2.14483E-04  2.14351E-04  6.10384E-04
   10205.432    274.862   8.600  2.14839E-04  2.14108E-04  3.39354E-03
   10208.718    278.148   8.650  2.15148E-04  2.13878E-04  5.90595E-03
   10212.023    281.453   8.700  2.15380E-04  2.13655E-04  8.03021E-03
   10215.347    284.777   8.750  2.15523E-04  2.13447E-04  9.67431E-03
   10218.690    288.121   8.800  2.15556E-04  2.13246E-04  1.07805E-02
   10222.053    291.483   8.850  2.15484E-04  2.13060E-04  1.13264E-02
   10225.434    294.864   8.900  2.15304E-04  2.12882E-04  1.13253E-02
   10228.834    298.265   8.950  2.15021E-04  2.12709E-04  1.08220E-02
   10232.254    301.684   9.000  2.14661E-04  2.12551E-04  9.88537E-03
   10235.692    305.123   9.050  2.14229E-04  2.12395E-04  8.59968E-03
   10239.150    308.580   9.100  2.13753E-04  2.12249E-04  7.05565E-03
   10242.626    312.057   9.150  2.13243E-04  2.12105E-04  5.34244E-03
   10246.122    315.553   9.200  2.12729E-04  2.11975E-04  3.54258E-03
   10249.637    319.067   9.250  2.12210E-04  2.11842E-04  1.72868E-03
   10253.171    322.601   9.300  2.11708E-04  2.11716E-04 -3.68399E-05
   10256.723    326.154   9.350  2.11233E-04  2.11594E-04 -1.70082E-03
   10260.295    329.726   9.400  2.10787E-04  2.11470E-04 -3.21779E-03
   10263.886    333.317   9.450  2.10381E-04  2.11344E-04 -4.54713E-03
   10267.496    336.927   9.500  2.10025E-04  2.11222E-04 -5.65418E-03
   10271.125    340.556   9.550  2.09718E-04  2.11095E-04 -6.50927E-03
   10274.773    344.204   9.600  2.09468E-04  2.10967E-04 -7.08930E-03
   10278.440    347.871   9.650  2.09272E-04  2.10830E-04 -7.37959E-03
   10282.127    351.557   9.700  2.09135E-04  2.10692E-04 -7.37538E-03
   10285.832    355.262   9.750  2.09051E-04  2.10545E-04 -7.08314E-03
   10289.556    358.986   9.800  2.09020E-04  2.10394E-04 -6.52047E-03
   10293.299    362.730   9.850  2.09030E-04  2.10233E-04 -5.71613E-03
   10297.062    366.492   9.900  2.09075E-04  2.10065E-04 -4.70799E-03
   10300.843    370.274   9.950  2.09143E-04  2.09887E-04 -3.54151E-03
   10304.644    374.074  10.000  2.09224E-04  2.09700E-04 -2.26784E-03
   10308.463    377.893  10.050  2.09310E-04  2.09508E-04 -9.41007E-04
   10312.302    381.732  10.100  2.09381E-04  2.09301E-04  3.83753E-04
   10316.159    385.590  10.150  2.09435E-04  2.09090E-04  1.65220E-03
   10320.036    389.466  10.200  2.09456E-04  2.08869E-04  2.81375E-03
   10323.932    393.362  10.250  2.09437E-04  2.08640E-04  3.82260E-03
   10327.846    397.277  10.300  2.09369E-04  2.08402E-04  4.64017E-03
   10331.780    401.211  10.350  2.09244E-04  2.08155E-04  5.23662E-03
   10335.733    405.163  10.400  2.09067E-04  2.07905E-04  5.59229E-03
   10339.705    409.135  10.450  2.08836E-04  2.07654E-04  5.69868E-03
   10343.696    413.126  10.500  2.08541E-04  2.07389E-04  5.55853E-03
   10347.706    417.136  10.550  2.08202E-04  2.07128E-04  5.18594E-03
   10351.735    421.165  10.600  2.07813E-04  2.06861E-04  4.60533E-03
   10355.783    425.213  10.650  2.07388E-04  2.06593E-04  3.85028E-03
   10359.850    429.281  10.700  2.06941E-04  2.06330E-04  2.96156E-03
   10363.936    433.367  10.750  2.06471E-04  2.06062E-04  1.98467E-03
   10368.042    437.472  10.800  2.05995E-04  2.05796E-04  9.67330E-04
   10372.166    441.596  10.850  2.05528E-04  2.05537E-04 -4.33575E-05
   10376.309    445.740  10.900  2.05072E-04  2.05278E-04 -1.00324E-03
   10380.472    449.902  10.950  2.04636E-04  2.05020E-04 -1.87356E-03
   10384.653    454.084  11.000  2.04233E-04  2.04770E-04 -2.62246E-03
   10388.854    458.284  11.050  2.03862E-04  2.04521E-04 -3.22606E-03
   10393.073    462.504  11.100  2.03527E-04  2.04276E-04 -3.66855E-03
   10397.312    466.742  11.150  2.03241E-04  2.04045E-04 -3.94179E-03
   10401.570    471.000  11.200  2.02987E-04  2.03811E-04 -4.04456E-03
   10405.846    475.277  11.250  2.02780E-04  2.03591E-04 -3.98152E-03
   10410.142    479.572  11.300  2.02607E-04  2.03372E-04 -3.76222E-03
   10414.457    483.887  11.350  2.02471E-04  2.03162E-04 -3.40048E-03
   10418.791    488.221  11.400  2.02364E-04  2.02956E-04 -2.91433E-03
   10423.144    492.574  11.450  2.02285E-04  2.02757E-04 -2.32501E-03
   10427.515    496.946  11.500  2.02223E-04  2.02559E-04 -1.65771E-03
   10431.907    501.337  11.550  2.02179E-04  2.02370E-04 -9.40390E-04
   10436.317    505.747  11.600  2.02142E-04  2.02183E-04 -2.03503E-04
   10440.746    510.176  11.650  2.02102E-04  2.01996E-04  5.20838E-04
   10445.194    514.624  11.700  2.02060E-04  2.01817E-04  1.20102E-03
   10449.661    519.091  11.750  2.02011E-04  2.01646E-04  1.80711E-03
   10454.147    523.578  11.800  2.01936E-04  2.01469E-04  2.31279E-03
   10458.653    528.083  11.850  2.01843E-04  2.01299E-04  2.69720E-03
   10463.177    532.607  11.900  2.01716E-04  2.01122E-04  2.94597E-03
   10467.720    537.151  11.950  2.01566E-04  2.00952E-04  3.05187E-03
   10472.283    541.713  12.000  2.01381E-04  2.00774E-04  3.01508E-03
   10476.864    546.295  12.050  2.01168E-04  2.00596E-04  2.84286E-03
   10481.465    550.895  12.100  2.00929E-04  2.00417E-04  2.54866E-03
   10486.084    555.515  12.150  2.00669E-04  2.00238E-04  2.15128E-03
   10490.723    560.154  12.200  2.00386E-04  2.00050E-04  1.67351E-03
   10495.381    564.811  12.250  2.00087E-04  1.99859E-04  1.14067E-03
   10500.058    569.488  12.300  1.99776E-04  1.99660E-04  5.79501E-04
   10504.753    574.184  12.350  1.99464E-04  1.99461E-04  1.66499E-05
   10509.468    578.899  12.400  1.99149E-04  1.99253E-04 -5.22263E-04
   10514.202    583.633  12.450  1.98839E-04  1.99041E-04 -1.01440E-03
   10518.955    588.386  12.500  1.98535E-04  1.98822E-04 -1.44012E-03
   10523.727    593.158  12.550  1.98239E-04  1.98595E-04 -1.78382E-03
   10528.518    597.949  12.600  1.97958E-04  1.98363E-04 -2.03453E-03
   10533.328    602.759  12.650  1.97690E-04  1.98124E-04 -2.18603E-03
   10538.157    607.588  12.700  1.97432E-04  1.97876E-04 -2.23658E-03
   10543.006    612.436  12.750  1.97191E-04  1.97624E-04 -2.18895E-03
   10547.873    617.303  12.800  1.96960E-04  1.97366E-04 -2.04955E-03
   10552.759    622.190  12.850  1.96743E-04  1.97104E-04 -1.82829E-03
   10557.665    627.095  12.900  1.96532E-04  1.96835E-04 -1.53785E-03
   10562.589    632.019  12.950  1.96330E-04  1.96565E-04 -1.19305E-03
   10567.532    636.963  13.000  1.96128E-04  1.96287E-04 -8.10308E-04
   10572.495    641.925  13.050  1.95928E-04  1.96008E-04 -4.07295E-04
   10577.476    646.907  13.100  1.95721E-04  1.95721E-04 -1.66063E-06
   10582.477    651.908  13.150  1.95516E-04  1.95440E-04  3.89063E-04
   10587.497    656.927  13.200  1.95299E-04  1.95153E-04  7.48645E-04
   10592.535    661.966  13.250  1.95077E-04  1.94870E-04  1.06264E-03
   10597.593    667.024  13.300  1.94840E-04  1.94583E-04  1.31886E-03
   10602.670    672.100  13.350  1.94589E-04  1.94295E-04  1.50819E-03
   10607.766    677.196  13.400  1.94330E-04  1.94014E-04  1.62458E-03
   10612.881    682.311  13.450  1.94051E-04  1.93728E-04  1.66553E-03
   10618.015    687.445  13.500  1.93764E-04  1.93448E-04  1.63200E-03
   10623.168    692.598  13.550  1.93473E-04  1.93177E-04  1.52808E-03
   10628.340    697.770  13.600  1.93165E-04  1.92902E-04  1.36117E-03
   10633.531    702.961  13.650  1.92853E-04  1.92633E-04  1.14113E-03
   10638.741    708.171  13.700  1.92539E-04  1.92370E-04  8.80076E-04
   10643.970    713.401  13.750  1.92218E-04  1.92104E-04  5.91439E-04
   10649.218    718.649  13.800  1.91903E-04  1.91847E-04  2.89395E-04
   10654.486    723.916  13.850  1.91595E-04  1.91598E-04 -1.20031E-05
   10659.772    729.203  13.900  1.91291E-04  1.91349E-04 -2.99405E-04
   10665.078    734.508  13.950  1.91001E-04  1.91109E-04 -5.60938E-04
   10670.402    739.832  14.000  1.90719E-04  1.90869E-04 -7.86698E-04
   10675.745    745.176  14.050  1.90446E-04  1.90631E-04 -9.68888E-04
   10681.108    750.538  14.100  1.90190E-04  1.90401E-04 -1.10210E-03
   10686.490    755.920  14.150  1.89946E-04  1.90171E-04 -1.18322E-03
   10691.890    761.321  14.200  1.89714E-04  1.89945E-04 -1.21137E-03
   10697.310    766.740  14.250  1.89491E-04  1.89717E-04 -1.18763E-03
   10702.749    772.179  14.300  1.89285E-04  1.89497E-04 -1.11504E-03
   10708.207    777.637  14.350  1.89088E-04  1.89277E-04 -9.98038E-04
   10713.683    783.114  14.400  1.88898E-04  1.89058E-04 -8.42774E-04
   10719.179    788.610  14.450  1.88714E-04  1.88839E-04 -6.56382E-04
   10724.694    794.125  14.500  1.88534E-04  1.88619E-04 -4.47209E-04
   10730.228    799.659  14.550  1.88350E-04  1.88392E-04 -2.24196E-04
   10735.781    805.212  14.600  1.88172E-04  1.88171E-04  3.11256E-06
   10741.353    810.784  14.650  1.87991E-04  1.87949E-04  2.25037E-04
   10746.945    816.375  14.700  1.87801E-04  1.87720E-04  4.32151E-04
   10752.555    821.985  14.750  1.87606E-04  1.87490E-04  6.15776E-04
   10758.184    827.614  14.800  1.87397E-04  1.87252E-04  7.68044E-04
   10763.832    833.263  14.850  1.87179E-04  1.87013E-04  8.82526E-04
   10769.500    838.930  14.900  1.86952E-04  1.86774E-04  9.54445E-04
   10775.186    844.617  14.950  1.86715E-04  1.86531E-04  9.81051E-04
   10780.892    850.322  15.000  1.86456E-04  1.86276E-04  9.61751E-04
   10786.616    856.046  15.050  1.86191E-04  1.86024E-04  8.98133E-04
   10792.360    861.790  15.100  1.85912E-04  1.85764E-04  7.94135E-04
   10798.122    867.553  15.150  1.85624E-04  1.85502E-04  6.55704E-04
   10803.904    873.334  15.200  1.85324E-04  1.85233E-04  4.90572E-04
   10809.705    879.135  15.250  1.85014E-04  1.84957E-04  3.07663E-04
   10815.524    884.955  15.300  1.84706E-04  1.84685E-04  1.16904E-04
   10821.363    890.794  15.350  1.84392E-04  1.84405E-04 -7.18965E-05
   10827.221    896.651  15.400  1.84071E-04  1.84117E-04 -2.49484E-04
   10833.098    902.528  15.450  1.83759E-04  1.83834E-04 -4.07573E-04
   10838.994    908.424  15.500  1.83446E-04  1.83545E-04 -5.39580E-04
   10844.909    914.339  15.550  1.83137E-04  1.83255E-04 -6.40817E-04
   10850.843    920.273  15.600  1.82830E-04  1.82959E-04 -7.08556E-04
   10856.796    926.226  15.650  1.82531E-04  1.82667E-04 -7.41978E-04
   10862.768    932.199  15.700  1.82235E-04  1.82371E-04 -7.42167E-04
   10868.759    938.190  15.750  1.81948E-04  1.82078E-04 -7.11460E-04
   10874.770    944.200  15.800  1.81661E-04  1.81780E-04 -6.53280E-04
   10880.799    950.229  15.850  1.81385E-04  1.81489E-04 -5.71909E-04
   10886.847    956.278  15.900  1.81107E-04  1.81193E-04 -4.71943E-04
   10892.915    962.345  15.950  1.80839E-04  1.80904E-04 -3.58072E-04
   10899.001    968.431  16.000  1.80572E-04  1.80614E-04 -2.35335E-04
   10905.107    974.537  16.050  1.80311E-04  1.80331E-04 -1.08398E-04
   10911.231    980.662  16.100  1.80048E-04  1.80045E-04  1.80279E-05
   10917.375    986.805  16.150  1.79790E-04  1.79765E-04  1.39421E-04
   10923.537    992.968  16.200  1.79531E-04  1.79485E-04  2.51503E-04
   10929.719    999.149  16.250  1.79270E-04  1.79207E-04  3.50236E-04
   10935.920   1005.350  16.300  1.79014E-04  1.78936E-04  4.32036E-04
   10942.140   1011.570  16.350  1.78755E-04  1.78667E-04  4.93731E-04
   10948.378   1017.809  16.400  1.78496E-04  1.78400E-04  5.33091E-04
   10954.636   1024.067  16.450  1.78238E-04  1.78140E-04  5.48747E-04
   10960.913   1030.344  16.500  1.77977E-04  1.77881E-04  5.40308E-04
   10967.209   1036.640  16.550  1.77712E-04  1.77622E-04  5.08733E-04
   10973.524   1042.955  16.600  1.77444E-04  1.77363E-04  4.56158E-04
   10979.858   1049.289  16.650  1.77180E-04  1.77112E-04  3.85785E-04
   10986.212   1055.642  16.700  1.76910E-04  1.76856E-04  3.01605E-04
   10992.584   1062.014  16.750  1.76644E-04  1.76607E-04  2.08239E-04
   10998.975   1068.405  16.800  1.76377E-04  1.76357E-04  1.10580E-04
   11005.385   1074.816  16.850  1.76111E-04  1.76108E-04  1.34105E-05
   11011.815   1081.245  16.900  1.75851E-04  1.75865E-04 -7.88236E-05
   11018.263   1087.694  16.950  1.75587E-04  1.75616E-04 -1.62515E-04
   11024.731   1094.161  17.000  1.75325E-04  1.75366E-04 -2.34561E-04
   11031.217   1100.647  17.050  1.75065E-04  1.75116E-04 -2.92900E-04
   11037.723   1107.153  17.100  1.74802E-04  1.74861E-04 -3.36123E-04
   11044.247   1113.678  17.150  1.74545E-04  1.74608E-04 -3.63532E-04
   11050.791   1120.221  17.200  1.74284E-04  1.74350E-04 -3.75048E-04
   11057.354   1126.784  17.250  1.74025E-04  1.74090E-04 -3.71156E-04
   11063.935   1133.366  17.300  1.73769E-04  1.73831E-04 -3.52819E-04
   11070.536   1139.967  17.350  1.73515E-04  1.73570E-04 -3.21215E-04
   11077.156   1146.586  17.400  1.73254E-04  1.73302E-04 -2.77982E-04
   11083.795   1153.225  17.450  1.72994E-04  1.73033E-04 -2.25168E-04
   11090.453   1159.883  17.500  1.72732E-04  1.72760E-04 -1.65015E-04
   11097.130   1166.560  17.550  1.72464E-04  1.72482E-04 -1.00041E-04
   11103.826   1173.256  17.600  1.72196E-04  1.72202E-04 -3.31338E-05
   11110.541   1179.971  17.650  1.71928E-04  1.71922E-04  3.29371E-05
   11117.275   1186.705  17.700  1.71650E-04  1.71634E-04  9.52900E-05
   11124.028   1193.459  17.750  1.71370E-04  1.71344E-04  1.51207E-04
   11130.800   1200.231  17.800  1.71089E-04  1.71055E-04  1.98296E-04
   11137.592   1207.022  17.850  1.70802E-04  1.70762E-04  2.34582E-04
   11144.402   1213.833  17.900  1.70508E-04  1.70463E-04  2.58751E-04
   11151.232   1220.662  17.950  1.70210E-04  1.70164E-04  2.70081E-04
   11158.080   1227.510  18.000  1.69912E-04  1.69867E-04  2.68493E-04
   11164.947   1234.378  18.050  1.69609E-04  1.69566E-04  2.54763E-04
   11171.834   1241.264  18.100  1.69305E-04  1.69266E-04  2.30124E-04
   11178.740   1248.170  18.150  1.68999E-04  1.68966E-04  1.96352E-04
   11185.664   1255.095  18.200  1.68693E-04  1.68666E-04  1.55668E-04
   11192.608   1262.038  18.250  1.68386E-04  1.68367E-04  1.10388E-04
   11199.571   1269.001  18.300  1.68078E-04  1.68067E-04  6.28746E-05
   11206.552   1275.983  18.350  1.67771E-04  1.67768E-04  1.54361E-05
   11213.553   1282.984  18.400  1.67464E-04  1.67469E-04 -2.98996E-05
   11220.573   1290.004  18.450  1.67158E-04  1.67170E-04 -7.12634E-05
   11227.612   1297.043  18.500  1.66861E-04  1.66879E-04 -1.07243E-04
   11234.670   1304.101  18.550  1.66561E-04  1.66583E-04 -1.36758E-04
   11241.747   1311.178  18.600  1.66267E-04  1.66294E-04 -1.58992E-04
   11248.843   1318.274  18.650  1.65976E-04  1.66005E-04 -1.73484E-04
   11255.958   1325.389  18.700  1.65694E-04  1.65724E-04 -1.80077E-04
   11263.093   1332.523  18.750  1.65407E-04  1.65436E-04 -1.78964E-04
   11270.246   1339.676  18.800  1.65128E-04  1.65156E-04 -1.70492E-04
   11277.418   1346.849  18.850  1.64852E-04  1.64877E-04 -1.55353E-04
   11284.610   1354.040  18.900  1.64584E-04  1.64606E-04 -1.34449E-04
   11291.820   1361.250  18.950  1.64311E-04  1.64329E-04 -1.08899E-04
   11299.049   1368.480  19.000  1.64045E-04  1.64058E-04 -7.99061E-05
   11306.298   1375.728  19.050  1.63781E-04  1.63789E-04 -4.89129E-05
   11313.565   1382.996  19.100  1.63517E-04  1.63520E-04 -1.73161E-05
   11320.852   1390.282  19.150  1.63255E-04  1.63253E-04  1.34456E-05
   11328.158   1397.588  19.200  1.62992E-04  1.62985E-04  4.21205E-05
   11335.482   1404.913  19.250  1.62734E-04  1.62723E-04  6.74170E-05
   11342.826   1412.257  19.300  1.62471E-04  1.62456E-04  8.84739E-05
   11350.189   1419.619  19.350  1.62206E-04  1.62189E-04  1.04525E-04
   11357.571   1427.001  19.400  1.61945E-04  1.61926E-04  1.15108E-04
   11364.972   1434.402  19.450  1.61679E-04  1.61660E-04  1.20073E-04
   11372.392   1441.822  19.500  1.61412E-04  1.61392E-04  1.19607E-04
   11379.831   1449.261  19.550  1.61148E-04  1.61130E-04  1.13975E-04
   11387.289   1456.719  19.600  1.60878E-04  1.60861E-04  1.03839E-04
   11394.766   1464.196  19.650  1.60601E-04  1.60587E-04  8.99746E-05
   11402.262   1471.692  19.700  1.60328E-04  1.60317E-04  7.32552E-05
   11409.777   1479.207  19.750  1.60056E-04  1.60047E-04  5.46555E-05
   11417.311   1486.742  19.800  1.59777E-04  1.59771E-04  3.51174E-05
   11424.865   1494.295  19.850  1.59497E-04  1.59495E-04  1.55297E-05
   11432.437   1501.867  19.900  1.59219E-04  1.59220E-04 -3.30368E-06
   11440.028   1509.459  19.950  1.58942E-04  1.58946E-04 -2.05804E-05
