# # Once                                                         FEFF 10.0.0 
# # POT  SCF 100  9.0000   0, core-hole, FOLP (folp(0)= 1.150)
# # Abs   Z=30 Rmt= 1.385 Rnm= 1.528 K  shell
# #   RGRID 0.0100
# # Pot 1 Z= 6 Rmt= 0.898 Rnm= 1.123
# # Pot 2 Z= 6 Rmt= 0.923 Rnm= 1.165
# # Pot 3 Z= 1 Rmt= 0.551 Rnm= 0.960
# # Pot 4 Z=16 Rmt= 1.254 Rnm= 1.471
# # Gam_ch=1.897E+00 H-L exch Vi= 0.000E+00 Vr= 0.000E+00
# # Mu=-6.942E+00eV kf=1.980E+00 Vint=-1.282E+01eV Rs_int= 1.832
# # PATH  Rmax= 9.000,  Keep_limit= 0.00, Heap_limit 0.00  Pwcrit= 2.50%
#  S02=1.000  Temp=  10.00  Debye_temp= 315.00  Global_sig2= 0.00000
#  Energy zero shift, vr, vi    0.00000E+00   0.00000E+00
#  Curved wave amplitude ratio filter   4.000%
#     file         sig2 tot  cw amp ratio   deg  nlegs   reff  inp sig2
#           1       0.00298    100.00      1.00     2   2.3530
#           2       0.00305     98.80      1.00     2   2.3639
#           3       0.00306     98.45      1.00     2   2.3670
#           4       0.00311     98.33      1.00     2   2.3681
#           5       0.02775     12.75      1.00     2   3.0440
#           6       0.03141     12.41      1.00     2   3.0752
#           7       0.02760     12.19      1.00     2   3.0956
#           8       0.02824     10.80      1.00     2   3.2396
#           9       0.00617     39.33      1.00     2   3.2761
#          10       0.00608     39.05      1.00     2   3.2846
#          11       0.03028     10.18      1.00     2   3.3118
#          12       0.00629     38.11      1.00     2   3.3140
#          13       0.00597     37.41      1.00     2   3.3365
#          14       0.03165      9.14      1.00     2   3.4468
#          15       0.01036     29.23      1.00     2   3.6503
#          16       0.03407      7.50      1.00     2   3.7062
#          17       0.01357     15.31      2.00     3   3.7065
#          18       0.00418     43.87      2.00     3   3.7279
#          19       0.03040      7.34      1.00     2   3.7356
#          20       0.00421     43.46      2.00     3   3.7366
#          21       0.01364     14.39      2.00     3   3.7514
#          22       0.00430     43.01      2.00     3   3.7536
#          23       0.00421     42.85      2.00     3   3.7642
#          24       0.01375     11.32      2.00     3   3.8344
#          25       0.01473      9.78      2.00     3   3.8446
#          26       0.01632      7.77      2.00     3   3.9026
#          27       0.01713     19.48      2.00     3   3.9094
#          28       0.00946     23.87      1.00     2   3.9237
#          29       0.01642      7.59      2.00     3   3.9360
#          30       0.01649      7.31      2.00     3   4.0068
#          31       0.01689      7.18      2.00     3   4.0413
#          32       0.00921     21.49      1.00     2   4.0716
#          33       0.03731      5.68      1.00     2   4.0964
#          34       0.00829     21.00      1.00     2   4.1043
#          35       0.02482      8.36      1.00     4   4.1370
#          36       0.01551      5.47      1.00     2   4.1501
#          38       0.03102      8.67      1.00     4   4.1685
#          39       0.00440     15.54      1.00     4   4.1797
#          40       0.01530      5.33      1.00     2   4.1884
#          41       0.00451     15.31      1.00     4   4.1887
#          42       0.02462      7.98      1.00     4   4.1889
#          44       0.00453     14.27      1.00     4   4.1918
#          45       0.00456     14.71      1.00     4   4.1931
#          46       0.00421      8.94      2.00     3   4.2231
#          47       0.00636     20.39      2.00     3   4.2251
#          48       0.01678     13.26      2.00     3   4.2315
#          49       0.00421      9.28      2.00     3   4.2435
#          50       0.01202     19.20      2.00     3   4.2597
#          52       0.00447      9.63      2.00     3   4.2659
#          53       0.01169      5.03      1.00     2   4.2755
#          54       0.01286      5.02      1.00     2   4.2792
#          56       0.01202     18.70      2.00     3   4.2979
#          57       0.00434     10.34      2.00     3   4.3240
#          58       0.01080     21.77      2.00     3   4.3268
#          59       0.02480      6.93      1.00     4   4.3322
#          60       0.00425     10.94      2.00     3   4.3364
#          61       0.01107     19.92      2.00     3   4.3546
#          62       0.00441     10.92      2.00     3   4.3543
#          63       0.01120     18.68      1.00     4   4.3693
#          64       0.01141     25.79      1.00     4   4.3780
#          65       0.00614     16.76      2.00     3   4.3876
#          66       0.02702      6.40      1.00     4   4.4047
#          67       0.01129     18.19      1.00     4   4.4074
#          68       0.00584     15.37      2.00     3   4.4078
#          69       0.02039      8.59      2.00     3   4.4198
#          70       0.01109     21.75      1.00     4   4.4300
#          71       0.00590     17.70      2.00     3   4.4318
#          72       0.01782      9.69      2.00     3   4.4352
#          73       0.03025      4.52      1.00     2   4.4383
#          74       0.01239      8.14      2.00     3   4.4501
#          75       0.01568      9.51      2.00     3   4.4661
#          76       0.00593     17.13      2.00     3   4.4670
#          79       0.01250      8.26      2.00     3   4.4766
#          80       0.01125      5.16      2.00     4   4.4842
#          81       0.01166      9.33      2.00     3   4.5152
#          82       0.01202      9.37      2.00     3   4.5173
#          84       0.03058      6.29      1.00     4   4.5392
#          85       0.00567     15.13      2.00     3   4.5480
#          86       0.00950     15.98      2.00     4   4.5597
#          87       0.00955     22.04      2.00     4   4.5665
#          88       0.01948      4.13      1.00     2   4.5811
#          89       0.01702      6.60      2.00     4   4.5856
#          90       0.00964     16.19      2.00     4   4.5861
#          91       0.00954     20.40      2.00     4   4.5927
#          92       0.00555     15.43      2.00     3   4.6109
#          93       0.01711      6.39      2.00     4   4.6288
#          94       0.01191      6.03      2.00     3   4.6342
#          95       0.00544     15.20      2.00     3   4.6349
#          97       0.01294      4.85      2.00     3   4.6556
#          99       0.01554     15.98      2.00     3   4.6634
#         101       0.01202      5.76      2.00     3   4.6768
#         102       0.00515      9.98      2.00     4   4.6772
#         103       0.02541      4.15      2.00     4   4.6789
#         106       0.01132      5.57      2.00     4   4.6953
#         107       0.00597      8.86      1.00     4   4.7061
#         108       0.00998     13.23      2.00     4   4.7116
#         110       0.01692      6.51      2.00     4   4.7140
#         113       0.00467      5.09      2.00     4   4.7211
#         114       0.01768      6.82      2.00     4   4.7246
#         115       0.01733      8.06      2.00     3   4.7275
#         116       0.00610      8.65      1.00     4   4.7277
#         117       0.00477      4.37      2.00     4   4.7309
#         119       0.00612      8.59      1.00     4   4.7340
#         120       0.00472      5.18      2.00     4   4.7351
#         122       0.00622      8.57      1.00     4   4.7361
#         123       0.01004     13.26      2.00     4   4.7375
#         125       0.01372     17.01      1.00     4   4.7458
#         127       0.01407      4.75      1.00     4   4.7549
#         128       0.01414      4.81      1.00     4   4.7553
#         131       0.00938     14.79      2.00     4   4.7788
#         132       0.00959     14.46      2.00     4   4.7822
#         133       0.00651      6.34      1.00     4   4.7920
#         135       0.01148      6.43      2.00     4   4.7954
#         136       0.02047      6.51      2.00     4   4.7968
#         137       0.03291      5.05      1.00     4   4.7989
#         138       0.00636      5.74      1.00     4   4.7999
#         139       0.01926      8.86      2.00     5   4.7998
#         140       0.00508      6.78      2.00     4   4.8152
#         142       0.00932     28.61      2.00     5   4.8212
#         143       0.02929      4.95      1.00     4   4.8279
#         144       0.01102      6.34      2.00     4   4.8288
#         145       0.00663      6.12      1.00     4   4.8298
#         147       0.00942     38.30      2.00     5   4.8301
#         148       0.01919      8.47      2.00     5   4.8448
#         149       0.00943     28.60      2.00     5   4.8470
#         152       0.00933     34.65      2.00     5   4.8576
#         153       0.01220      6.20      2.00     4   4.8622
#         154       0.00509      7.86      2.00     4   4.8836
#         155       0.01259      5.02      2.00     4   4.8854
#         157       0.01238      5.97      2.00     4   4.9045
#         158       0.00497      7.58      2.00     4   4.9066
#         159       0.02383      4.08      2.00     3   4.9073
#         160       0.01665      8.20      2.00     3   4.9114
#         162       0.01485     12.89      2.00     3   4.9193
#         164       0.01959      8.57      2.00     5   4.9278
#         165       0.01015      5.71      2.00     5   4.9363
#         166       0.02099      8.87      2.00     5   4.9381
#         168       0.01521      8.05      2.00     3   4.9444
#         170       0.00501      7.56      2.00     4   4.9711
#         172       0.01489      6.23      2.00     4   4.9945
#         173       0.01490      5.26      2.00     4   4.9947
#         174       0.00510      7.31      2.00     4   4.9977
#         175       0.02027      4.46      2.00     5   5.0024
#         176       0.06542     11.84      2.00     5   5.0026
#         177       0.02287      4.86      2.00     3   5.0048
#         178       0.02038      9.18      2.00     5   5.0048
#         179       0.00508      6.82      2.00     4   5.0119
#         180       0.00952     11.82      2.00     5   5.0115
#         181       0.01373      4.28      2.00     3   5.0153
#         182       0.01423      4.10      1.00     4   5.0167
#         183       0.00961     16.67      2.00     5   5.0185
#         184       0.01292     12.86      1.00     4   5.0193
#         185       0.00963     16.32      2.00     5   5.0203
#         187       0.00966     12.36      2.00     5   5.0256
#         189       0.02291      4.83      2.00     3   5.0326
#         191       0.01431     11.07      2.00     3   5.0399
#         192       0.01485      5.99      2.00     4   5.0395
#         194       0.01559      4.58      2.00     3   5.0482
#         195       0.01397     10.85      2.00     3   5.0724
#         196       0.01551      4.48      2.00     3   5.0833
#         197       0.01186      5.76      2.00     4   5.0900
#         200       0.01184      9.33      2.00     4   5.0976
#         201       0.00692      6.24      1.00     4   5.1028
#         202       0.00684      6.19      1.00     4   5.1094
#         204       0.02030      4.81      2.00     4   5.1186
#         205       0.01594      4.28      2.00     4   5.1194
#         206       0.01060      5.85      2.00     5   5.1230
#         208       0.00709      6.14      1.00     4   5.1391
#         210       0.01409      4.74      2.00     3   5.1594
#         211       0.00692      6.14      1.00     4   5.1614
#         212       0.01513      4.79      1.00     4   5.1646
#         214       0.01230     10.08      1.00     4   5.1671
#         215       0.01451      5.44      2.00     3   5.1765
#         216       0.01348      5.57      2.00     4   5.1913
#         218       0.01224      4.37      2.00     4   5.1964
#         219       0.01350      4.71      1.00     4   5.1973
#         220       0.01211      9.86      1.00     4   5.2001
#         221       0.01465      5.29      2.00     3   5.2119
#         222       0.01276      8.07      2.00     5   5.2224
#         225       0.01285      8.64      2.00     4   5.2382
#         226       0.00559     11.28      2.00     5   5.2438
#         227       0.01139      5.72      2.00     5   5.2473
#         228       0.01171      4.30      2.00     4   5.2514
#         230       0.01792      6.13      2.00     6   5.2517
#         231       0.00595      6.28      2.00     5   5.2520
#         234       0.01222      6.11      2.00     4   5.2580
#         235       0.01153      9.67      2.00     4   5.2595
#         237       0.01295      7.84      2.00     5   5.2672
#         238       0.01066      5.83      2.00     5   5.2684
#         239       0.00561     11.13      2.00     5   5.2693
#         240       0.01267      6.54      2.00     4   5.2716
#         242       0.00976     11.95      1.00     6   5.2730
#         245       0.00575      5.45      2.00     5   5.2790
#         247       0.00999     16.07      1.00     6   5.2822
#         250       0.01802      6.03      2.00     6   5.2844
#         251       0.01210      6.07      2.00     4   5.2855
#         252       0.00981     15.20      1.00     6   5.2853
#         254       0.00986     12.20      1.00     6   5.2865
#         255       0.01127      5.49      2.00     4   5.3014
#         256       0.01123     10.11      2.00     4   5.3038
#         258       0.01259      6.39      2.00     4   5.3071
#         259       0.02341      4.05      2.00     4   5.3078
#         260       0.01155      4.99      2.00     5   5.3181
#         261       0.01199     21.49      2.00     5   5.3186
#         263       0.01115     20.77      2.00     5   5.3206
#         266       0.02007      6.77      2.00     5   5.3271
#         267       0.00666      5.14      2.00     3   5.3297
#         268       0.01131      5.37      2.00     4   5.3362
#         269       0.01127      9.82      2.00     4   5.3396
#         271       0.01637      8.01      2.00     5   5.3491
#         272       0.01306      5.52      2.00     5   5.3492
#         274       0.02213      7.26      2.00     5   5.3518
#         275       0.02204     13.02      2.00     5   5.3530
#         279       0.01889      6.32      2.00     6   5.3554
#         280       0.01360      4.30      2.00     5   5.3600
#         283       0.01264      8.14      2.00     4   5.3831
#         285       0.02010      6.30      2.00     6   5.3902
#         286       0.02219     12.68      2.00     5   5.3913
#         289       0.01245      8.28      2.00     4   5.4001
#         291       0.02869      4.49      2.00     4   5.4110
#         292       0.03212      4.19      2.00     3   5.4112
#         293       0.01116      6.55      2.00     4   5.4154
#         294       0.02309     14.42      2.00     5   5.4202
#         297       0.03224      5.28      2.00     4   5.4282
#         299       0.01260      8.07      2.00     4   5.4351
#         300       0.00491      5.79      2.00     5   5.4347
#         304       0.01062      4.73      2.00     4   5.4411
#         306       0.02217     13.31      2.00     5   5.4480
#         307       0.01124      6.39      2.00     4   5.4510
#         308       0.00672      6.96      2.00     3   5.4575
#         310       0.00657      8.43      2.00     3   5.4607
#         311       0.02291     14.73      1.00     6   5.4626
#         312       0.00645      8.44      2.00     3   5.4681
#         313       0.02089      4.64      2.00     6   5.4709
#         314       0.02347     19.84      1.00     6   5.4715
#         315       0.00638      7.69      2.00     3   5.4722
#         317       0.01185      6.35      2.00     5   5.4805
#         318       0.01163     17.57      2.00     5   5.4810
#         319       0.01083     18.29      2.00     5   5.4832
#         321       0.02308     14.34      1.00     6   5.5008
#         322       0.01068     13.99      2.00     5   5.5033
#         323       0.02478      6.26      2.00     5   5.5128
#         324       0.02366      5.39      2.00     5   5.5153
#         325       0.02275     16.90      1.00     6   5.5234
#         326       0.01200      8.80      2.00     5   5.5248
#         327       0.01127     15.21      2.00     5   5.5250
#         328       0.01054     17.08      2.00     5   5.5274
#         330       0.02037      5.39      2.00     5   5.5308
#         331       0.01173      5.33      2.00     5   5.5333
#         332       0.01136      5.84      2.00     4   5.5436
#         333       0.01818      5.55      2.00     5   5.5433
#         334       0.01230      4.82      2.00     4   5.5462
#         335       0.01051      7.91      2.00     5   5.5497
#         336       0.00773     12.00      2.00     5   5.5546
#         337       0.01644      6.56      2.00     5   5.5592
#         339       0.01141     14.82      2.00     5   5.5604
#         340       0.01181      8.60      2.00     5   5.5600
#         341       0.00792     11.91      2.00     5   5.5615
#         342       0.01943      5.26      2.00     5   5.5619
#         343       0.01065     16.59      2.00     5   5.5628
#         344       0.02210      5.86      2.00     5   5.5642
#         345       0.01794      5.63      2.00     5   5.5700
#         346       0.01171      5.19      2.00     5   5.5765
#         347       0.01691     14.74      2.00     6   5.5777
#         348       0.00796     11.96      2.00     5   5.5786
#         349       0.01109      5.83      2.00     4   5.5792
#         350       0.01032      4.29      2.00     4   5.5804
#         351       0.01230      4.67      2.00     4   5.5837
#         353       0.00801     12.11      2.00     5   5.5890
#         354       0.01117      5.76      2.00     4   5.6030
#         355       0.00531     10.04      2.00     4   5.6086
#         356       0.01809      6.22      2.00     5   5.6086
#         357       0.01779      6.27      2.00     5   5.6107
#         359       0.00533     10.09      2.00     4   5.6183
#         360       0.01176      4.45      2.00     5   5.6182
#         362       0.01312      4.27      2.00     4   5.6284
#         363       0.00965      4.88      2.00     4   5.6291
#         365       0.00716      7.20      2.00     4   5.6376
#         366       0.00547      9.05      2.00     4   5.6387
#         367       0.00720      7.21      2.00     4   5.6431
#         368       0.01060     12.29      2.00     5   5.6436
#         371       0.01188      4.43      2.00     5   5.6482
#         372       0.00960      4.80      2.00     4   5.6484
#         373       0.01318      4.20      2.00     4   5.6515
#         374       0.01909     12.49      2.00     6   5.6529
#         376       0.01399     10.70      2.00     5   5.6558
#         377       0.01660      5.62      2.00     5   5.6593
#         378       0.01216      4.75      2.00     5   5.6592
#         379       0.01848     16.82      2.00     6   5.6599
#         381       0.01149      5.12      2.00     5   5.6617
#         382       0.02232      5.02      2.00     5   5.6637
#         383       0.01093      8.74      2.00     5   5.6640
#         384       0.01446      6.61      2.00     5   5.6648
#         387       0.01300      4.47      2.00     5   5.6695
#         388       0.01090      6.29      2.00     5   5.6724
#         389       0.01190      9.07      2.00     6   5.6743
#         390       0.00719      6.24      2.00     4   5.6779
#         391       0.01884     12.63      2.00     6   5.6795
#         392       0.00986      4.70      2.00     4   5.6821
#         393       0.01837     15.63      2.00     6   5.6861
#         394       0.01032      7.85      2.00     5   5.6871
#         395       0.01105      6.81      2.00     5   5.6903
#         396       0.01611      5.53      2.00     5   5.6923
#         397       0.01409     10.37      2.00     5   5.6932
#         398       0.00602      5.77      1.00     6   5.6956
#         399       0.02181      4.90      2.00     5   5.6986
#         400       0.01156      4.98      2.00     5   5.6989
#         401       0.00711      5.30      2.00     4   5.7004
#         403       0.01109      8.44      2.00     5   5.7023
#         404       0.00947      4.65      2.00     4   5.7035
#         407       0.01054     10.99      2.00     5   5.7064
#         408       0.00587      4.20      1.00     6   5.7067
#         409       0.01227      8.93      2.00     6   5.7068
#         410       0.00604      5.84      1.00     6   5.7089
#         412       0.01403      8.52      2.00     5   5.7153
#         413       0.00545      5.55      2.00     4   5.7211
#         416       0.01097      7.29      2.00     5   5.7233
#         419       0.01070     10.85      2.00     5   5.7307
#         424       0.01030      7.79      2.00     5   5.7556
#         427       0.02728     10.60      2.00     5   5.7589
#         430       0.01004     15.98      2.00     6   5.7727
#         432       0.01163      9.23      2.00     5   5.7756
#         433       0.01258      7.09      2.00     6   5.7768
#         434       0.01020      7.63      2.00     5   5.7791
#         435       0.00944      5.47      2.00     4   5.7806
#         436       0.01374      4.12      2.00     6   5.7878
#         437       0.01675     12.01      2.00     6   5.7888
#         439       0.01848      6.09      2.00     5   5.8093
#         441       0.01115      6.94      2.00     5   5.8107
#         442       0.01293      5.19      2.00     6   5.8120
#         443       0.01172      8.95      2.00     5   5.8137
#         445       0.02557      5.75      2.00     5   5.8204
#         446       0.02140      4.17      2.00     5   5.8231
#         447       0.02819      5.45      2.00     6   5.8388
#         448       0.02188      7.26      2.00     6   5.8390
#         449       0.02813     13.09      1.00     6   5.8412
#         450       0.01874      6.47      2.00     5   5.8421
#         451       0.01018      5.44      2.00     5   5.8431
#         452       0.01051      4.41      2.00     5   5.8461
#         453       0.01110      7.41      2.00     5   5.8519
#         454       0.01032      4.07      2.00     5   5.8551
#         455       0.01104      7.45      2.00     5   5.8694
#         456       0.01027      5.35      2.00     5   5.8702
#         457       0.01063      4.45      2.00     5   5.8719
#         458       0.01118      7.30      2.00     5   5.8747
#         460       0.01833      5.30      2.00     6   5.8782
#         462       0.01023      4.61      2.00     5   5.8838
#         464       0.01233      4.50      1.00     6   5.8850
#         465       0.01942     22.47      2.00     6   5.8852
#         466       0.01101      7.95      1.00     6   5.8876
#         468       0.01482      4.69      2.00     6   5.8881
#         469       0.01659     10.31      2.00     6   5.8887
#         470       0.01754      4.54      2.00     6   5.8910
#         471       0.01370      4.40      2.00     5   5.8923
#         472       0.05584      7.98      2.00     7   5.8928
#         473       0.03286      7.95      2.00     7   5.8931
#         474       0.01957     19.44      2.00     6   5.8934
#         476       0.01106     15.44      2.00     5   5.9024
#         479       0.01001     15.14      2.00     6   5.9108
#         481       0.01879     24.91      2.00     7   5.9145
#         482       0.01379      4.30      2.00     5   5.9187
#         483       0.01430      4.65      2.00     6   5.9212
#         484       0.01626     10.10      2.00     6   5.9222
#         487       0.01215      4.36      1.00     6   5.9228
#         488       0.01948     21.74      2.00     6   5.9232
#         490       0.01903     33.16      2.00     7   5.9236
#         491       0.01759      4.41      2.00     6   5.9246
#         492       0.01113      7.67      1.00     6   5.9255
#         494       0.01504      5.45      2.00     5   5.9345
#         495       0.05432      7.61      2.00     7   5.9381
#         496       0.03269      7.59      2.00     7   5.9382
#         497       0.01536      6.25      2.00     5   5.9392
#         499       0.01903     24.85      2.00     7   5.9403
#         500       0.01043      8.60      2.00     3   5.9446
#         501       0.00935      5.14      2.00     4   5.9452
#         502       0.01887     20.46      2.00     6   5.9448
#         503       0.01200     20.86      2.00     5   5.9477
#         505       0.01332      6.97      2.00     5   5.9511
#         506       0.01884     29.94      2.00     7   5.9511
#         507       0.01821      7.38      2.00     6   5.9553
#         509       0.01817      4.99      2.00     5   5.9693
#         510       0.01520      5.34      2.00     5   5.9716
#         513       0.01822      6.04      2.00     6   5.9783
#         514       0.01000     14.85      2.00     6   5.9792
#         516       0.01302      6.82      2.00     5   5.9819
#         517       0.01215     20.18      2.00     5   5.9828
#         518       0.00924      5.08      2.00     4   5.9857
#         519       0.01505      5.80      2.00     5   5.9898
#         520       0.01833      7.16      2.00     6   5.9975
#         523       0.01009     14.59      2.00     6   6.0023
#         524       0.01115      8.88      2.00     4   6.0033
#         525       0.02768      5.74      2.00     5   6.0045
#         526       0.00849      5.57      1.00     6   6.0065
#         529       0.01792      4.19      2.00     5   6.0135
#         530       0.00870      5.53      1.00     6   6.0136
#         531       0.02546      8.61      2.00     5   6.0148
#         532       0.00879      5.48      1.00     6   6.0167
#         533       0.00882      5.47      1.00     6   6.0182
#         534       0.00924      5.00      2.00     4   6.0204
#         535       0.05285      7.71      2.00     7   6.0204
#         536       0.03293      7.75      2.00     7   6.0213
#         538       0.05742      7.97      2.00     7   6.0310
#         539       0.03482      8.07      2.00     7   6.0316
#         540       0.00977      5.03      2.00     4   6.0335
#         541       0.02468      5.64      2.00     5   6.0374
#         544       0.01139      4.10      2.00     5   6.0488
#         545       0.01802      4.08      2.00     5   6.0509
#         548       0.01068     10.27      2.00     6   6.0643
#         549       0.01303      9.99      2.00     6   6.0667
#         551       0.01073      8.93      2.00     6   6.0756
#         552       0.01085     10.15      2.00     6   6.0761
#         553       0.01064      6.68      2.00     6   6.0818
#         556       0.02151      4.23      2.00     6   6.0863
#         557       0.02122      4.42      2.00     6   6.0875
#         558       0.02115      4.12      2.00     6   6.0877
#         562       0.01078     10.19      2.00     6   6.0910
#         563       0.01759      4.11      2.00     6   6.0921
#         564       0.01290      9.84      2.00     6   6.0934
#         567       0.07341      8.10      2.00     7   6.0981
#         568       0.03670      7.92      2.00     7   6.1003
#         569       0.01076      8.98      2.00     6   6.1018
#         571       0.01769     10.67      2.00     7   6.1048
#         572       0.01072     10.40      2.00     6   6.1053
#         573       0.01314      9.40      2.00     6   6.1075
#         574       0.01070      8.33      2.00     6   6.1075
#         575       0.01184      9.53      2.00     6   6.1077
#         577       0.01810     14.85      2.00     7   6.1120
#         578       0.02722      4.92      2.00     6   6.1123
#         581       0.01776     14.44      2.00     7   6.1137
#         582       0.02646      9.97      1.00     6   6.1149
#         583       0.00995      7.29      2.00     6   6.1158
#         584       0.01017      7.82      2.00     6   6.1158
#         585       0.01192      6.94      2.00     6   6.1169
#         587       0.01788     11.10      2.00     7   6.1190
#         588       0.00998      5.50      2.00     6   6.1245
#         589       0.01025      4.37      2.00     6   6.1245
#         590       0.02141      4.09      2.00     6   6.1306
#         591       0.02133      4.25      2.00     6   6.1325
#         592       0.01195      9.43      2.00     6   6.1327
#         595       0.02392      7.47      2.00     5   6.1354
#         599       0.00997      7.13      2.00     6   6.1419
#         600       0.01026      7.66      2.00     6   6.1419
#         601       0.01184      8.54      2.00     6   6.1429
#         603       0.00992      6.33      2.00     6   6.1510
#         604       0.01025      5.88      2.00     6   6.1510
#         606       0.02352      7.31      2.00     5   6.1681
#         607       0.01647      6.17      2.00     6   6.1832
#         609       0.02734      4.25      2.00     6   6.1855
#         610       0.01899      6.00      2.00     6   6.1860
#         611       0.01760      4.07      2.00     6   6.1911
#         612       0.01888      7.50      2.00     6   6.1931
#         613       0.01972      6.89      2.00     6   6.1961
#         616       0.02020      7.68      2.00     6   6.2029
#         617       0.00941      6.90      2.00     3   6.2100
#         618       0.01563      6.64      2.00     6   6.2101
#         619       0.02215      4.05      2.00     6   6.2128
#         620       0.02174      4.10      2.00     6   6.2131
#         621       0.02417      4.26      2.00     6   6.2230
#         622       0.02310      4.26      2.00     6   6.2248
#         623       0.01679      7.40      2.00     6   6.2275
#         624       0.01963      6.78      2.00     6   6.2325
#         626       0.00922      5.02      2.00     3   6.2511
#         627       0.01688      7.28      2.00     6   6.2532
#         628       0.01921      7.12      2.00     6   6.2548
#         629       0.01068      4.40      2.00     5   6.2585
#         630       0.02674      4.72      2.00     6   6.2602
#         632       0.02512      7.89      1.00     6   6.2627
#         634       0.00832      4.97      2.00     3   6.2838
#         636       0.01014      6.66      2.00     4   6.2876
#         637       0.01039      4.29      2.00     5   6.2921
#         638       0.02550      4.62      2.00     6   6.2931
#         639       0.01535      4.22      2.00     6   6.2942
#         641       0.02475      7.71      1.00     6   6.2958
#         642       0.01565      5.74      2.00     6   6.2971
#         645       0.01364     13.24      1.00     6   6.3079
#         646       0.00731      4.44      2.00     4   6.3099
#         649       0.01682      7.30      2.00     6   6.3113
#         651       0.02410      5.72      2.00     7   6.3157
#         652       0.01861      8.84      2.00     7   6.3155
#         653       0.02854      8.82      2.00     7   6.3157
#         654       0.05315      7.13      2.00     7   6.3154
#         657       0.01069      8.85      2.00     7   6.3365
#         659       0.01350     18.41      2.00     7   6.3371
#         661       0.01551     18.28      2.00     7   6.3371
#         662       0.01046     14.45      2.00     7   6.3394
#         664       0.01670      7.15      2.00     6   6.3446
#         665       0.01120      7.26      2.00     7   6.3452
#         667       0.01389     12.81      1.00     6   6.3455
#         668       0.01560     13.30      2.00     7   6.3455
#         669       0.01072     11.17      2.00     7   6.3475
#         671       0.02789      4.42      2.00     7   6.3509
#         675       0.01911      7.67      2.00     6   6.3551
#         677       0.01874      8.49      2.00     7   6.3602
#         678       0.02449      5.44      2.00     7   6.3606
#         679       0.02841      8.48      2.00     7   6.3606
#         680       0.05377      6.92      2.00     7   6.3605
#         681       0.01035      8.86      2.00     7   6.3617
#         685       0.01377     18.25      2.00     7   6.3627
#         687       0.01561     17.94      2.00     7   6.3627
#         689       0.01055     14.18      2.00     7   6.3651
#         691       0.01303      7.90      1.00     6   6.3662
#         692       0.00901      4.51      2.00     3   6.3694
#         694       0.01064      8.15      2.00     7   6.3715
#         696       0.01341     17.09      2.00     7   6.3725
#         697       0.01524     16.11      2.00     7   6.3725
#         698       0.02057      4.01      2.00     6   6.3737
#         699       0.01058     12.31      2.00     7   6.3746
#         704       0.01529      6.19      2.00     6   6.3864
#         706       0.01545      7.09      2.00     6   6.3913
#         707       0.02103      4.46      2.00     6   6.3945
#         711       0.01961      7.96      2.00     6   6.3994
#         714       0.01546      6.14      2.00     6   6.4111
#         715       0.01984     11.81      2.00     7   6.4118
#         716       0.02130      4.08      2.00     7   6.4116
#         720       0.02224      4.18      2.00     7   6.4136
#         722       0.02394      8.40      2.00     7   6.4140
#         725       0.02222     18.48      2.00     7   6.4160
#         726       0.01543      6.76      2.00     6   6.4175
#         728       0.06679      6.03      2.00     7   6.4195
#         729       0.03561      5.89      2.00     7   6.4227
#         730       0.01219      5.43      2.00     5   6.4232
#         735       0.01957      7.73      2.00     6   6.4353
#         737       0.01064      4.83      2.00     5   6.4411
#         739       0.06090      6.86      2.00     7   6.4423
#         740       0.01867      6.37      2.00     7   6.4421
#         741       0.02978      6.89      2.00     7   6.4425
#         742       0.02822      8.59      2.00     7   6.4426
#         743       0.04975      6.74      2.00     7   6.4450
#         744       0.03662      6.40      2.00     7   6.4453
#         746       0.03378     11.55      2.00     7   6.4463
#         750       0.01063      5.29      2.00     5   6.4501
#         751       0.03016      8.99      2.00     7   6.4534
#         752       0.00814      6.19      2.00     4   6.4660
#         754       0.01075      6.26      2.00     5   6.4685
#         756       0.03402     11.25      2.00     7   6.4847
#         758       0.00792     12.13      2.00     6   6.4870
#         759       0.00655      4.48      2.00     4   6.4899
#         761       0.00680      4.03      2.00     4   6.5013
#         763       0.00700      4.44      2.00     4   6.5050
#         765       0.00830     11.92      2.00     6   6.5134
#         767       0.03519     12.72      2.00     7   6.5137
#         768       0.03156      4.80      2.00     7   6.5177
#         769       0.01007      7.02      2.00     7   6.5185
#         770       0.03369      9.35      2.00     7   6.5202
#         771       0.01090      6.66      2.00     7   6.5274
#         773       0.01024      6.43      2.00     7   6.5302
#         774       0.01017      7.07      2.00     7   6.5330
#         775       0.02374      9.42      2.00     6   6.5342
#         777       0.01448      5.64      2.00     7   6.5351
#         778       0.01016      6.08      2.00     7   6.5351
#         780       0.01094      6.77      2.00     7   6.5414
#         781       0.03387     11.77      2.00     7   6.5415
#         784       0.01201      4.53      2.00     5   6.5510
#         785       0.01220      6.74      2.00     5   6.5542
#         786       0.01201      5.30      2.00     5   6.5614
#         787       0.01197      4.54      2.00     5   6.5656
#         788       0.01021      5.80      2.00     7   6.5677
#         790       0.02350      5.58      2.00     7   6.5734
#         793       0.02540      4.05      2.00     7   6.5761
#         794       0.02200      4.38      2.00     7   6.5761
#         795       0.02191      6.83      2.00     7   6.5766
#         797       0.01023      4.30      2.00     7   6.5786
#         798       0.02165     16.15      2.00     7   6.5787
#         799       0.01033      5.73      2.00     7   6.5814
#         801       0.05631      4.92      2.00     7   6.6083
#         802       0.03781      5.05      2.00     7   6.6108
#         804       0.01964      4.01      2.00     7   6.6181
#         805       0.02392      7.78      2.00     7   6.6179
#         806       0.01267      5.99      2.00     6   6.6187
#         807       0.01934      4.14      2.00     7   6.6200
#         808       0.02582      4.54      2.00     7   6.6204
#         809       0.02160      4.89      2.00     7   6.6204
#         810       0.02104      5.77      2.00     7   6.6206
#         811       0.02110     14.98      2.00     7   6.6229
#         814       0.02810      4.09      2.00     7   6.6265
#         815       0.01885      6.60      2.00     7   6.6451
#         816       0.01687      9.11      2.00     7   6.6479
#         818       0.02352      7.60      2.00     7   6.6531
#         820       0.01247      5.86      2.00     6   6.6548
#         821       0.01939      4.05      2.00     7   6.6551
#         822       0.01713     10.42      2.00     7   6.6550
#         823       0.02440      4.42      2.00     7   6.6558
#         824       0.02149      4.76      2.00     7   6.6558
#         825       0.02118      5.59      2.00     7   6.6562
#         826       0.02133     14.55      2.00     7   6.6585
#         828       0.01691      9.10      2.00     7   6.6720
#         833       0.01669      9.89      2.00     7   6.6825
#         834       0.02350      8.77      2.00     6   6.6831
#         835       0.01211      6.55      2.00     6   6.7020
#         836       0.01219      7.09      2.00     6   6.7116
#         838       0.02248      8.55      2.00     6   6.7158
#         842       0.01228      9.09      2.00     6   6.7311
#         843       0.01030      8.41      2.00     6   6.7322
#         844       0.01211      6.86      2.00     6   6.7363
#         845       0.01614     13.90      2.00     7   6.7383
#         846       0.02161     10.42      2.00     7   6.7392
#         849       0.01397      4.92      2.00     6   6.7419
#         850       0.01900      5.86      2.00     7   6.7485
#         851       0.02284      5.51      2.00     7   6.7491
#         853       0.02117      5.78      2.00     7   6.7530
#         859       0.01950      4.85      2.00     7   6.7580
#         860       0.02166      7.59      2.00     7   6.7583
#         861       0.02007      7.83      2.00     7   6.7596
#         862       0.01136     19.99      2.00     7   6.7597
#         863       0.02132      4.92      2.00     7   6.7608
#         864       0.03034      4.10      2.00     7   6.7629
#         869       0.01206      6.02      2.00     6   6.7712
#         871       0.01870      6.55      2.00     7   6.7827
#         872       0.01636     13.39      2.00     7   6.7830
#         873       0.01885      5.74      2.00     7   6.7855
#         874       0.01141     19.67      2.00     7   6.7851
#         875       0.02305      5.36      2.00     7   6.7866
#         876       0.02687      6.79      2.00     6   6.7875
#         877       0.02123      5.62      2.00     7   6.7918
#         879       0.01202      6.14      2.00     6   6.7939
#         880       0.01148      8.89      2.00     7   6.7939
#         884       0.01366      4.31      2.00     6   6.7970
#         886       0.02028      7.55      2.00     7   6.7980
#         889       0.02148      9.39      2.00     7   6.8020
#         890       0.01885      5.21      2.00     7   6.8077
#         891       0.02236      6.39      2.00     7   6.8087
#         893       0.02086      5.21      2.00     7   6.8127
#         894       0.01030      5.23      2.00     6   6.8146
#         898       0.01807      7.46      2.00     6   6.8197
#         899       0.02457      6.60      2.00     6   6.8229
#         901       0.02180      9.28      2.00     7   6.8264
#         903       0.01972     13.89      2.00     7   6.8359
#         904       0.01197      4.32      2.00     6   6.8383
#         906       0.03103      7.06      2.00     7   6.8419
#         910       0.01896      6.48      2.00     7   6.8512
#         911       0.01844      7.24      2.00     6   6.8553
#         912       0.01619      9.57      2.00     7   6.8640
#         914       0.01879      6.35      2.00     7   6.8749
#         915       0.01630      7.08      2.00     6   6.8761
#         919       0.02100      6.76      2.00     6   6.9160
#         920       0.01167      5.11      2.00     6   6.9225
#         922       0.02114      6.59      2.00     6   6.9509
#         928       0.02961      7.44      2.00     7   6.9953
#         929       0.01960     14.18      2.00     7   6.9980
#         932       0.02276      4.38      2.00     7   7.0278
#         933       0.03648      6.07      2.00     7   7.0307
#         934       0.02281      5.82      2.00     7   7.0327
#         935       0.01431      8.15      2.00     5   7.0400
#         936       0.01522      6.16      2.00     6   7.0408
#         937       0.03327     10.30      2.00     7   7.0407
#         938       0.01943     12.24      2.00     7   7.0409
#         939       0.01908     15.63      2.00     7   7.0433
#         941       0.03114      5.71      2.00     7   7.0467
#         943       0.02277      4.27      2.00     7   7.0650
#         945       0.01600      7.08      2.00     7   7.0705
#         947       0.01975     11.83      2.00     7   7.0762
#         948       0.02908     10.03      2.00     7   7.0758
#         949       0.02994      5.62      2.00     7   7.0776
#         950       0.01921     15.20      2.00     7   7.0786
#         951       0.01393      5.47      2.00     6   7.0813
#         952       0.02223      4.97      2.00     7   7.0833
#         953       0.01151      4.60      2.00     6   7.0843
#         955       0.01592      6.97      2.00     7   7.0944
#         956       0.01450      9.28      2.00     6   7.0988
#         957       0.01607      4.20      2.00     7   7.1039
#         958       0.01411      5.39      2.00     6   7.1162
#         959       0.00692      5.06      2.00     6   7.1243
#         960       0.01568      4.33      2.00     6   7.1269
#         961       0.01475      4.15      2.00     6   7.1305
#         962       0.03561      5.34      2.00     7   7.1336
#         963       0.00707      5.16      2.00     6   7.1342
#         964       0.01888      9.91      2.00     7   7.1454
#         966       0.01758     12.98      2.00     7   7.1717
#         967       0.02539      5.81      2.00     7   7.1776
#         968       0.01854      7.80      2.00     7   7.1799
#         971       0.01781     12.57      2.00     7   7.2089
#         972       0.02472      5.63      2.00     7   7.2147
#         973       0.01898      7.54      2.00     7   7.2181
#         974       0.01243      4.58      2.00     6   7.2590
#         979       0.01342      5.57      2.00     5   7.3056
#         980       0.01612      8.84      2.00     7   7.3080
#         981       0.01273      4.04      2.00     6   7.3154
#         982       0.01589      8.12      2.00     7   7.3282
#         983       0.03208      4.77      2.00     7   7.3379
#         984       0.01369      4.69      2.00     5   7.3467
#         985       0.01314      7.96      2.00     7   7.3541
#         988       0.01323      4.59      2.00     5   7.3795
#         990       0.01354      6.60      2.00     6   7.3832
#         991       0.01321      7.85      2.00     7   7.3879
#         992       0.01238      6.03      2.00     6   7.4054
#         993       0.02909      4.11      2.00     7   7.4061
#         995       0.01209      4.76      2.00     6   7.4517
#         996       0.01456      4.08      2.00     5   7.4629
#         997       0.01921     27.69      2.00     7   7.4636
#         998       0.01597      7.10      2.00     7   7.4685
#        1000       0.01175      5.69      2.00     6   7.4967
#        1001       0.01944     26.79      2.00     7   7.4986
#        1002       0.01651      5.40      2.00     7   7.5120
#        1004       0.01556      6.16      2.00     7   7.5332
#        1007       0.01574      6.10      2.00     7   7.5557
#        1008       0.01389      5.79      2.00     6   7.5594
#        1011       0.01201      4.83      2.00     6   7.5857
#        1012       0.01197      4.51      2.00     6   7.5969
#        1013       0.01214      5.42      2.00     6   7.6006
#        1014       0.01518      4.80      2.00     6   7.6041
#        1018       0.02480      5.93      2.00     7   7.6476
#        1019       0.01185      8.60      2.00     7   7.6747
#        1022       0.01149      6.77      2.00     7   7.8573
#        1023       0.01172      6.85      2.00     7   7.8677
#        1024       0.01150      6.47      2.00     7   7.8696
#        1028       0.02915      7.03      2.00     7   8.1355
#        1030       0.01924      4.67      2.00     7   8.3879
#        1031       0.02003      4.28      2.00     7   8.5564
#   708/ 917 paths used
#  xsedge+50, used to normalize mu           1.0000E+00
#  -----------------------------------------------------------------------
#  omega    e    k    mu    mu0     chi     @#
    9726.070   -204.452  -7.200 -2.75512E-06 -2.82819E-06  1.26911E-05
    9728.804   -201.718  -7.150 -6.17917E-06 -6.26757E-06  1.30721E-05
    9731.518   -199.003  -7.100 -9.60322E-06 -9.70694E-06  1.33059E-05
    9734.214   -196.308  -7.050 -1.30273E-05 -1.31463E-05  1.34511E-05
    9736.891   -193.631  -7.000 -1.64513E-05 -1.65857E-05  1.36300E-05
    9739.548   -190.974  -6.950 -1.98754E-05 -2.00251E-05  1.39462E-05
    9742.186   -188.335  -6.900 -2.32994E-05 -2.34644E-05  1.44141E-05
    9744.806   -185.716  -6.850 -2.66201E-05 -2.68176E-05  1.50231E-05
    9747.406   -183.116  -6.800 -2.98237E-05 -3.00730E-05  1.56678E-05
    9749.987   -180.534  -6.750 -3.30273E-05 -3.33285E-05  1.61858E-05
    9752.550   -177.972  -6.700 -3.62309E-05 -3.65840E-05  1.65788E-05
    9755.093   -175.429  -6.650 -3.94345E-05 -3.98395E-05  1.69308E-05
    9757.617   -172.905  -6.600 -4.26381E-05 -4.30950E-05  1.73584E-05
    9760.122   -170.400  -6.550 -4.58417E-05 -4.63504E-05  1.79396E-05
    9762.608   -167.914  -6.500 -4.90453E-05 -4.96059E-05  1.86649E-05
    9765.075   -165.447  -6.450 -5.20252E-05 -5.27404E-05  1.96006E-05
    9767.523   -162.999  -6.400 -5.48602E-05 -5.57965E-05  2.05887E-05
    9769.952   -160.570  -6.350 -5.76953E-05 -5.88526E-05  2.14579E-05
    9772.362   -158.160  -6.300 -6.05303E-05 -6.19087E-05  2.22099E-05
    9774.752   -155.770  -6.250 -6.33653E-05 -6.49647E-05  2.29209E-05
    9777.124   -153.398  -6.200 -6.62004E-05 -6.80208E-05  2.37017E-05
    9779.477   -151.045  -6.150 -6.90354E-05 -7.10769E-05  2.46384E-05
    9781.810   -148.712  -6.100 -7.18705E-05 -7.41330E-05  2.57435E-05
    9784.125   -146.397  -6.050 -7.43525E-05 -7.71386E-05  2.71720E-05
    9786.420   -144.102  -6.000 -7.56930E-05 -7.99808E-05  2.93488E-05
    9788.697   -141.825  -5.950 -7.70335E-05 -8.28230E-05  3.14742E-05
    9790.954   -139.568  -5.900 -7.83741E-05 -8.56652E-05  3.35094E-05
    9793.193   -137.329  -5.850 -7.97146E-05 -8.85074E-05  3.54888E-05
    9795.412   -135.110  -5.800 -8.10551E-05 -9.13496E-05  3.75072E-05
    9797.612   -132.910  -5.750 -8.23957E-05 -9.41919E-05  3.96763E-05
    9799.793   -130.728  -5.700 -8.37362E-05 -9.70341E-05  4.20714E-05
    9801.956   -128.566  -5.650 -8.50768E-05 -9.98763E-05  4.46919E-05
    9804.099   -126.423  -5.600 -6.92357E-05 -1.02662E-04  5.09330E-05
    9806.223   -124.299  -5.550  1.47329E-07 -1.05272E-04  6.88988E-05
    9808.328   -122.194  -5.500  6.95304E-05 -1.07882E-04  8.81442E-05
    9810.414   -120.108  -5.450  1.38913E-04 -1.10493E-04  1.08563E-04
    9812.481   -118.041  -5.400  2.08296E-04 -1.13103E-04  1.30138E-04
    9814.529   -115.993  -5.350  2.77680E-04 -1.15713E-04  1.52940E-04
    9816.557   -113.965  -5.300  3.47063E-04 -1.18323E-04  1.77085E-04
    9818.567   -111.955  -5.250  4.16446E-04 -1.20933E-04  2.02656E-04
    9820.558   -109.964  -5.200  4.85829E-04 -1.23543E-04  2.29636E-04
    9822.529   -107.992  -5.150  5.55212E-04 -1.26153E-04  2.57882E-04
    9824.482   -106.040  -5.100  5.74449E-04 -1.28645E-04  2.61454E-04
    9826.416   -104.106  -5.050  5.35601E-04 -1.30999E-04  2.34754E-04
    9828.330   -102.192  -5.000  4.96752E-04 -1.33353E-04  2.07043E-04
    9830.226   -100.296  -4.950  4.57904E-04 -1.35707E-04  1.78373E-04
    9832.102    -98.420  -4.900  4.19055E-04 -1.38061E-04  1.48857E-04
    9833.959    -96.562  -4.850  3.80207E-04 -1.40415E-04  1.18652E-04
    9835.798    -94.724  -4.800  3.41358E-04 -1.42769E-04  8.79415E-05
    9837.617    -92.905  -4.750  3.02509E-04 -1.45124E-04  5.69045E-05
    9839.417    -91.105  -4.700  2.63661E-04 -1.47478E-04  2.56871E-05
    9841.198    -89.323  -4.650  2.24812E-04 -1.49832E-04 -5.61749E-06
    9842.961    -87.561  -4.600  1.85964E-04 -1.52186E-04 -3.69739E-05
    9844.704    -85.818  -4.550  1.60264E-04 -1.54352E-04 -4.65892E-05
    9846.428    -84.094  -4.500  1.41770E-04 -1.56416E-04 -4.36909E-05
    9848.133    -82.389  -4.450  1.23276E-04 -1.58480E-04 -4.02307E-05
    9849.818    -80.703  -4.400  1.04782E-04 -1.60544E-04 -3.63555E-05
    9851.485    -79.037  -4.350  8.62876E-05 -1.62608E-04 -3.21512E-05
    9853.133    -77.389  -4.300  6.77936E-05 -1.64671E-04 -2.76048E-05
    9854.762    -75.760  -4.250  4.92995E-05 -1.66735E-04 -2.25945E-05
    9856.372    -74.150  -4.200  3.08054E-05 -1.68799E-04 -1.69144E-05
    9857.962    -72.560  -4.150  1.23114E-05 -1.70863E-04 -1.03292E-05
    9859.534    -70.988  -4.100 -6.18268E-06 -1.72927E-04 -2.64372E-06
    9861.087    -69.435  -4.050 -2.46767E-05 -1.74990E-04  6.23167E-06
    9862.620    -67.902  -4.000 -4.31708E-05 -1.77054E-04  1.62422E-05
    9864.135    -66.387  -3.950 -5.54657E-05 -1.78991E-04  2.11466E-04
    9865.630    -64.892  -3.900 -5.71023E-05 -1.80709E-04  7.50967E-04
    9867.106    -63.416  -3.850 -5.87390E-05 -1.82426E-04  1.23451E-03
    9868.564    -61.958  -3.800 -6.03757E-05 -1.84144E-04  1.53929E-03
    9870.002    -60.520  -3.750 -6.20124E-05 -1.85862E-04  1.56628E-03
    9871.421    -59.101  -3.700 -6.36490E-05 -1.87580E-04  1.26654E-03
    9872.821    -57.701  -3.650 -6.52857E-05 -1.89298E-04  6.58485E-04
    9874.202    -56.319  -3.600 -6.69224E-05 -1.91016E-04 -1.68558E-04
    9875.564    -54.957  -3.550 -6.85591E-05 -1.92734E-04 -1.06655E-03
    9876.907    -53.614  -3.500 -7.01958E-05 -1.94451E-04 -1.85518E-03
    9878.231    -52.290  -3.450 -7.18324E-05 -1.96169E-04 -2.35791E-03
    9879.536    -50.985  -3.400 -7.34691E-05 -1.97887E-04 -2.44034E-03
    9880.822    -49.700  -3.350 -7.51058E-05 -1.99605E-04 -2.04284E-03
    9882.089    -48.433  -3.300 -7.67425E-05 -2.01323E-04 -1.19990E-03
    9883.337    -47.185  -3.250 -7.83791E-05 -2.03041E-04 -4.10688E-05
    9884.566    -45.956  -3.200 -7.75601E-05 -2.04381E-04  1.29953E-03
    9885.775    -44.747  -3.150 -7.61404E-05 -2.05629E-04  3.16963E-03
    9886.966    -43.556  -3.100 -7.47207E-05 -2.06877E-04  5.27636E-03
    9888.137    -42.384  -3.050 -7.33010E-05 -2.08124E-04  7.18038E-03
    9889.290    -41.232  -3.000 -7.18814E-05 -2.09372E-04  8.42368E-03
    9890.423    -40.098  -2.950 -7.04617E-05 -2.10620E-04  8.60968E-03
    9891.538    -38.984  -2.900 -6.90420E-05 -2.11868E-04  7.47562E-03
    9892.633    -37.889  -2.850 -6.76223E-05 -2.13116E-04  4.94664E-03
    9893.710    -36.812  -2.800 -6.62027E-05 -2.14364E-04  1.16432E-03
    9894.767    -35.755  -2.750 -6.47830E-05 -2.15611E-04 -3.51403E-03
    9895.805    -34.717  -2.700 -6.33633E-05 -2.16859E-04 -8.54627E-03
    9896.824    -33.698  -2.650 -6.19436E-05 -2.18107E-04 -1.32646E-02
    9897.824    -32.698  -2.600 -6.05240E-05 -2.19355E-04 -1.69582E-02
    9898.805    -31.717  -2.550 -5.91043E-05 -2.20603E-04 -1.89720E-02
    9899.767    -30.754  -2.500 -5.76846E-05 -2.21851E-04 -1.88085E-02
    9900.710    -29.812  -2.450 -5.62649E-05 -2.23098E-04 -1.62187E-02
    9901.634    -28.888  -2.400 -5.48453E-05 -2.24346E-04 -1.12661E-02
    9902.539    -27.983  -2.350 -5.34256E-05 -2.25594E-04 -4.34902E-03
    9903.425    -27.097  -2.300 -5.20059E-05 -2.26842E-04  3.82567E-03
    9904.292    -26.230  -2.250 -5.42998E-05 -2.27596E-04  7.96182E-01
    9905.139    -25.382  -2.200 -5.73923E-05 -2.28244E-04  1.73011E+00
    9905.968    -24.554  -2.150 -6.04849E-05 -2.28892E-04  1.86524E+00
    9906.778    -23.744  -2.100 -6.35775E-05 -2.29540E-04  8.21894E-01
    9907.568    -22.954  -2.050 -6.66701E-05 -2.30188E-04 -1.10925E+00
    9908.340    -22.182  -2.000 -6.97626E-05 -2.30837E-04 -3.12950E+00
    9909.092    -21.430  -1.950 -7.28552E-05 -2.31485E-04 -4.37431E+00
    9909.826    -20.696  -1.900 -7.59478E-05 -2.32133E-04 -4.36189E+00
    9910.540    -19.982  -1.850 -7.90403E-05 -2.32781E-04 -3.18971E+00
    9911.235    -19.286  -1.800 -8.21329E-05 -2.33429E-04 -1.39340E+00
    9911.912    -18.610  -1.750 -8.52255E-05 -2.34077E-04  4.05261E-01
    9912.569    -17.953  -1.700 -8.83180E-05 -2.34725E-04  1.81936E+00
    9913.207    -17.315  -1.650 -9.14106E-05 -2.35373E-04  2.79400E+00
    9913.826    -16.696  -1.600 -9.83511E-05 -2.35864E-04  6.87027E+00
    9914.426    -16.096  -1.550 -1.12442E-04 -2.36068E-04 -1.38943E+01
    9915.007    -15.515  -1.500 -1.28445E-04 -2.36188E-04  5.89768E-01
    9915.569    -14.953  -1.450 -1.45934E-04 -2.36216E-04  5.25993E+00
    9916.112    -14.410  -1.400 -1.64011E-04 -2.36142E-04  3.39627E+00
    9916.636    -13.886  -1.350 -1.80984E-04 -2.35957E-04  2.59251E+00
    9917.141    -13.381  -1.300 -1.93863E-04 -2.35645E-04  2.82284E+00
    9917.627    -12.895  -1.250 -1.97961E-04 -2.35191E-04  3.41835E+00
    9918.093    -12.428  -1.200 -1.88821E-04 -2.34576E-04  1.51459E+00
    9918.541    -11.981  -1.150 -1.65561E-04 -2.33777E-04 -3.31364E+00
    9918.970    -11.552  -1.100 -1.30452E-04 -2.32769E-04 -7.22855E+00
    9919.379    -11.143  -1.050 -8.60409E-05 -2.31517E-04 -6.49778E+00
    9919.770    -10.752  -1.000 -3.50956E-05 -2.29980E-04 -7.35734E-02
    9920.141    -10.381  -0.950  1.94827E-05 -2.28110E-04  7.66632E+00
    9920.494    -10.028  -0.900  7.49578E-05 -2.25855E-04  1.08960E+01
    9920.827     -9.695  -0.850  1.29031E-04 -2.23136E-04  7.45446E+00
    9921.141     -9.380  -0.800  1.80040E-04 -2.19878E-04  6.07588E-02
    9921.437     -9.085  -0.750  2.26916E-04 -2.15980E-04 -6.51752E+00
    9921.713     -8.809  -0.700  2.69292E-04 -2.11336E-04 -9.19800E+00
    9921.970     -8.552  -0.650  3.07289E-04 -2.05839E-04 -7.93959E+00
    9922.208     -8.314  -0.600  3.41151E-04 -1.99350E-04 -4.59495E+00
    9922.427     -8.095  -0.550  3.71552E-04 -1.91817E-04 -1.05400E+00
    9922.627     -7.895  -0.500  3.99021E-04 -1.83236E-04  1.64100E+00
    9922.808     -7.714  -0.450  4.24004E-04 -1.73728E-04  3.24257E+00
    9922.970     -7.552  -0.400  4.46726E-04 -1.63563E-04  3.93319E+00
    9923.113     -7.409  -0.350  4.67063E-04 -1.53191E-04  4.01843E+00
    9923.237     -7.285  -0.300  4.85029E-04 -1.43176E-04  3.77824E+00
    9923.342     -7.180  -0.250  5.00352E-04 -1.34069E-04  3.40500E+00
    9923.427     -7.094  -0.200  5.12704E-04 -1.26389E-04  3.02300E+00
    9923.494     -7.028  -0.150  5.40662E-04 -1.01829E-04  2.69645E+00
    9923.542     -6.980  -0.100  6.22476E-04 -2.15496E-05  2.53367E+00
    9923.570     -6.952  -0.050  7.04289E-04  5.87303E-05  2.36584E+00
    9923.580     -6.942   0.000  7.86103E-04  1.39010E-04  2.19379E+00
    9923.589     -6.933   0.050  7.43553E-04  1.43324E-04  2.03063E+00
    9923.618     -6.904   0.100  6.99544E-04  1.47124E-04  1.86497E+00
    9923.666     -6.856   0.150  6.54784E-04  1.50924E-04  1.69747E+00
    9923.732     -6.790   0.200  5.62099E-04  1.58049E-04  1.35575E+00
    9923.818     -6.704   0.250  4.41390E-04  1.66880E-04  9.16502E-01
    9923.923     -6.599   0.300  2.98110E-04  1.77021E-04  4.01987E-01
    9924.047     -6.475   0.350  1.42649E-04  1.88073E-04 -1.49887E-01
    9924.189     -6.332   0.400 -1.20059E-05  1.99516E-04 -6.93708E-01
    9924.351     -6.171   0.450 -1.51344E-04  2.10800E-04 -1.18074E+00
    9924.532     -5.990   0.500 -2.59166E-04  2.21462E-04 -1.55866E+00
    9924.732     -5.790   0.550 -3.24230E-04  2.31197E-04 -1.79301E+00
    9924.951     -5.570   0.600 -3.40910E-04  2.39833E-04 -1.86805E+00
    9925.190     -5.332   0.650 -3.10401E-04  2.47318E-04 -1.78976E+00
    9925.447     -5.075   0.700 -2.40330E-04  2.53639E-04 -1.58366E+00
    9925.723     -4.799   0.750 -1.42587E-04  2.58884E-04 -1.28778E+00
    9926.018     -4.504   0.800 -3.11060E-05  2.63116E-04 -9.45706E-01
    9926.333     -4.189   0.850  8.07453E-05  2.66404E-04 -5.98923E-01
    9926.666     -3.856   0.900  1.81730E-04  2.68827E-04 -2.82431E-01
    9927.018     -3.504   0.950  2.65199E-04  2.70440E-04 -1.71101E-02
    9927.390     -3.132   1.000  3.25754E-04  2.71341E-04  1.79079E-01
    9927.780     -2.742   1.050  3.63511E-04  2.71581E-04  3.05410E-01
    9928.190     -2.332   1.100  3.80369E-04  2.71236E-04  3.66441E-01
    9928.618     -1.903   1.150  3.80188E-04  2.70378E-04  3.73045E-01
    9929.066     -1.456   1.200  3.67752E-04  2.69077E-04  3.39472E-01
    9929.533     -0.989   1.250  3.48226E-04  2.67394E-04  2.81828E-01
    9930.019     -0.503   1.300  3.26555E-04  2.65397E-04  2.16241E-01
    9930.523      0.002   1.350  3.06807E-04  2.63143E-04  1.56642E-01
    9931.047      0.525   1.400  2.91748E-04  2.60681E-04  1.13125E-01
    9931.590      1.068   1.450  2.82698E-04  2.58070E-04  9.10454E-02
    9932.152      1.630   1.500  2.79440E-04  2.55343E-04  9.04488E-02
    9932.733      2.211   1.550  2.80508E-04  2.52549E-04  1.06565E-01
    9933.333      2.811   1.600  2.83661E-04  2.49721E-04  1.31345E-01
    9933.952      3.431   1.650  2.86460E-04  2.46886E-04  1.55474E-01
    9934.591      4.069   1.700  2.86916E-04  2.44076E-04  1.70822E-01
    9935.248      4.726   1.750  2.83945E-04  2.41303E-04  1.72516E-01
    9935.924      5.402   1.800  2.77575E-04  2.38596E-04  1.59950E-01
    9936.619      6.098   1.850  2.68808E-04  2.35961E-04  1.36650E-01
    9937.334      6.812   1.900  2.59208E-04  2.33413E-04  1.08743E-01
    9938.067      7.545   1.950  2.50309E-04  2.30963E-04  8.26067E-02
    9938.820      8.298   2.000  2.43092E-04  2.28607E-04  6.26043E-02
    9939.591      9.069   2.050  2.38165E-04  2.26328E-04  5.17574E-02
    9940.382      9.860   2.100  2.35245E-04  2.24075E-04  4.94186E-02
    9941.191     10.670   2.150  2.33674E-04  2.21848E-04  5.29496E-02
    9942.020     11.498   2.200  2.32788E-04  2.19766E-04  5.90015E-02
    9942.868     12.346   2.250  2.32620E-04  2.18546E-04  6.44360E-02
    9943.735     13.213   2.300  2.32851E-04  2.18324E-04  6.69790E-02
    9944.620     14.099   2.350  2.33109E-04  2.18865E-04  6.59246E-02
    9945.525     15.003   2.400  2.33603E-04  2.20134E-04  6.24599E-02
    9946.449     15.927   2.450  2.33475E-04  2.20807E-04  5.88242E-02
    9947.392     16.870   2.500  2.32372E-04  2.20841E-04  5.36725E-02
    9948.354     17.832   2.550  2.30393E-04  2.20550E-04  4.59622E-02
    9949.335     18.813   2.600  2.27659E-04  2.20120E-04  3.53173E-02
    9950.335     19.814   2.650  2.24318E-04  2.19639E-04  2.19800E-02
    9951.355     20.833   2.700  2.20528E-04  2.19152E-04  6.47807E-03
    9952.393     21.871   2.750  2.16460E-04  2.18695E-04 -1.05420E-02
    9953.450     22.928   2.800  2.12295E-04  2.18300E-04 -2.83618E-02
    9954.526     24.005   2.850  2.08221E-04  2.18009E-04 -4.62450E-02
    9955.622     25.100   2.900  2.04335E-04  2.17796E-04 -6.35654E-02
    9956.736     26.214   2.950  2.00750E-04  2.17650E-04 -7.97196E-02
    9957.870     27.348   3.000  1.97605E-04  2.17557E-04 -9.39852E-02
    9959.022     28.500   3.050  1.95070E-04  2.17524E-04 -1.05580E-01
    9960.194     29.672   3.100  1.93310E-04  2.17541E-04 -1.13698E-01
    9961.384     30.862   3.150  1.92490E-04  2.17616E-04 -1.17619E-01
    9962.594     32.072   3.200  1.92731E-04  2.17741E-04 -1.16765E-01
    9963.823     33.301   3.250  1.94089E-04  2.17910E-04 -1.10894E-01
    9965.071     34.549   3.300  1.96548E-04  2.18126E-04 -1.00150E-01
    9966.337     35.815   3.350  1.99999E-04  2.18384E-04 -8.50546E-02
    9967.623     37.101   3.400  2.04239E-04  2.18673E-04 -6.65584E-02
    9968.928     38.406   3.450  2.09013E-04  2.19005E-04 -4.59167E-02
    9970.252     39.730   3.500  2.14007E-04  2.19359E-04 -2.45081E-02
    9971.595     41.073   3.550  2.18936E-04  2.19745E-04 -3.68927E-03
    9972.957     42.435   3.600  2.23533E-04  2.20150E-04  1.53829E-02
    9974.338     43.816   3.650  2.27608E-04  2.20569E-04  3.18979E-02
    9975.738     45.217   3.700  2.31067E-04  2.21005E-04  4.54341E-02
    9977.158     46.636   3.750  2.33887E-04  2.21449E-04  5.59750E-02
    9978.596     48.074   3.800  2.36121E-04  2.21902E-04  6.37780E-02
    9980.053     49.531   3.850  2.37843E-04  2.22347E-04  6.92804E-02
    9981.530     51.008   3.900  2.39159E-04  2.22798E-04  7.29313E-02
    9983.025     52.503   3.950  2.40127E-04  2.23232E-04  7.50900E-02
    9984.540     54.018   4.000  2.40797E-04  2.23660E-04  7.59504E-02
    9986.073     55.551   4.050  2.41154E-04  2.24067E-04  7.55346E-02
    9987.626     57.104   4.100  2.41165E-04  2.24457E-04  7.36836E-02
    9989.197     58.675   4.150  2.40770E-04  2.24826E-04  7.01556E-02
    9990.788     60.266   4.200  2.39895E-04  2.25164E-04  6.46951E-02
    9992.398     61.876   4.250  2.38506E-04  2.25479E-04  5.71066E-02
    9994.026     63.505   4.300  2.36575E-04  2.25753E-04  4.73645E-02
    9995.674     65.152   4.350  2.34156E-04  2.26006E-04  3.56224E-02
    9997.341     66.819   4.400  2.31309E-04  2.26214E-04  2.22439E-02
    9999.027     68.505   4.450  2.28174E-04  2.26392E-04  7.77568E-03
   10000.732     70.210   4.500  2.24900E-04  2.26531E-04 -7.11033E-03
   10002.456     71.934   4.550  2.21663E-04  2.26633E-04 -2.16559E-02
   10004.199     73.677   4.600  2.18635E-04  2.26697E-04 -3.51260E-02
   10005.961     75.439   4.650  2.15969E-04  2.26722E-04 -4.68471E-02
   10007.742     77.220   4.700  2.13798E-04  2.26716E-04 -5.62840E-02
   10009.543     79.021   4.750  2.12197E-04  2.26668E-04 -6.30691E-02
   10011.362     80.840   4.800  2.11225E-04  2.26595E-04 -6.70223E-02
   10013.200     82.678   4.850  2.10871E-04  2.26488E-04 -6.81379E-02
   10015.058     84.536   4.900  2.11100E-04  2.26348E-04 -6.65809E-02
   10016.934     86.412   4.950  2.11851E-04  2.26183E-04 -6.26331E-02
   10018.829     88.308   5.000  2.13039E-04  2.25992E-04 -5.66637E-02
   10020.744     90.222   5.050  2.14574E-04  2.25782E-04 -4.90869E-02
   10022.677     92.156   5.100  2.16358E-04  2.25553E-04 -4.03118E-02
   10024.630     94.108   5.150  2.18306E-04  2.25309E-04 -3.07385E-02
   10026.602     96.080   5.200  2.20334E-04  2.25052E-04 -2.07308E-02
   10028.592     98.071   5.250  2.22372E-04  2.24783E-04 -1.06075E-02
   10030.602    100.080   5.300  2.24356E-04  2.24506E-04 -6.60352E-04
   10032.631    102.109   5.350  2.26239E-04  2.24233E-04  8.84978E-03
   10034.679    104.157   5.400  2.27957E-04  2.23953E-04  1.76824E-02
   10036.746    106.224   5.450  2.29466E-04  2.23675E-04  2.56090E-02
   10038.832    108.310   5.500  2.30723E-04  2.23399E-04  3.24185E-02
   10040.937    110.415   5.550  2.31694E-04  2.23137E-04  3.79224E-02
   10043.061    112.539   5.600  2.32339E-04  2.22881E-04  4.19614E-02
   10045.204    114.682   5.650  2.32636E-04  2.22634E-04  4.44170E-02
   10047.366    116.844   5.700  2.32578E-04  2.22402E-04  4.52275E-02
   10049.547    119.026   5.750  2.32163E-04  2.22184E-04  4.43869E-02
   10051.748    121.226   5.800  2.31404E-04  2.21977E-04  4.19588E-02
   10053.967    123.445   5.850  2.30336E-04  2.21789E-04  3.80687E-02
   10056.205    125.683   5.900  2.29003E-04  2.21620E-04  3.29016E-02
   10058.463    127.941   5.950  2.27457E-04  2.21470E-04  2.66934E-02
   10060.739    130.217   6.000  2.25759E-04  2.21338E-04  1.97191E-02
   10063.035    132.513   6.050  2.23972E-04  2.21220E-04  1.22790E-02
   10065.349    134.827   6.100  2.22171E-04  2.21121E-04  4.68445E-03
   10067.683    137.161   6.150  2.20424E-04  2.21041E-04 -2.75533E-03
   10070.036    139.514   6.200  2.18794E-04  2.20978E-04 -9.74960E-03
   10072.407    141.885   6.250  2.17335E-04  2.20929E-04 -1.60383E-02
   10074.798    144.276   6.300  2.16097E-04  2.20893E-04 -2.14014E-02
   10077.208    146.686   6.350  2.15118E-04  2.20871E-04 -2.56677E-02
   10079.637    149.115   6.400  2.14423E-04  2.20860E-04 -2.87194E-02
   10082.085    151.563   6.450  2.14024E-04  2.20859E-04 -3.04929E-02
   10084.552    154.030   6.500  2.13921E-04  2.20866E-04 -3.09801E-02
   10087.038    156.516   6.550  2.14105E-04  2.20882E-04 -3.02244E-02
   10089.543    159.021   6.600  2.14551E-04  2.20902E-04 -2.83171E-02
   10092.067    161.545   6.650  2.15225E-04  2.20920E-04 -2.53934E-02
   10094.610    164.088   6.700  2.16087E-04  2.20939E-04 -2.16265E-02
   10097.172    166.650   6.750  2.17098E-04  2.20961E-04 -1.72182E-02
   10099.753    169.232   6.800  2.18198E-04  2.20978E-04 -1.23903E-02
   10102.354    171.832   6.850  2.19331E-04  2.20985E-04 -7.37363E-03
   10104.973    174.451   6.900  2.20447E-04  2.20984E-04 -2.39242E-03
   10107.612    177.090   6.950  2.21504E-04  2.20978E-04  2.34789E-03
   10110.269    179.747   7.000  2.22457E-04  2.20961E-04  6.67311E-03
   10112.946    182.424   7.050  2.23270E-04  2.20929E-04  1.04480E-02
   10115.641    185.119   7.100  2.23927E-04  2.20883E-04  1.35827E-02
   10118.356    187.834   7.150  2.24416E-04  2.20826E-04  1.60281E-02
   10121.089    190.567   7.200  2.24728E-04  2.20751E-04  1.77717E-02
   10123.842    193.320   7.250  2.24869E-04  2.20658E-04  1.88288E-02
   10126.614    196.092   7.300  2.24849E-04  2.20551E-04  1.92315E-02
   10129.405    198.883   7.350  2.24672E-04  2.20425E-04  1.90191E-02
   10132.215    201.693   7.400  2.24349E-04  2.20282E-04  1.82337E-02
   10135.043    204.522   7.450  2.23892E-04  2.20123E-04  1.69171E-02
   10137.891    207.370   7.500  2.23309E-04  2.19946E-04  1.51128E-02
   10140.758    210.237   7.550  2.22613E-04  2.19752E-04  1.28707E-02
   10143.644    213.123   7.600  2.21820E-04  2.19545E-04  1.02511E-02
   10146.550    216.028   7.650  2.20944E-04  2.19319E-04  7.32994E-03
   10149.474    218.952   7.700  2.20014E-04  2.19084E-04  4.20017E-03
   10152.417    221.895   7.750  2.19051E-04  2.18836E-04  9.69559E-04
   10155.379    224.857   7.800  2.18078E-04  2.18573E-04 -2.24288E-03
   10158.361    227.839   7.850  2.17134E-04  2.18305E-04 -5.31456E-03
   10161.361    230.839   7.900  2.16239E-04  2.18027E-04 -8.12667E-03
   10164.380    233.858   7.950  2.15420E-04  2.17742E-04 -1.05717E-02
   10167.419    236.897   8.000  2.14694E-04  2.17448E-04 -1.25603E-02
   10170.476    239.954   8.050  2.14083E-04  2.17153E-04 -1.40224E-02
   10173.553    243.031   8.100  2.13599E-04  2.16857E-04 -1.49117E-02
   10176.648    246.127   8.150  2.13245E-04  2.16562E-04 -1.52036E-02
   10179.763    249.241   8.200  2.13024E-04  2.16268E-04 -1.48948E-02
   10182.897    252.375   8.250  2.12934E-04  2.15979E-04 -1.40033E-02
   10186.050    255.528   8.300  2.12959E-04  2.15688E-04 -1.25670E-02
   10189.221    258.700   8.350  2.13102E-04  2.15410E-04 -1.06436E-02
   10192.412    261.890   8.400  2.13335E-04  2.15134E-04 -8.31222E-03
   10195.622    265.100   8.450  2.13636E-04  2.14862E-04 -5.67178E-03
   10198.851    268.329   8.500  2.13992E-04  2.14605E-04 -2.83955E-03
   10202.099    271.577   8.550  2.14363E-04  2.14352E-04  5.30773E-05
   10205.366    274.844   8.600  2.14731E-04  2.14114E-04  2.86715E-03
   10208.652    278.130   8.650  2.15056E-04  2.13881E-04  5.46465E-03
   10211.957    281.436   8.700  2.15321E-04  2.13663E-04  7.71939E-03
   10215.282    284.760   8.750  2.15494E-04  2.13451E-04  9.52537E-03
   10218.625    288.103   8.800  2.15568E-04  2.13253E-04  1.08057E-02
   10221.987    291.465   8.850  2.15526E-04  2.13060E-04  1.15184E-02
   10225.369    294.847   8.900  2.15375E-04  2.12882E-04  1.16578E-02
   10228.769    298.247   8.950  2.15114E-04  2.12709E-04  1.12525E-02
   10232.189    301.667   9.000  2.14763E-04  2.12551E-04  1.03610E-02
   10235.627    305.105   9.050  2.14328E-04  2.12395E-04  9.06340E-03
   10239.085    308.563   9.100  2.13839E-04  2.12250E-04  7.45359E-03
   10242.561    312.039   9.150  2.13312E-04  2.12113E-04  5.63080E-03
   10246.057    315.535   9.200  2.12762E-04  2.11977E-04  3.69273E-03
   10249.572    319.050   9.250  2.12216E-04  2.11849E-04  1.73033E-03
   10253.105    322.583   9.300  2.11684E-04  2.11722E-04 -1.75362E-04
   10256.658    326.136   9.350  2.11182E-04  2.11597E-04 -1.95510E-03
   10260.230    329.708   9.400  2.10718E-04  2.11471E-04 -3.55157E-03
   10263.821    333.299   9.450  2.10308E-04  2.11350E-04 -4.91848E-03
   10267.431    336.909   9.500  2.09950E-04  2.11225E-04 -6.02108E-03
   10271.060    340.538   9.550  2.09652E-04  2.11098E-04 -6.83492E-03
   10274.708    344.186   9.600  2.09415E-04  2.10968E-04 -7.34547E-03
   10278.375    347.853   9.650  2.09244E-04  2.10838E-04 -7.54839E-03
   10282.061    351.539   9.700  2.09122E-04  2.10694E-04 -7.44933E-03
   10285.766    355.245   9.750  2.09061E-04  2.10551E-04 -7.06383E-03
   10289.491    358.969   9.800  2.09045E-04  2.10397E-04 -6.41675E-03
   10293.234    362.712   9.850  2.09070E-04  2.10236E-04 -5.54196E-03
   10296.996    366.474   9.900  2.09126E-04  2.10068E-04 -4.48082E-03
   10300.778    370.256   9.950  2.09205E-04  2.09894E-04 -3.28082E-03
   10304.578    374.056  10.000  2.09288E-04  2.09706E-04 -1.99413E-03
   10308.398    377.876  10.050  2.09373E-04  2.09514E-04 -6.74889E-04
   10312.236    381.714  10.100  2.09438E-04  2.09308E-04  6.22464E-04
   10316.094    385.572  10.150  2.09484E-04  2.09098E-04  1.84573E-03
   10319.971    389.449  10.200  2.09488E-04  2.08872E-04  2.94754E-03
   10323.866    393.344  10.250  2.09454E-04  2.08643E-04  3.88664E-03
   10327.781    397.259  10.300  2.09368E-04  2.08404E-04  4.63025E-03
   10331.715    401.193  10.350  2.09234E-04  2.08162E-04  5.15500E-03
   10335.668    405.146  10.400  2.09045E-04  2.07913E-04  5.44760E-03
   10339.640    409.118  10.450  2.08798E-04  2.07656E-04  5.50546E-03
   10343.631    413.109  10.500  2.08502E-04  2.07397E-04  5.33564E-03
   10347.641    417.119  10.550  2.08156E-04  2.07130E-04  4.95461E-03
   10351.670    421.148  10.600  2.07774E-04  2.06867E-04  4.38682E-03
   10355.718    425.196  10.650  2.07356E-04  2.06599E-04  3.66349E-03
   10359.785    429.263  10.700  2.06914E-04  2.06333E-04  2.82104E-03
   10363.871    433.349  10.750  2.06456E-04  2.06065E-04  1.89885E-03
   10367.976    437.454  10.800  2.05990E-04  2.05797E-04  9.38219E-04
   10372.101    441.579  10.850  2.05533E-04  2.05537E-04 -2.01198E-05
   10376.244    445.722  10.900  2.05086E-04  2.05278E-04 -9.37022E-04
   10380.406    449.885  10.950  2.04656E-04  2.05020E-04 -1.77690E-03
   10384.588    454.066  11.000  2.04257E-04  2.04770E-04 -2.50906E-03
   10388.788    458.267  11.050  2.03888E-04  2.04524E-04 -3.10852E-03
   10393.008    462.486  11.100  2.03558E-04  2.04285E-04 -3.55694E-03
   10397.247    466.725  11.150  2.03263E-04  2.04047E-04 -3.84275E-03
   10401.504    470.982  11.200  2.03009E-04  2.03817E-04 -3.96138E-03
   10405.781    475.259  11.250  2.02794E-04  2.03591E-04 -3.91480E-03
   10410.077    479.555  11.300  2.02617E-04  2.03372E-04 -3.71108E-03
   10414.391    483.870  11.350  2.02479E-04  2.03163E-04 -3.36368E-03
   10418.725    488.203  11.400  2.02369E-04  2.02956E-04 -2.89098E-03
   10423.078    492.556  11.450  2.02287E-04  2.02757E-04 -2.31509E-03
   10427.450    496.928  11.500  2.02222E-04  2.02559E-04 -1.66164E-03
   10431.841    501.319  11.550  2.02176E-04  2.02370E-04 -9.58590E-04
   10436.251    505.729  11.600  2.02136E-04  2.02184E-04 -2.35453E-04
   10440.680    510.158  11.650  2.02101E-04  2.02004E-04  4.77218E-04
   10445.129    514.607  11.700  2.02058E-04  2.01826E-04  1.14956E-03
   10449.596    519.074  11.750  2.02001E-04  2.01647E-04  1.75279E-03
   10454.082    523.560  11.800  2.01926E-04  2.01470E-04  2.26145E-03
   10458.587    528.065  11.850  2.01834E-04  2.01299E-04  2.65398E-03
   10463.112    532.590  11.900  2.01712E-04  2.01124E-04  2.91459E-03
   10467.655    537.133  11.950  2.01564E-04  2.00953E-04  3.03389E-03
   10472.218    541.696  12.000  2.01383E-04  2.00777E-04  3.00982E-03
   10476.799    546.277  12.050  2.01178E-04  2.00605E-04  2.84761E-03
   10481.400    550.878  12.100  2.00941E-04  2.00426E-04  2.55972E-03
   10486.019    555.497  12.150  2.00674E-04  2.00240E-04  2.16469E-03
   10490.658    560.136  12.200  2.00395E-04  2.00057E-04  1.68590E-03
   10495.316    564.794  12.250  2.00098E-04  1.99867E-04  1.14979E-03
   10499.992    569.470  12.300  1.99787E-04  1.99670E-04  5.84477E-04
   10504.688    574.166  12.350  1.99472E-04  1.99468E-04  1.75623E-05
   10509.403    578.881  12.400  1.99155E-04  1.99260E-04 -5.24657E-04
   10514.137    583.615  12.450  1.98847E-04  1.99050E-04 -1.01911E-03
   10518.890    588.368  12.500  1.98541E-04  1.98830E-04 -1.44630E-03
   10523.662    593.140  12.550  1.98244E-04  1.98601E-04 -1.79075E-03
   10528.453    597.931  12.600  1.97958E-04  1.98364E-04 -2.04158E-03
   10533.263    602.741  12.650  1.97689E-04  1.98125E-04 -2.19241E-03
   10538.092    607.570  12.700  1.97437E-04  1.97882E-04 -2.24127E-03
   10542.940    612.418  12.750  1.97194E-04  1.97628E-04 -2.19050E-03
   10547.808    617.286  12.800  1.96969E-04  1.97374E-04 -2.04637E-03
   10552.694    622.172  12.850  1.96748E-04  1.97107E-04 -1.81883E-03
   10557.599    627.077  12.900  1.96538E-04  1.96838E-04 -1.52115E-03
   10562.524    632.002  12.950  1.96336E-04  1.96566E-04 -1.16902E-03
   10567.467    636.945  13.000  1.96135E-04  1.96288E-04 -7.79971E-04
   10572.430    641.908  13.050  1.95936E-04  1.96009E-04 -3.72698E-04
   10577.411    646.889  13.100  1.95736E-04  1.95729E-04  3.41257E-05
   10582.412    651.890  13.150  1.95524E-04  1.95442E-04  4.22521E-04
   10587.431    656.910  13.200  1.95311E-04  1.95159E-04  7.76139E-04
   10592.470    661.948  13.250  1.95083E-04  1.94872E-04  1.08104E-03
   10597.528    667.006  13.300  1.94843E-04  1.94585E-04  1.32574E-03
   10602.605    672.083  13.350  1.94594E-04  1.94302E-04  1.50230E-03
   10607.701    677.179  13.400  1.94328E-04  1.94015E-04  1.60602E-03
   10612.815    682.294  13.450  1.94054E-04  1.93736E-04  1.63567E-03
   10617.949    687.428  13.500  1.93766E-04  1.93457E-04  1.59329E-03
   10623.102    692.581  13.550  1.93465E-04  1.93178E-04  1.48380E-03
   10628.274    697.753  13.600  1.93156E-04  1.92902E-04  1.31516E-03
   10633.466    702.944  13.650  1.92845E-04  1.92633E-04  1.09715E-03
   10638.676    708.154  13.700  1.92534E-04  1.92372E-04  8.41563E-04
   10643.905    713.383  13.750  1.92215E-04  1.92107E-04  5.61050E-04
   10649.153    718.631  13.800  1.91906E-04  1.91854E-04  2.68895E-04
   10654.420    723.899  13.850  1.91594E-04  1.91598E-04 -2.17764E-05
   10659.707    729.185  13.900  1.91292E-04  1.91349E-04 -2.98801E-04
   10665.012    734.490  13.950  1.91003E-04  1.91109E-04 -5.50931E-04
   10670.337    739.815  14.000  1.90722E-04  1.90869E-04 -7.68804E-04
   10675.680    745.158  14.050  1.90450E-04  1.90631E-04 -9.44997E-04
   10681.043    750.521  14.100  1.90195E-04  1.90400E-04 -1.07420E-03
   10686.424    755.902  14.150  1.89952E-04  1.90171E-04 -1.15321E-03
   10691.825    761.303  14.200  1.89720E-04  1.89945E-04 -1.18096E-03
   10697.245    766.723  14.250  1.89502E-04  1.89723E-04 -1.15836E-03
   10702.683    772.162  14.300  1.89290E-04  1.89497E-04 -1.08823E-03
   10708.141    777.619  14.350  1.89092E-04  1.89277E-04 -9.74867E-04
   10713.618    783.096  14.400  1.88902E-04  1.89058E-04 -8.24101E-04
   10719.114    788.592  14.450  1.88717E-04  1.88839E-04 -6.42872E-04
   10724.629    794.107  14.500  1.88536E-04  1.88619E-04 -4.39190E-04
   10730.163    799.641  14.550  1.88358E-04  1.88400E-04 -2.21759E-04
   10735.716    805.194  14.600  1.88172E-04  1.88172E-04  1.22659E-07
   10741.288    810.766  14.650  1.87990E-04  1.87949E-04  2.17015E-04
   10746.879    816.357  14.700  1.87801E-04  1.87722E-04  4.19667E-04
   10752.489    821.968  14.750  1.87604E-04  1.87491E-04  5.99463E-04
   10758.119    827.597  14.800  1.87396E-04  1.87255E-04  7.48679E-04
   10763.767    833.245  14.850  1.87184E-04  1.87022E-04  8.61028E-04
   10769.434    838.913  14.900  1.86955E-04  1.86781E-04  9.31852E-04
   10775.121    844.599  14.950  1.86711E-04  1.86532E-04  9.58508E-04
   10780.826    850.304  15.000  1.86458E-04  1.86282E-04  9.40671E-04
   10786.551    856.029  15.050  1.86188E-04  1.86024E-04  8.79994E-04
   10792.294    861.772  15.100  1.85910E-04  1.85765E-04  7.80478E-04
   10798.057    867.535  15.150  1.85625E-04  1.85504E-04  6.47784E-04
   10803.839    873.317  15.200  1.85327E-04  1.85236E-04  4.89178E-04
   10809.639    879.117  15.250  1.85022E-04  1.84964E-04  3.12996E-04
   10815.459    884.937  15.300  1.84709E-04  1.84685E-04  1.28226E-04
   10821.298    890.776  15.350  1.84395E-04  1.84406E-04 -5.60014E-05
   10827.156    896.634  15.400  1.84083E-04  1.84126E-04 -2.31181E-04
   10833.033    902.511  15.450  1.83766E-04  1.83837E-04 -3.89348E-04
   10838.928    908.407  15.500  1.83452E-04  1.83548E-04 -5.23958E-04
   10844.843    914.322  15.550  1.83141E-04  1.83256E-04 -6.29831E-04
   10850.778    920.256  15.600  1.82837E-04  1.82966E-04 -7.03360E-04
   10856.731    926.209  15.650  1.82532E-04  1.82668E-04 -7.42857E-04
   10862.703    932.181  15.700  1.82240E-04  1.82377E-04 -7.48091E-04
   10868.694    938.172  15.750  1.81947E-04  1.82079E-04 -7.20631E-04
   10874.704    944.182  15.800  1.81667E-04  1.81788E-04 -6.63307E-04
   10880.734    950.212  15.850  1.81385E-04  1.81490E-04 -5.80062E-04
   10886.782    956.260  15.900  1.81113E-04  1.81200E-04 -4.75947E-04
   10892.849    962.327  15.950  1.80845E-04  1.80910E-04 -3.56472E-04
   10898.936    968.414  16.000  1.80579E-04  1.80621E-04 -2.27495E-04
   10905.041    974.519  16.050  1.80314E-04  1.80331E-04 -9.50064E-05
   10911.166    980.644  16.100  1.80051E-04  1.80045E-04  3.53045E-05
   10917.309    986.788  16.150  1.79793E-04  1.79765E-04  1.58099E-04
   10923.472    992.950  16.200  1.79534E-04  1.79486E-04  2.68736E-04
   10929.654    999.132  16.250  1.79274E-04  1.79209E-04  3.63241E-04
   10935.854   1005.333  16.300  1.79016E-04  1.78937E-04  4.38690E-04
   10942.074   1011.552  16.350  1.78757E-04  1.78669E-04  4.92805E-04
   10948.313   1017.791  16.400  1.78495E-04  1.78401E-04  5.24489E-04
   10954.571   1024.049  16.450  1.78236E-04  1.78140E-04  5.33398E-04
   10960.848   1030.326  16.500  1.77974E-04  1.77881E-04  5.20131E-04
   10967.144   1036.622  16.550  1.77708E-04  1.77622E-04  4.86260E-04
   10973.459   1042.937  16.600  1.77442E-04  1.77365E-04  4.34072E-04
   10979.793   1049.271  16.650  1.77178E-04  1.77113E-04  3.66434E-04
   10986.146   1055.624  16.700  1.76914E-04  1.76863E-04  2.86822E-04
   10992.518   1061.997  16.750  1.76648E-04  1.76613E-04  1.98982E-04
   10998.910   1068.388  16.800  1.76383E-04  1.76364E-04  1.06935E-04
   11005.320   1074.798  16.850  1.76117E-04  1.76114E-04  1.47116E-05
   11011.749   1081.227  16.900  1.75852E-04  1.75865E-04 -7.38450E-05
   11018.198   1087.676  16.950  1.75588E-04  1.75616E-04 -1.55236E-04
   11024.665   1094.143  17.000  1.75327E-04  1.75366E-04 -2.26472E-04
   11031.152   1100.630  17.050  1.75067E-04  1.75117E-04 -2.85057E-04
   11037.657   1107.135  17.100  1.74809E-04  1.74867E-04 -3.29147E-04
   11044.182   1113.660  17.150  1.74547E-04  1.74609E-04 -3.57518E-04
   11050.725   1120.204  17.200  1.74294E-04  1.74358E-04 -3.69869E-04
   11057.288   1126.766  17.250  1.74036E-04  1.74100E-04 -3.66264E-04
   11063.870   1133.348  17.300  1.73779E-04  1.73840E-04 -3.47625E-04
   11070.471   1139.949  17.350  1.73517E-04  1.73572E-04 -3.15308E-04
   11077.091   1146.569  17.400  1.73256E-04  1.73303E-04 -2.71250E-04
   11083.729   1153.208  17.450  1.73001E-04  1.73039E-04 -2.17684E-04
   11090.387   1159.866  17.500  1.72734E-04  1.72761E-04 -1.57222E-04
   11097.064   1166.543  17.550  1.72474E-04  1.72490E-04 -9.26940E-05
   11103.760   1173.239  17.600  1.72204E-04  1.72209E-04 -2.69979E-05
   11110.476   1179.954  17.650  1.71929E-04  1.71923E-04  3.69966E-05
   11117.210   1186.688  17.700  1.71657E-04  1.71640E-04  9.66375E-05
   11123.963   1193.441  17.750  1.71377E-04  1.71351E-04  1.49376E-04
   11130.735   1200.213  17.800  1.71094E-04  1.71061E-04  1.93331E-04
   11137.526   1207.005  17.850  1.70802E-04  1.70763E-04  2.26738E-04
   11144.337   1213.815  17.900  1.70515E-04  1.70472E-04  2.48701E-04
   11151.166   1220.644  17.950  1.70218E-04  1.70174E-04  2.58708E-04
   11158.015   1227.493  18.000  1.69918E-04  1.69874E-04  2.56886E-04
   11164.882   1234.360  18.050  1.69616E-04  1.69575E-04  2.43969E-04
   11171.769   1241.247  18.100  1.69312E-04  1.69275E-04  2.21069E-04
   11178.674   1248.152  18.150  1.68999E-04  1.68967E-04  1.89753E-04
   11185.599   1255.077  18.200  1.68692E-04  1.68667E-04  1.51841E-04
   11192.543   1262.021  18.250  1.68386E-04  1.68367E-04  1.09396E-04
   11199.505   1268.984  18.300  1.68078E-04  1.68068E-04  6.44304E-05
   11206.487   1275.965  18.350  1.67772E-04  1.67768E-04  1.90576E-05
   11213.488   1282.966  18.400  1.67465E-04  1.67469E-04 -2.48622E-05
   11220.508   1289.986  18.450  1.67167E-04  1.67178E-04 -6.54629E-05
   11227.547   1297.025  18.500  1.66864E-04  1.66880E-04 -1.01324E-04
   11234.605   1304.083  18.550  1.66568E-04  1.66590E-04 -1.31147E-04
   11241.682   1311.160  18.600  1.66275E-04  1.66300E-04 -1.54054E-04
   11248.778   1318.256  18.650  1.65983E-04  1.66011E-04 -1.69415E-04
   11255.893   1325.371  18.700  1.65695E-04  1.65725E-04 -1.76933E-04
   11263.027   1332.505  18.750  1.65413E-04  1.65442E-04 -1.76697E-04
   11270.181   1339.659  18.800  1.65129E-04  1.65157E-04 -1.68988E-04
   11277.353   1346.831  18.850  1.64854E-04  1.64879E-04 -1.54525E-04
   11284.544   1354.022  18.900  1.64585E-04  1.64607E-04 -1.34165E-04
   11291.755   1361.233  18.950  1.64313E-04  1.64331E-04 -1.08993E-04
   11298.984   1368.462  19.000  1.64046E-04  1.64059E-04 -8.03398E-05
   11306.233   1375.711  19.050  1.63781E-04  1.63789E-04 -4.95156E-05
   11313.500   1382.978  19.100  1.63519E-04  1.63522E-04 -1.80106E-05
   11320.787   1390.265  19.150  1.63256E-04  1.63254E-04  1.28104E-05
   11328.092   1397.570  19.200  1.62992E-04  1.62985E-04  4.15381E-05
   11335.417   1404.895  19.250  1.62734E-04  1.62723E-04  6.70446E-05
   11342.761   1412.239  19.300  1.62471E-04  1.62457E-04  8.83108E-05
   11350.124   1419.602  19.350  1.62212E-04  1.62195E-04  1.04498E-04
   11357.505   1426.984  19.400  1.61947E-04  1.61928E-04  1.15184E-04
   11364.906   1434.384  19.450  1.61680E-04  1.61661E-04  1.20131E-04
   11372.326   1441.804  19.500  1.61418E-04  1.61399E-04  1.19444E-04
   11379.765   1449.243  19.550  1.61148E-04  1.61130E-04  1.13427E-04
   11387.223   1456.701  19.600  1.60878E-04  1.60862E-04  1.02794E-04
   11394.700   1464.179  19.650  1.60607E-04  1.60593E-04  8.82863E-05
   11402.197   1471.675  19.700  1.60330E-04  1.60319E-04  7.09425E-05
   11409.712   1479.190  19.750  1.60056E-04  1.60048E-04  5.17581E-05
   11417.246   1486.724  19.800  1.59776E-04  1.59771E-04  3.18051E-05
   11424.799   1494.277  19.850  1.59497E-04  1.59495E-04  1.20965E-05
   11432.372   1501.850  19.900  1.59219E-04  1.59220E-04 -6.50274E-06
   11439.963   1509.441  19.950  1.58942E-04  1.58946E-04 -2.32340E-05
