# r  chir_mag  chir_re  chir_im
0.000000000000000000e+00 2.646193846114470657e-02 -2.646193846114470657e-02 0.000000000000000000e+00
3.067961575771282340e-02 2.653176996421947181e-02 -2.616219636922278990e-02 4.412969360021035646e-03
6.135923151542564680e-02 2.673731482589455227e-02 -2.526009327577809563e-02 8.764227963602433391e-03
9.203884727313846326e-02 2.707333280412573678e-02 -2.376020634433505252e-02 1.297759390632836386e-02
1.227184630308512936e-01 2.754904892878853526e-02 -2.169804639104857755e-02 1.697483077066421278e-02
1.533980787885641239e-01 2.820276193194834469e-02 -1.913962442299067465e-02 2.071401838217330413e-02
1.840776945462769265e-01 2.910339947377268977e-02 -1.613678898779831103e-02 2.422007229744089010e-02
2.147573103039897569e-01 3.033143142382512675e-02 -1.265657380382334725e-02 2.756459453296164139e-02
2.454369260617025872e-01 3.194232439569339582e-02 -8.537548148092734962e-03 3.078022676035229929e-02
2.761165418194154175e-01 3.392897897344609309e-02 -3.526937889898341168e-03 3.374516740662797387e-02
3.067961575771282479e-01 3.620441339971461336e-02 2.590074188206499799e-03 3.611164722519621950e-02
3.374757733348410782e-01 3.861542563465516359e-02 9.821066613244191362e-03 3.734565232425059167e-02
3.681553890925538530e-01 4.098116031015644478e-02 1.785223247261326363e-02 3.688838971967350888e-02
3.988350048502666834e-01 4.314146294688344513e-02 2.607149273755179214e-02 3.437241759948085618e-02
4.295146206079795137e-01 4.500023557314989514e-02 3.373959297361899673e-02 2.977685456211761825e-02
4.601942363656923440e-01 4.655137094592094738e-02 4.022769997662709041e-02 2.342567590348696577e-02
4.908738521234051744e-01 4.787534139490176588e-02 4.518588752100956285e-02 1.582036291040970696e-02
5.215534678811180047e-01 4.909667178832420598e-02 4.853479632036168667e-02 7.406532713182017308e-03
5.522330836388308350e-01 5.030384901225601335e-02 5.027946808276616969e-02 -1.565986833261525431e-03
5.829126993965436654e-01 5.145589818718471903e-02 5.027307593964476518e-02 -1.096937982825968091e-02
6.135923151542564957e-01 5.231929458439747022e-02 4.812609200886995564e-02 -2.052286173424031079e-02
6.442719309119693261e-01 5.247221393164575726e-02 4.340353692264858204e-02 -2.948671255824698162e-02
6.749515466696821564e-01 5.138263608183961384e-02 3.608575319317747221e-02 -3.657859629892661751e-02
7.056311624273949867e-01 4.854713480207020759e-02 2.706818934794356230e-02 -4.030058836933092525e-02
7.363107781851077061e-01 4.370220604155965194e-02 1.836327212993575653e-02 -3.965694200995403818e-02
7.669903939428205364e-01 3.723092525677711151e-02 1.273482858620813771e-02 -3.498522454345005112e-02
7.976700097005333667e-01 3.118512174534091713e-02 1.274533477325500049e-02 -2.846169811851344267e-02
8.283496254582461971e-01 3.085517372061423458e-02 1.952298688495995860e-02 -2.389340344988475501e-02
8.590292412159590274e-01 4.087153749169419176e-02 3.178782261835465250e-02 -2.569079426796657545e-02
8.897088569736718577e-01 5.897079667615639370e-02 4.566442217106467943e-02 -3.731374288922720966e-02
9.203884727313846881e-01 8.159755698029784454e-02 5.551488966111116363e-02 -5.980182548273593746e-02
9.510680884890975184e-01 1.066649849044166709e-01 5.556257038759034733e-02 -9.105064402069601437e-02
9.817477042468103487e-01 1.329120949011056707e-01 4.166814859652694797e-02 -1.262116886961673901e-01
1.012427320004523068e+00 1.595697074787436609e-01 1.249235075470605388e-02 -1.590799569948182224e-01
1.043106935762236009e+00 1.863441887542710562e-01 -3.046167165412789340e-02 -1.838375457911780864e-01
1.073786551519948729e+00 2.134824216059396651e-01 -8.388022671386941020e-02 -1.963131475504532597e-01
1.104466167277661670e+00 2.417903715264250741e-01 -1.441177218248041458e-01 -1.941459915087484778e-01
1.135145783035374389e+00 2.725195851844173789e-01 -2.082018056367664349e-01 -1.758378015066073830e-01
1.165825398793087331e+00 3.070840705118927927e-01 -2.736430050424878413e-01 -1.393561342513135459e-01
1.196505014550800050e+00 3.466572877327311897e-01 -3.369772624117606252e-01 -8.134863093924199484e-02
1.227184630308512991e+00 3.917857107132803884e-01 -3.917799372501339361e-01 2.126943203598830566e-03
1.257864246066225711e+00 4.421626000632784548e-01 -4.274358677004059803e-01 1.131651178496260041e-01
1.288543861823938652e+00 4.966189089394231759e-01 -4.298850323060454115e-01 2.486547801981962846e-01
1.319223477581651371e+00 5.532888253212920882e-01 -3.848119775911362783e-01 3.975528469622800487e-01
1.349903093339364313e+00 6.098689198986548821e-01 -2.825832091679655877e-01 5.404505799374127450e-01
1.380582709097077032e+00 6.639069259266394685e-01 -1.231884015394698190e-01 6.523779763446270197e-01
1.411262324854789973e+00 7.130866573880941806e-01 8.094579848474686701e-02 7.084774933987613155e-01
1.441941940612502693e+00 7.554944864494583801e-01 3.058373800557043221e-01 6.908222752750474704e-01
1.472621556370215412e+00 7.898578634641386653e-01 5.207235893318284958e-01 5.939043592949214689e-01
1.503301172127928353e+00 8.157426947344963430e-01 6.953020749889903263e-01 4.266042293844519162e-01
1.533980787885641073e+00 8.336874996669054738e-01 8.068702621678851550e-01 2.097503924429813538e-01
1.564660403643354014e+00 8.452395003005116481e-01 8.447131399497863624e-01 -2.982489001540730017e-02
1.595340019401066733e+00 8.528442389193467976e-01 8.101934693522019337e-01 -2.663265628452457512e-01
1.626019635158779675e+00 8.595370685330805394e-01 7.128590318986508523e-01 -4.802457421185112874e-01
1.656699250916492394e+00 8.684148634107224929e-01 5.646759928599119904e-01 -6.597616221638966660e-01
1.687378866674205335e+00 8.819513199393418379e-01 3.753710098295032216e-01 -7.980819104091548821e-01
1.718058482431918055e+00 9.013387914801184175e-01 1.513372987212607268e-01 -8.885429866036826940e-01
1.748738098189630996e+00 9.261020096604708485e-01 -1.012158745467015980e-01 -9.205543324741397582e-01
1.779417713947343715e+00 9.541410570815790360e-01 -3.704538670647977150e-01 -8.792889679653044244e-01
1.810097329705056657e+00 9.821610509031052372e-01 -6.337266787126765166e-01 -7.503538009491869110e-01
1.840776945462769376e+00 1.006292766146304141e+00 -8.565322110349623541e-01 -5.281833986958874849e-01
1.871456561220482318e+00 1.022699589344141735e+00 -9.977109505295687075e-01 -2.246938121935287136e-01
1.902136176978195037e+00 1.028053609212601360e+00 -1.020288017212054976e+00 1.261213120315098912e-01
1.932815792735907978e+00 1.019852641338937493e+00 -9.046107522606520179e-01 4.709339623985775991e-01
1.963495408493620697e+00 9.965969586322950269e-01 -6.587955507014022771e-01 7.477926987682992355e-01
1.994175024251333417e+00 9.578563284312451298e-01 -3.218263335799054214e-01 9.021732410852700834e-01
2.024854640009046136e+00 9.042544695421889100e-01 4.303123561239435846e-02 9.032300141429624452e-01
2.055534255766759077e+00 8.373922022095657836e-01 3.633453066255183384e-01 7.544573470214166466e-01
2.086213871524472019e+00 7.597272036650148941e-01 5.767106203099382489e-01 4.945606984085868518e-01
2.116893487282184960e+00 6.744280787735065230e-01 6.477983414791828043e-01 1.876447233868917541e-01
2.147573103039897457e+00 5.852227124461384378e-01 5.775587821283376666e-01 -9.440061625459357508e-02
2.178252718797610399e+00 4.962637932573930044e-01 4.015189150053821154e-01 -2.916510130123282085e-01
2.208932334555323340e+00 4.120310518579207715e-01 1.778901465822123606e-01 -3.716512928056400766e-01
2.239611950313036282e+00 3.372522534851505327e-01 -3.033727696332485027e-02 -3.358849983361310576e-01
2.270291566070748779e+00 2.766686788008673181e-01 -1.732794215861187814e-01 -2.156844915245359484e-01
2.300971181828461720e+00 2.341053693771617261e-01 -2.263648195200581581e-01 -5.970169557783782527e-02
2.331650797586174662e+00 2.103158293057757755e-01 -1.935534522462696583e-01 8.227885013858197982e-02
2.362330413343887603e+00 2.011729613960847596e-01 -1.015867388863521403e-01 1.736395544779665567e-01
2.393010029101600100e+00 1.994015762228889821e-01 1.171321009642301882e-02 1.990572513359150641e-01
2.423689644859313042e+00 1.984037004018873174e-01 1.104739818490524661e-01 1.648014795673178601e-01
2.454369260617025983e+00 1.941534534138835699e-01 1.707430652759721890e-01 9.242493782904136201e-02
2.485048876374738480e+00 1.849864005836945879e-01 1.847622777784831416e-01 9.103247278733146014e-03
2.515728492132451422e+00 1.708099977397308789e-01 1.593286787106729385e-01 -6.156644758436231879e-02
2.546408107890164363e+00 1.524281578143572291e-01 1.101013972843117861e-01 -1.054135931022215644e-01
2.577087723647877304e+00 1.310614620235018013e-01 5.472046549300973312e-02 -1.190914668814106736e-01
2.607767339405589802e+00 1.080102473750208236e-01 7.342879228246218005e-03 -1.077603622054630200e-01
2.638446955163302743e+00 8.442231757615367704e-02 -2.398597555996926506e-02 -8.094319416334831707e-02
2.669126570921015684e+00 6.116755467550418629e-02 -3.716175238979973344e-02 -4.858470854394424110e-02
2.699806186678728626e+00 3.891254805982020948e-02 -3.415810238716387309e-02 -1.863894948262501128e-02
2.730485802436441123e+00 1.923014105472030735e-02 -1.889735016910843932e-02 3.562089495020671209e-03
2.761165418194154064e+00 1.535344401556179572e-02 4.120425064129735852e-03 1.479021096637508220e-02
2.791845033951867006e+00 3.294834789610242426e-02 3.018012899895945039e-02 1.321943428020897274e-02
2.822524649709579947e+00 5.417803575729187443e-02 5.414985217120896893e-02 -1.747303166200036987e-03
2.853204265467292444e+00 7.617519446607450007e-02 7.043652313748213767e-02 -2.900614521523344619e-02
2.883883881225005386e+00 9.825342409147551359e-02 7.361153664092570659e-02 -6.507746936583347352e-02
2.914563496982718327e+00 1.198287745883080263e-01 5.970658015757899367e-02 -1.038944633039804027e-01
2.945243112740430824e+00 1.402796965042576449e-01 2.768144793119240235e-02 -1.375213826710570686e-01
2.975922728498143766e+00 1.590039866235719579e-01 -1.964462679978301249e-02 -1.577857927700916374e-01
3.006602344255856707e+00 1.755001693216688141e-01 -7.572966426103551474e-02 -1.583203315523475652e-01
3.037281960013569648e+00 1.894346183552472196e-01 -1.315895337494263906e-01 -1.362705736357147090e-01
3.067961575771282146e+00 2.006811432515719085e-01 -1.778063461194062389e-01 -9.304743164872333883e-02
3.098641191528995087e+00 2.093284984761960288e-01 -2.065640243471819071e-01 -3.390758203994562181e-02
3.129320807286708028e+00 2.156560766007524499e-01 -2.130572911573887507e-01 3.337864675964676703e-02
3.160000423044420970e+00 2.200821250166184184e-01 -1.959507818058059403e-01 1.001969703210825596e-01
3.190680038802133467e+00 2.230932128112110280e-01 -1.569965333429985677e-01 1.585013252963805297e-01
3.221359654559846408e+00 2.251680704265047184e-01 -1.002334642121181507e-01 2.016281542633206469e-01
3.252039270317559350e+00 2.267116360527273444e-01 -3.124913928408389052e-02 2.245476724789376155e-01
3.282718886075272291e+00 2.280136834857700578e-01 4.322055189329523928e-02 2.238799315498999909e-01
3.313398501832984788e+00 2.292394028970990982e-01 1.154144894475907651e-01 1.980661492183116157e-01
3.344078117590697730e+00 2.304485754446742585e-01 1.767300891268792362e-01 1.478953059487860822e-01
3.374757733348410671e+00 2.316303484379134692e-01 2.183688520817963774e-01 7.725064891603013184e-02
3.405437349106123612e+00 2.327368068095390652e-01 2.326499609953756320e-01 -6.357428155387983768e-03
3.436116964863836110e+00 2.337019356065848374e-01 2.148313182642865304e-01 -9.200054021087678002e-02
3.466796580621549051e+00 2.344408356946236505e-01 1.649124897188573025e-01 -1.666324583504705525e-01
3.497476196379261992e+00 2.348332020851827684e-01 8.871172479502535679e-02 -2.174324324599988534e-01
3.528155812136974490e+00 2.347015862206902614e-01 -2.384797832523277445e-03 -2.346894699678835072e-01
3.558835427894687431e+00 2.337968151492135771e-01 -9.322528597377036097e-02 -2.144061492332350882e-01
3.589515043652400372e+00 2.317999648247450473e-01 -1.679514821505709854e-01 -1.597608316709057119e-01
3.620194659410113314e+00 2.283441730103611123e-01 -2.135541934398696440e-01 -8.084347723862736479e-02
3.650874275167825811e+00 2.230531284035400241e-01 -2.229299253909322043e-01 7.412587658809581537e-03
3.681553890925538752e+00 2.155887514170430619e-01 -1.965342655712371822e-01 8.861598159437159006e-02
3.712233506683251694e+00 2.056993542235858174e-01 -1.421218998388832921e-01 1.487063882763166867e-01
3.742913122440964635e+00 1.932608521776206789e-01 -7.263131194628186238e-02 1.790934100110387617e-01
3.773592738198677132e+00 1.783061166101044259e-01 -2.825969450833314914e-03 1.782837208419184583e-01
3.804272353956390074e+00 1.610402272300888726e-01 5.433783682785930241e-02 1.515960232828935383e-01
3.834951969714103015e+00 1.418417265060141486e-01 9.059604351593740501e-02 1.091395083251949366e-01
3.865631585471815956e+00 1.212521625211108872e-01 1.037609313455976623e-01 6.273560426376757759e-02
3.896311201229528454e+00 9.995914151304392814e-02 9.733912802926276975e-02 2.273596548483337865e-02
3.926990816987241395e+00 7.878446872465140471e-02 7.866445906388382092e-02 -4.346883068604604806e-03
3.957670432744954336e+00 5.870761567704243372e-02 5.625220887816789056e-02 -1.680098612612629036e-02
3.988350048502666834e+00 4.101680455403440562e-02 3.725423792428846775e-02 -1.716100266605551442e-02
4.019029664260379775e+00 2.783461883076951068e-02 2.577142413729762577e-02 -1.051663935816675964e-02
4.049709280018092272e+00 2.254572707056951009e-02 2.241950264269321896e-02 -2.382374948424908524e-03
4.080388895775805658e+00 2.527659119401249807e-02 2.508401896486393140e-02 3.114170027403273099e-03
4.111068511533518155e+00 3.069122164324330354e-02 3.040601052912126831e-02 4.174399316985955358e-03
4.141748127291231540e+00 3.536826958728733761e-02 3.534687753709757352e-02 1.229935761111617884e-03
4.172427743048944038e+00 3.844869962172396682e-02 3.824350378711569021e-02 -3.966978785729153092e-03
4.203107358806656535e+00 4.019351245714067322e-02 3.903994335945540350e-02 -9.560400939962541977e-03
4.233786974564369920e+00 4.139381094531727895e-02 3.874849496542870364e-02 -1.456027892901832523e-02
4.264466590322082418e+00 4.301536048858042860e-02 3.850085540558478847e-02 -1.918346608412511978e-02
4.295146206079794915e+00 4.578542717962368752e-02 3.868116279781879524e-02 -2.449638721585822854e-02
4.325825821837508300e+00 4.984537605372078156e-02 3.854695320264110020e-02 -3.160211880128036693e-02
4.356505437595220798e+00 5.473767277285059019e-02 3.649231379453039825e-02 -4.079857662356856790e-02
4.387185053352934183e+00 5.968598171769327193e-02 3.080685829329937730e-02 -5.112097314900594658e-02
4.417864669110646680e+00 6.388926301235185734e-02 2.056568392814589474e-02 -6.048876402133764735e-02
4.448544284868359178e+00 6.669065224889854371e-02 6.238171594948310923e-03 -6.639825534255772155e-02
4.479223900626072563e+00 6.764484909300472193e-02 -1.026180764742075195e-02 -6.686195414899805123e-02
4.509903516383785060e+00 6.653452386088577752e-02 -2.611308327930053630e-02 -6.119599453430831643e-02
4.540583132141497558e+00 6.336367655390323650e-02 -3.849134370847103609e-02 -5.033261334308019447e-02
4.571262747899210943e+00 5.833969542212777415e-02 -4.547678011054095276e-02 -3.654288621228683753e-02
4.601942363656923440e+00 5.185116769077155463e-02 -4.661890751401373545e-02 -2.269848129493130459e-02
4.632621979414635938e+00 4.445068990573209505e-02 -4.297077603303527116e-02 -1.137436768415169171e-02
4.663301595172349323e+00 3.685843191871842478e-02 -3.662630862640328666e-02 -4.130075048986036994e-03
4.693981210930061820e+00 3.000439664524753164e-02 -2.998026547960251295e-02 -1.203120865871431860e-03
4.724660826687775206e+00 2.506165930008028009e-02 -2.500642873442253736e-02 -1.662915759606352481e-03
4.755340442445487703e+00 2.312756987170432044e-02 -2.279737197956910669e-02 -3.894139057060337378e-03
4.786020058203200200e+00 2.426795123970035967e-02 -2.346794034799771014e-02 -6.179743780715770372e-03
4.816699673960913586e+00 2.732376696546254258e-02 -2.636759777010680081e-02 -7.165056107021157937e-03
4.847379289718626083e+00 3.104578231945010272e-02 -3.044410430277566179e-02 -6.082525218065033129e-03
4.878058905476338580e+00 3.469610137809903128e-02 -3.458753671037580885e-02 -2.742581839750884293e-03
4.908738521234051966e+00 3.793773618852613189e-02 -3.784767366140178585e-02 2.612551536379495356e-03
4.939418136991764463e+00 4.063260941896812417e-02 -3.951271102419081499e-02 9.473891265641957993e-03
4.970097752749476960e+00 4.271454175498225203e-02 -3.910944260853841531e-02 1.717508591499798329e-02
5.000777368507190346e+00 4.412743374913793287e-02 -3.640146322378620680e-02 2.494321319421171149e-02
5.031456984264902843e+00 4.480790368567856563e-02 -3.142464803597887907e-02 3.194119172040853910e-02
5.062136600022616229e+00 4.469654150112121332e-02 -2.453979426940531075e-02 3.735745333098488413e-02
5.092816215780328726e+00 4.376375539120948288e-02 -1.644172159275460871e-02 4.055781154115645215e-02
5.123495831538041223e+00 4.203817464089251027e-02 -8.068763321557183288e-03 4.125655324428922216e-02
5.154175447295754608e+00 3.962882967881838775e-02 -4.044987358624466491e-04 3.962676522863659706e-02
5.184855063053467106e+00 3.673539598117977339e-02 5.773138312119216464e-03 3.627892214390086856e-02
5.215534678811179603e+00 3.364166580081670577e-02 1.009890069489687188e-02 3.209009009972473708e-02
5.246214294568892988e+00 3.068494393013169660e-02 1.269315722117150477e-02 2.793652705248001605e-02
5.276893910326605486e+00 2.819120245673533212e-02 1.406400873855705169e-02 2.443251018946746012e-02
5.307573526084318871e+00 2.637646358432745725e-02 1.487699022312330248e-02 2.178056457295003689e-02
5.338253141842031368e+00 2.525523466811027337e-02 1.568986949513100776e-02 1.979027219032311602e-02
5.368932757599743866e+00 2.463214832791838296e-02 1.676371252625150077e-02 1.804773319798835124e-02
5.399612373357457251e+00 2.420193158876310022e-02 1.802327798393706798e-02 1.615224267217709245e-02
5.430291989115169748e+00 2.368570277390014481e-02 1.916944972273029735e-02 1.391203483395784396e-02
5.460971604872882246e+00 2.292396444813737943e-02 1.987853095593467012e-02 1.141718673988533460e-02
5.491651220630595631e+00 2.191003793678450093e-02 1.998978222053912276e-02 8.969858926803367383e-03
5.522330836388308128e+00 2.078244585676577993e-02 1.959710273632713287e-02 6.918353859932339228e-03
5.553010452146020626e+00 1.978680126417402957e-02 1.901269177616292730e-02 5.480424773003065436e-03
5.583690067903734011e+00 1.920041127835221337e-02 1.863209265603152365e-02 4.636908077041325058e-03
5.614369683661446508e+00 1.922130173414874493e-02 1.877116759312410024e-02 4.135421084489113858e-03
5.645049299419159894e+00 1.987575357070901078e-02 1.954899246796305834e-02 3.589216278113592160e-03
5.675728915176872391e+00 2.102268449799520045e-02 2.085928750314679225e-02 2.615987072466475702e-03
5.706408530934584888e+00 2.244671011764887147e-02 2.242647153985682582e-02 9.529792116054256303e-04
5.737088146692298274e+00 2.395207841590320588e-02 2.390554904076225284e-02 -1.492241770386862430e-03
5.767767762450010771e+00 2.540522090888862675e-02 2.497459677615221363e-02 -4.657763980499593504e-03
5.798447378207723268e+00 2.673327263992670427e-02 2.538563505625561836e-02 -8.380775550702894774e-03
5.829126993965436654e+00 2.790208282702810391e-02 2.497066726111255713e-02 -1.244957841138156877e-02
5.859806609723149151e+00 2.889106814896595654e-02 2.362548637524477732e-02 -1.662919758501047937e-02
5.890486225480861648e+00 2.967513173984231284e-02 2.130064843733475710e-02 -2.066145735242470166e-02
5.921165841238575034e+00 3.021846481027158984e-02 1.801540525379687410e-02 -2.426109620423385488e-02
5.951845456996287531e+00 3.048006736078190046e-02 1.388703693459547063e-02 -2.713272399695584175e-02
5.982525072754000917e+00 3.042684361097511281e-02 9.150568416568872696e-03 -2.901826855242106359e-02
