# # Once                                                         FEFF 10.0.0 
# # POT  SCF 100  9.0000   0, core-hole, FOLP (folp(0)= 1.150)
# # Abs   Z=30 Rmt= 1.476 Rnm= 1.601 K  shell
# #   RGRID 0.0100
# # Pot 1 Z= 6 Rmt= 0.896 Rnm= 1.123
# # Pot 2 Z= 6 Rmt= 0.923 Rnm= 1.166
# # Pot 3 Z= 1 Rmt= 0.552 Rnm= 0.961
# # Pot 4 Z=16 Rmt= 1.278 Rnm= 1.489
# # Gam_ch=1.897E+00 H-L exch Vi= 0.000E+00 Vr= 0.000E+00
# # Mu=-7.097E+00eV kf=1.969E+00 Vint=-1.272E+01eV Rs_int= 1.842
# # PATH  Rmax= 9.000,  Keep_limit= 0.00, Heap_limit 0.00  Pwcrit= 2.50%
#  S02=1.000  Temp=  10.00  Debye_temp= 315.00  Global_sig2= 0.00000
#  Energy zero shift, vr, vi    0.00000E+00   0.00000E+00
#  Curved wave amplitude ratio filter   4.000%
#     file         sig2 tot  cw amp ratio   deg  nlegs   reff  inp sig2
#           1       0.00427    100.00      1.00     2   2.4597
#           2       0.00442     98.35      1.00     2   2.4753
#           3       0.00437     97.46      1.00     2   2.4840
#           4       0.00478     96.31      1.00     2   2.4953
#           5       0.02760     13.46      1.00     2   3.1270
#           6       0.02461     13.42      1.00     2   3.1309
#           7       0.02474     13.34      1.00     2   3.1379
#           8       0.00732     38.78      1.00     2   3.4276
#           9       0.00625     38.47      1.00     2   3.4376
#          10       0.00645     37.97      1.00     2   3.4538
#          11       0.03066      9.84      1.00     2   3.5123
#          12       0.00738     33.80      1.00     2   3.6015
#          13       0.03395      8.06      1.00     2   3.7763
#          14       0.01420     17.11      2.00     3   3.8239
#          15       0.01225     16.69      2.00     3   3.8387
#          16       0.01229     17.11      2.00     3   3.8436
#          17       0.00499     43.22      2.00     3   3.8670
#          18       0.00527     42.84      2.00     3   3.8679
#          19       0.00520     42.33      2.00     3   3.8851
#          20       0.00546     42.31      2.00     3   3.9507
#          21       0.03512      6.96      1.00     2   3.9813
#          22       0.01619      8.12      2.00     3   4.0013
#          23       0.01701      8.01      2.00     3   4.0068
#          24       0.01625      8.02      2.00     3   4.0079
#          25       0.03469      6.50      1.00     2   4.0796
#          26       0.01554      9.99      2.00     3   4.1033
#          27       0.03494      6.34      1.00     2   4.1153
#          28       0.01841      7.19      2.00     3   4.1925
#          29       0.02546      9.30      1.00     4   4.2202
#          30       0.01948      5.89      1.00     2   4.2245
#          31       0.02169      9.09      1.00     4   4.2333
#          32       0.01077     21.31      1.00     2   4.2387
#          33       0.02162      9.01      1.00     4   4.2397
#          34       0.01746      5.82      1.00     2   4.2424
#          35       0.01054      4.78      2.00     4   4.2642
#          36       0.01633      5.72      1.00     2   4.2657
#          37       0.00977      4.92      2.00     4   4.2681
#          38       0.00974      5.22      2.00     4   4.2749
#          39       0.00553      8.58      2.00     3   4.2840
#          40       0.00527     13.45      1.00     4   4.2965
#          41       0.00548     10.61      1.00     4   4.2998
#          42       0.00564      8.37      2.00     3   4.3064
#          43       0.00550     13.60      1.00     4   4.3082
#          44       0.00521      8.40      2.00     3   4.3102
#          45       0.00960     20.26      1.00     2   4.3130
#          46       0.00544     13.03      1.00     4   4.3164
#          47       0.00925     19.55      1.00     2   4.3663
#          48       0.01399     18.19      2.00     3   4.3732
#          49       0.01258     17.72      2.00     3   4.3952
#          50       0.00957     19.15      1.00     2   4.3970
#          51       0.01219     18.73      2.00     3   4.3987
#          52       0.01209      4.88      2.00     4   4.4524
#          53       0.01513      4.90      1.00     2   4.5049
#          54       0.01237     15.73      1.00     4   4.5220
#          55       0.01115     17.15      1.00     4   4.5317
#          56       0.01128     15.10      1.00     4   4.5479
#          58       0.01868     11.50      2.00     3   4.5541
#          59       0.01419      7.99      2.00     3   4.5573
#          61       0.01400      7.95      2.00     3   4.5728
#          62       0.00642     11.25      2.00     3   4.5754
#          63       0.01358      8.39      2.00     3   4.5753
#          65       0.01265     18.28      2.00     3   4.6004
#          66       0.02718      6.58      1.00     4   4.6050
#          67       0.00677     11.54      2.00     3   4.6113
#          68       0.00640     19.00      2.00     3   4.6333
#          69       0.00667     20.73      2.00     3   4.6552
#          70       0.00747     12.36      2.00     3   4.6588
#          71       0.00728     15.05      2.00     3   4.6779
#          72       0.00654     20.47      2.00     3   4.6836
#          73       0.01396     11.40      2.00     3   4.6902
#          74       0.01850      8.59      2.00     3   4.6940
#          75       0.01243     18.93      1.00     4   4.6959
#          76       0.01794      6.38      2.00     4   4.7025
#          77       0.01066     13.90      2.00     4   4.7060
#          78       0.01041     15.42      2.00     4   4.7083
#          79       0.01603      6.57      2.00     4   4.7199
#          80       0.03210      4.27      1.00     2   4.7209
#          81       0.01623      6.18      2.00     4   4.7243
#          82       0.01064     13.64      2.00     4   4.7256
#          83       0.00654     15.53      2.00     3   4.7528
#          84       0.01814      7.61      2.00     3   4.7693
#          85       0.02216      4.38      2.00     4   4.7695
#          86       0.01942      4.39      2.00     4   4.7849
#          87       0.01091     23.10      2.00     4   4.7856
#          88       0.00630     15.66      2.00     3   4.7916
#          89       0.01920      4.36      2.00     4   4.7997
#          90       0.01134      6.57      2.00     3   4.8020
#          91       0.01849      7.35      2.00     3   4.8030
#          92       0.01162     13.05      2.00     4   4.8135
#          93       0.01192      6.75      2.00     3   4.8215
#          94       0.00625     15.63      2.00     3   4.8253
#          95       0.01133     12.96      2.00     4   4.8264
#          96       0.01100     13.80      2.00     4   4.8281
#          98       0.01114      6.76      2.00     3   4.8400
#          99       0.00655     15.56      2.00     3   4.8465
#         101       0.03524      5.74      1.00     4   4.8695
#         102       0.01560      7.46      1.00     4   4.8754
#         108       0.01983      8.94      2.00     5   4.9182
#         109       0.00854      7.80      1.00     4   4.9193
#         110       0.01768      9.33      2.00     5   4.9327
#         111       0.00705      6.05      2.00     4   4.9350
#         112       0.01762      8.83      2.00     5   4.9377
#         113       0.00733     12.48      1.00     4   4.9440
#         114       0.01400      4.47      2.00     3   4.9499
#         115       0.01101     16.31      2.00     4   4.9496
#         116       0.00883      7.54      1.00     4   4.9507
#         117       0.00690      9.84      1.00     4   4.9536
#         118       0.00734      6.55      2.00     4   4.9549
#         119       0.01006     28.12      2.00     5   4.9611
#         120       0.01042     25.23      2.00     5   4.9623
#         121       0.00875      7.40      1.00     4   4.9680
#         123       0.00702     12.52      1.00     4   4.9701
#         124       0.00774      7.70      2.00     4   4.9706
#         125       0.01026     24.70      2.00     5   4.9792
#         126       0.01885      5.92      2.00     4   4.9851
#         127       0.00955      7.22      1.00     4   4.9906
#         129       0.01272      6.01      2.00     4   4.9933
#         130       0.01233      7.38      2.00     4   5.0143
#         131       0.01869      7.37      2.00     3   5.0265
#         132       0.00586      5.77      2.00     4   5.0271
#         133       0.01192      6.70      2.00     4   5.0344
#         135       0.01041     36.87      2.00     5   5.0450
#         136       0.01284      7.10      2.00     4   5.0514
#         137       0.01221      7.61      2.00     4   5.0582
#         138       0.00574      9.83      2.00     4   5.0628
#         139       0.01205      6.94      2.00     4   5.0733
#         141       0.01255      7.51      2.00     4   5.0896
#         142       0.00582     11.58      2.00     4   5.0955
#         143       0.02550      4.89      2.00     3   5.0982
#         147       0.01476      8.18      2.00     4   5.1104
#         148       0.00571      9.10      2.00     4   5.1119
#         149       0.00594     10.65      2.00     4   5.1141
#         150       0.00602     11.70      2.00     4   5.1148
#         153       0.01306      7.42      2.00     4   5.1223
#         154       0.01270      8.11      2.00     4   5.1265
#         155       0.00588     10.75      2.00     4   5.1331
#         157       0.01088     22.36      2.00     5   5.1348
#         159       0.01056     12.25      2.00     5   5.1378
#         160       0.01066     10.66      2.00     5   5.1463
#         162       0.01628      8.30      2.00     3   5.1572
#         163       0.01073     10.67      2.00     5   5.1568
#         165       0.01401      4.90      2.00     4   5.1797
#         166       0.00604      5.95      2.00     4   5.1921
#         167       0.02356      5.85      2.00     3   5.1937
#         168       0.02134      8.18      2.00     5   5.1976
#         170       0.01597      8.14      2.00     3   5.2146
#         171       0.02347      6.18      2.00     3   5.2292
#         172       0.01638      7.90      2.00     3   5.2408
#         173       0.01609     12.39      2.00     3   5.2417
#         175       0.02408      6.22      2.00     3   5.2455
#         176       0.00777      6.30      1.00     4   5.2518
#         177       0.01615      5.10      2.00     3   5.2552
#         178       0.00723      6.39      1.00     4   5.2587
#         181       0.01494     10.81      2.00     3   5.2734
#         182       0.00732      6.26      1.00     4   5.2750
#         183       0.01635      5.38      2.00     3   5.2803
#         185       0.01731      4.20      2.00     5   5.2874
#         187       0.01648      5.27      2.00     3   5.3056
#         188       0.01442     10.34      2.00     3   5.3203
#         190       0.01452     12.82      1.00     4   5.3349
#         191       0.01319     11.01      2.00     5   5.3403
#         193       0.01161      7.66      2.00     5   5.3425
#         194       0.01464     10.21      2.00     3   5.3537
#         195       0.01214      9.76      2.00     5   5.3547
#         197       0.01814      6.60      2.00     6   5.3585
#         198       0.01219     10.67      2.00     5   5.3598
#         199       0.01738      7.04      2.00     6   5.3622
#         200       0.01722      6.67      2.00     6   5.3689
#         202       0.01509      5.87      2.00     3   5.3723
#         204       0.00633     17.90      2.00     5   5.3831
#         205       0.00634     21.54      2.00     5   5.3843
#         206       0.01567      6.11      2.00     3   5.3867
#         207       0.01731      4.48      2.00     4   5.3891
#         208       0.01044     12.32      1.00     6   5.3906
#         209       0.00968      4.12      1.00     6   5.3925
#         210       0.01087     18.76      1.00     6   5.3942
#         211       0.00961      4.92      1.00     6   5.3983
#         212       0.00646     21.92      2.00     5   5.4014
#         213       0.01005      5.10      1.00     6   5.4014
#         214       0.01088     10.82      1.00     6   5.4026
#         215       0.01336      5.08      2.00     4   5.4037
#         216       0.01464      5.07      1.00     4   5.4064
#         217       0.01304      9.75      1.00     4   5.4092
#         218       0.01061     10.74      1.00     6   5.4105
#         220       0.01537      6.04      2.00     3   5.4181
#         221       0.00982      5.09      1.00     6   5.4188
#         222       0.00801      4.23      2.00     3   5.4334
#         223       0.00780      6.18      1.00     4   5.4417
#         224       0.02216      4.61      2.00     4   5.4413
#         225       0.01285      7.48      2.00     4   5.4429
#         226       0.01193      6.93      2.00     5   5.4437
#         229       0.01535      4.84      2.00     3   5.4602
#         230       0.01600      5.05      1.00     4   5.4598
#         231       0.01255      9.12      1.00     4   5.4626
#         233       0.01462      5.47      2.00     4   5.4657
#         234       0.00642      8.64      2.00     5   5.4663
#         235       0.02384     13.07      2.00     5   5.4676
#         237       0.00845      4.22      2.00     3   5.4723
#         238       0.01295      7.94      2.00     4   5.4744
#         239       0.01312      7.23      2.00     4   5.4775
#         243       0.02171     12.75      2.00     5   5.4892
#         244       0.01526      4.83      1.00     4   5.4904
#         245       0.02168     13.42      2.00     5   5.4927
#         246       0.01306      9.09      1.00     4   5.4933
#         247       0.01314      7.85      2.00     4   5.4951
#         249       0.01209      6.80      2.00     5   5.4985
#         251       0.01319      7.47      2.00     4   5.5035
#         252       0.01177      6.36      2.00     4   5.5043
#         253       0.01173     10.79      2.00     4   5.5081
#         256       0.01237      6.86      2.00     5   5.5209
#         258       0.01204      6.80      2.00     4   5.5255
#         259       0.01332      7.33      2.00     4   5.5273
#         261       0.01200     10.98      2.00     4   5.5289
#         263       0.01734      5.12      2.00     4   5.5401
#         264       0.01711      4.49      2.00     4   5.5408
#         265       0.00564      4.07      2.00     5   5.5412
#         266       0.00571      6.62      2.00     5   5.5413
#         270       0.02084      7.42      2.00     6   5.5468
#         272       0.01277     10.20      2.00     4   5.5533
#         273       0.00588      7.99      2.00     5   5.5544
#         274       0.01191      6.56      2.00     4   5.5551
#         276       0.01185     10.95      2.00     4   5.5577
#         277       0.01731      5.11      2.00     4   5.5598
#         278       0.00598      8.44      2.00     5   5.5644
#         281       0.00656      5.46      2.00     3   5.5800
#         285       0.00720      6.12      2.00     3   5.5873
#         287       0.01282      8.77      2.00     4   5.5937
#         288       0.01167      6.88      2.00     4   5.5944
#         290       0.01237      6.71      2.00     4   5.6008
#         291       0.00664      5.50      2.00     3   5.6038
#         293       0.01318      8.85      2.00     4   5.6092
#         295       0.02520     13.12      1.00     6   5.6163
#         297       0.01420      6.26      2.00     5   5.6189
#         301       0.01191      6.68      2.00     4   5.6249
#         302       0.02275     14.27      1.00     6   5.6257
#         303       0.01289      8.75      2.00     4   5.6402
#         304       0.02298     12.61      1.00     6   5.6420
#         308       0.01184      5.87      2.00     5   5.6481
#         309       0.02186      6.64      2.00     5   5.6503
#         310       0.01913      5.77      2.00     5   5.6516
#         313       0.01364      6.30      2.00     4   5.6580
#         315       0.01091      5.65      2.00     5   5.6598
#         316       0.01082      5.64      2.00     5   5.6647
#         317       0.01841      5.76      2.00     5   5.6669
#         319       0.01820      6.03      2.00     5   5.6694
#         321       0.00602      9.60      2.00     4   5.6757
#         323       0.01383      8.18      2.00     4   5.6810
#         324       0.01224      6.23      2.00     4   5.6825
#         326       0.01211      5.74      2.00     4   5.6862
#         327       0.00934     12.91      2.00     5   5.6882
#         329       0.00951     12.55      2.00     5   5.6921
#         330       0.00610      9.82      2.00     4   5.6941
#         331       0.02458     12.90      2.00     5   5.6947
#         333       0.00605      9.70      2.00     4   5.6963
#         334       0.00968     12.62      2.00     5   5.7062
#         336       0.01208     10.23      2.00     5   5.7267
#         337       0.01174     14.97      2.00     5   5.7274
#         338       0.01089     17.96      2.00     5   5.7295
#         340       0.00968      4.84      2.00     3   5.7449
#         341       0.01302     10.78      2.00     5   5.7487
#         342       0.01203     13.78      2.00     5   5.7495
#         343       0.01124     17.80      2.00     5   5.7514
#         344       0.01180      6.31      2.00     4   5.7520
#         345       0.01221      6.50      2.00     4   5.7559
#         348       0.01244      6.09      2.00     5   5.7632
#         349       0.01271      6.79      2.00     5   5.7632
#         351       0.01264      6.09      2.00     5   5.7713
#         352       0.01278     16.33      2.00     5   5.7722
#         353       0.01199     18.99      2.00     5   5.7741
#         354       0.01255     10.41      2.00     5   5.7769
#         355       0.01177     13.50      2.00     5   5.7776
#         356       0.01166      6.28      2.00     4   5.7793
#         357       0.01110     17.72      2.00     5   5.7798
#         358       0.01289     11.68      2.00     6   5.7806
#         359       0.01261      6.78      2.00     5   5.7816
#         360       0.01858      7.81      2.00     5   5.7845
#         361       0.01248     11.00      2.00     6   5.7841
#         363       0.02200      4.36      2.00     6   5.7886
#         364       0.01125      4.95      2.00     4   5.7898
#         366       0.02156      5.33      2.00     5   5.7902
#         367       0.02546     15.55      1.00     6   5.7902
#         368       0.01011     14.16      2.00     5   5.7908
#         369       0.01248     11.48      2.00     6   5.7911
#         370       0.02047     11.52      2.00     6   5.8004
#         371       0.01411      4.64      2.00     4   5.8018
#         372       0.01933     12.72      2.00     6   5.8024
#         373       0.01184      6.30      2.00     4   5.8032
#         374       0.01498     12.22      2.00     5   5.8068
#         375       0.01353      4.40      2.00     4   5.8094
#         377       0.00685      8.80      1.00     6   5.8125
#         378       0.01238      7.29      2.00     5   5.8144
#         379       0.02157      5.36      2.00     6   5.8139
#         381       0.00654      6.57      1.00     6   5.8155
#         382       0.01190     10.62      2.00     5   5.8178
#         383       0.01389     11.84      2.00     5   5.8192
#         384       0.01977     11.31      2.00     6   5.8196
#         386       0.01162      6.47      2.00     5   5.8246
#         387       0.00710      9.91      1.00     6   5.8246
#         388       0.01100      4.26      2.00     4   5.8270
#         389       0.01431      4.71      2.00     4   5.8270
#         390       0.01145      9.96      2.00     5   5.8284
#         391       0.00797      9.34      1.00     4   5.8290
#         392       0.00710     10.23      1.00     6   5.8327
#         393       0.01397     11.89      2.00     5   5.8353
#         396       0.01183      7.09      2.00     5   5.8417
#         398       0.01157     10.58      2.00     5   5.8442
#         399       0.01447      4.71      2.00     4   5.8493
#         400       0.01147     14.32      2.00     5   5.8490
#         402       0.01773      6.19      2.00     5   5.8591
#         403       0.01100      4.19      2.00     4   5.8598
#         404       0.02347      5.61      2.00     5   5.8616
#         405       0.01189      9.06      2.00     5   5.8620
#         407       0.02068      4.98      2.00     5   5.8656
#         411       0.01738      5.53      2.00     5   5.8799
#         412       0.01939     18.17      2.00     6   5.8800
#         413       0.01122      4.26      2.00     4   5.8807
#         414       0.02307      5.01      2.00     5   5.8818
#         415       0.00795      9.54      1.00     4   5.8827
#         416       0.01097      6.45      2.00     5   5.8849
#         417       0.00852      4.12      2.00     4   5.8873
#         418       0.01125     11.99      2.00     5   5.8878
#         420       0.01304     11.31      2.00     5   5.8896
#         421       0.01714      4.37      2.00     5   5.8953
#         424       0.02162      4.87      2.00     5   5.8993
#         425       0.01874      5.45      2.00     5   5.8997
#         426       0.01128      9.18      2.00     5   5.9025
#         427       0.01166      6.41      2.00     5   5.9040
#         428       0.01723      4.07      2.00     5   5.9054
#         431       0.01990     10.71      2.00     6   5.9079
#         432       0.01223      4.23      2.00     4   5.9116
#         433       0.01245     11.26      2.00     5   5.9114
#         434       0.00785      9.37      1.00     4   5.9133
#         435       0.01195      4.26      2.00     4   5.9129
#         437       0.01816      4.42      2.00     5   5.9150
#         438       0.01216     10.77      2.00     5   5.9147
#         439       0.01185      6.73      2.00     5   5.9188
#         440       0.01957     10.61      2.00     6   5.9205
#         441       0.01728      5.20      2.00     5   5.9209
#         443       0.01146     11.71      2.00     5   5.9215
#         444       0.01815      4.17      2.00     5   5.9218
#         445       0.01307      4.92      2.00     5   5.9214
#         446       0.01938     11.31      2.00     6   5.9222
#         450       0.02271      4.64      2.00     5   5.9261
#         454       0.01725      4.36      2.00     5   5.9333
#         455       0.01324      5.52      2.00     5   5.9334
#         456       0.01182      5.84      2.00     5   5.9336
#         458       0.01112      8.47      2.00     5   5.9376
#         460       0.01136      6.60      2.00     5   5.9399
#         461       0.01162     11.89      2.00     5   5.9428
#         462       0.01297      4.73      2.00     5   5.9434
#         464       0.01738      4.01      2.00     5   5.9449
#         465       0.01340      5.59      2.00     5   5.9446
#         467       0.01260      4.12      2.00     4   5.9491
#         469       0.01763      5.01      2.00     5   5.9548
#         470       0.01199      5.86      2.00     5   5.9553
#         471       0.02307      4.52      2.00     5   5.9576
#         474       0.01403      9.08      2.00     6   5.9681
#         475       0.01116      8.46      2.00     5   5.9692
#         476       0.01771      5.97      1.00     6   5.9697
#         478       0.01529      8.77      2.00     5   5.9829
#         479       0.01093      6.68      2.00     5   5.9867
#         482       0.01117      7.13      2.00     5   5.9879
#         483       0.01134      8.53      2.00     5   5.9890
#         484       0.01146      5.40      2.00     5   5.9908
#         485       0.01206      7.90      2.00     5   5.9926
#         488       0.01129      5.28      2.00     5   5.9958
#         492       0.01112      7.25      2.00     5   6.0072
#         494       0.06014      8.49      2.00     7   6.0114
#         495       0.03413      8.36      2.00     7   6.0126
#         496       0.01143      5.38      2.00     5   6.0129
#         498       0.01189      8.34      2.00     5   6.0232
#         499       0.03044      8.74      2.00     7   6.0268
#         501       0.01207      7.81      2.00     5   6.0301
#         502       0.03041      8.26      2.00     7   6.0317
#         503       0.04866      8.65      2.00     7   6.0345
#         504       0.01465      5.63      2.00     5   6.0355
#         505       0.01457      5.25      2.00     5   6.0365
#         506       0.01132      4.95      1.00     6   6.0368
#         507       0.01337      6.32      1.00     6   6.0375
#         508       0.02142     24.20      2.00     6   6.0384
#         509       0.04921      8.19      2.00     7   6.0401
#         510       0.01166      9.30      1.00     6   6.0402
#         513       0.02039     13.14      2.00     6   6.0439
#         514       0.01099      4.54      1.00     6   6.0473
#         515       0.01244      5.68      1.00     6   6.0470
#         516       0.01860     24.46      2.00     6   6.0477
#         517       0.01188      8.39      2.00     5   6.0495
#         518       0.01135      8.93      1.00     6   6.0498
#         520       0.01476      5.68      2.00     5   6.0534
#         521       0.02028     25.64      2.00     7   6.0552
#         523       0.02099     23.04      2.00     7   6.0566
#         525       0.01866      4.09      2.00     7   6.0629
#         526       0.01287      6.17      1.00     6   6.0635
#         527       0.01893     23.74      2.00     6   6.0642
#         528       0.01098      4.88      1.00     6   6.0639
#         529       0.01153      9.25      1.00     6   6.0664
#         530       0.01126      5.75      2.00     5   6.0675
#         531       0.01204      8.39      2.00     5   6.0715
#         532       0.01191      4.93      2.00     5   6.0727
#         533       0.02066     22.55      2.00     7   6.0733
#         538       0.01505      4.76      2.00     6   6.0865
#         539       0.01810     11.71      2.00     6   6.0877
#         540       0.01408      6.41      2.00     6   6.0884
#         541       0.01362      6.24      2.00     6   6.0893
#         542       0.01926      5.00      2.00     6   6.0895
#         544       0.01628      5.12      2.00     5   6.0900
#         545       0.01362      6.19      2.00     6   6.0960
#         547       0.01514      5.36      2.00     5   6.1000
#         549       0.01544      5.74      2.00     6   6.1079
#         550       0.01731     10.48      2.00     6   6.1084
#         551       0.01865      4.90      2.00     6   6.1105
#         552       0.01524      5.01      2.00     5   6.1154
#         553       0.01211      7.94      2.00     5   6.1160
#         554       0.01023      5.98      1.00     6   6.1176
#         555       0.02693      5.52      2.00     5   6.1198
#         557       0.01465      4.29      2.00     5   6.1209
#         558       0.02263      4.28      2.00     5   6.1226
#         559       0.01088     17.89      2.00     6   6.1233
#         560       0.01766      8.52      2.00     6   6.1277
#         562       0.01066      5.82      1.00     6   6.1324
#         563       0.01057      5.85      1.00     6   6.1375
#         564       0.01937      4.61      2.00     7   6.1377
#         565       0.02103     32.93      2.00     7   6.1394
#         566       0.01082      7.18      1.00     6   6.1400
#         567       0.01908      8.71      2.00     6   6.1449
#         568       0.01083      4.10      2.00     5   6.1473
#         570       0.01106      4.29      2.00     5   6.1487
#         571       0.01309     24.49      2.00     5   6.1493
#         572       0.01601      5.93      2.00     6   6.1509
#         574       0.01712      9.78      2.00     6   6.1525
#         575       0.01859      4.84      2.00     6   6.1544
#         577       0.01070     16.77      2.00     6   6.1590
#         578       0.01845      5.28      2.00     6   6.1595
#         580       0.01811      8.45      2.00     6   6.1667
#         581       0.01101      4.37      2.00     5   6.1673
#         583       0.01427     26.80      2.00     5   6.1716
#         584       0.01743      5.50      2.00     6   6.1774
#         586       0.00973      5.16      2.00     4   6.1833
#         587       0.01732      9.49      2.00     6   6.1836
#         588       0.01574      5.84      2.00     6   6.1834
#         589       0.01912      4.74      2.00     6   6.1858
#         591       0.01088     16.63      2.00     6   6.1917
#         594       0.01306     15.93      2.00     5   6.1935
#         595       0.01377     26.50      2.00     5   6.1998
#         596       0.02202      4.30      2.00     6   6.2030
#         597       0.02144      5.68      2.00     6   6.2039
#         599       0.02106      4.16      2.00     6   6.2047
#         600       0.01172      6.02      2.00     6   6.2052
#         602       0.01135     11.34      2.00     6   6.2059
#         605       0.01384      6.62      2.00     6   6.2076
#         606       0.01329     12.28      2.00     6   6.2081
#         608       0.01169     10.68      2.00     6   6.2085
#         609       0.01247     11.85      2.00     6   6.2089
#         610       0.00996      5.07      2.00     4   6.2092
#         611       0.01385      7.10      2.00     5   6.2100
#         612       0.01338     12.82      2.00     6   6.2104
#         615       0.01810      5.20      2.00     6   6.2106
#         616       0.01113     16.80      2.00     6   6.2111
#         617       0.01944      6.48      2.00     6   6.2106
#         618       0.02177     20.52      2.00     6   6.2115
#         620       0.01257      7.90      1.00     6   6.2133
#         622       0.01969      5.37      2.00     6   6.2156
#         623       0.01909      4.38      2.00     6   6.2163
#         624       0.01837      4.07      2.00     5   6.2170
#         626       0.01996      4.38      2.00     6   6.2203
#         627       0.01942      5.64      2.00     6   6.2199
#         628       0.01868      4.13      2.00     6   6.2206
#         630       0.01168     10.40      2.00     6   6.2224
#         631       0.01157     10.55      2.00     6   6.2243
#         632       0.01994      4.13      2.00     6   6.2250
#         633       0.01705      4.86      2.00     6   6.2257
#         634       0.01786      5.98      2.00     6   6.2257
#         635       0.01339      6.56      2.00     6   6.2264
#         637       0.01151     10.66      2.00     6   6.2272
#         638       0.01931      4.29      2.00     7   6.2275
#         640       0.01977     19.82      2.00     7   6.2291
#         641       0.01358     13.02      2.00     6   6.2294
#         644       0.01715      5.05      2.00     6   6.2314
#         645       0.01798      6.32      2.00     6   6.2314
#         646       0.01903     11.49      2.00     7   6.2318
#         649       0.00988      5.02      2.00     4   6.2364
#         652       0.01980     10.05      2.00     7   6.2407
#         653       0.01178     10.45      2.00     6   6.2418
#         654       0.01085      5.13      2.00     4   6.2439
#         656       0.01144     10.05      2.00     6   6.2471
#         657       0.01290     10.72      2.00     6   6.2471
#         659       0.01135      9.95      2.00     6   6.2486
#         660       0.01261     10.77      2.00     6   6.2486
#         662       0.02679      6.07      2.00     5   6.2506
#         664       0.01934     10.03      2.00     7   6.2509
#         668       0.01086      5.09      2.00     6   6.2541
#         670       0.01092      5.58      2.00     6   6.2547
#         671       0.01075      8.67      2.00     6   6.2579
#         672       0.01084      9.08      2.00     6   6.2580
#         673       0.01111      9.82      2.00     6   6.2579
#         674       0.01119     10.51      2.00     6   6.2580
#         677       0.01152      9.96      2.00     6   6.2666
#         678       0.01282     10.58      2.00     6   6.2666
#         679       0.01948      4.77      2.00     5   6.2676
#         685       0.01934      5.99      2.00     6   6.2730
#         686       0.01104      5.55      2.00     6   6.2729
#         688       0.01093      9.16      2.00     6   6.2755
#         689       0.01127     10.62      2.00     6   6.2755
#         691       0.01713      5.53      2.00     5   6.2766
#         693       0.01380      6.96      2.00     5   6.2857
#         694       0.01166     12.34      2.00     6   6.2864
#         695       0.01468     11.67      2.00     6   6.2883
#         696       0.05949      7.75      2.00     7   6.2903
#         697       0.03589      7.75      2.00     7   6.2920
#         698       0.01633      5.78      2.00     6   6.2926
#         700       0.01156     10.96      2.00     6   6.3013
#         703       0.02939      5.94      2.00     5   6.3081
#         706       0.01372      6.82      2.00     5   6.3193
#         709       0.01960      9.42      2.00     6   6.3299
#         710       0.01290     10.13      2.00     6   6.3321
#         711       0.02792      5.78      2.00     5   6.3342
#         714       0.02875      8.65      2.00     5   6.3379
#         715       0.01061      8.05      2.00     6   6.3417
#         716       0.01114      7.72      2.00     6   6.3417
#         717       0.01829      9.54      2.00     6   6.3427
#         718       0.01769      9.10      2.00     6   6.3441
#         719       0.02189      7.04      2.00     6   6.3462
#         722       0.01887      7.47      2.00     6   6.3528
#         729       0.01902      6.99      2.00     6   6.3690
#         730       0.02528      7.65      2.00     5   6.3696
#         732       0.01123      6.95      2.00     6   6.3762
#         734       0.01156      4.17      1.00     6   6.3805
#         735       0.01117      4.85      2.00     6   6.3826
#         736       0.01159      4.39      1.00     6   6.3923
#         737       0.01142      4.49      2.00     6   6.3926
#         738       0.01146      4.61      2.00     6   6.4048
#         740       0.01052      5.32      2.00     6   6.4161
#         741       0.02415      7.32      2.00     5   6.4166
#         742       0.01046      5.61      2.00     6   6.4167
#         743       0.01154      5.58      2.00     6   6.4219
#         744       0.01077      4.55      2.00     6   6.4253
#         745       0.01074      5.62      2.00     6   6.4282
#         746       0.03067      4.84      2.00     6   6.4282
#         747       0.02976     10.39      1.00     6   6.4310
#         748       0.05723     10.15      2.00     7   6.4335
#         750       0.01947     11.54      2.00     7   6.4338
#         751       0.02521      7.24      2.00     7   6.4346
#         752       0.02998      9.16      2.00     7   6.4346
#         754       0.01546      6.86      2.00     7   6.4357
#         756       0.01767     11.19      2.00     7   6.4368
#         757       0.01787      4.04      2.00     7   6.4365
#         758       0.01082      5.85      2.00     6   6.4385
#         759       0.01842      4.95      2.00     7   6.4387
#         761       0.01805     10.79      2.00     7   6.4480
#         763       0.02256      7.06      2.00     7   6.4487
#         764       0.02569      9.53      2.00     7   6.4487
#         765       0.02529      7.22      2.00     5   6.4499
#         768       0.01846     11.29      2.00     7   6.4532
#         769       0.02281      7.30      2.00     7   6.4539
#         770       0.02585      8.97      2.00     7   6.4539
#         772       0.01097      4.73      2.00     5   6.4545
#         774       0.04959      8.80      2.00     7   6.4565
#         775       0.01595     21.35      1.00     6   6.4604
#         776       0.05162      9.59      2.00     7   6.4623
#         777       0.01871      7.19      2.00     6   6.4652
#         778       0.01476     18.11      1.00     6   6.4696
#         781       0.01139     11.17      2.00     7   6.4767
#         783       0.01115     11.43      2.00     7   6.4771
#         784       0.01441     21.59      2.00     7   6.4771
#         785       0.01613     20.99      2.00     7   6.4771
#         786       0.01503      4.68      2.00     7   6.4775
#         787       0.01234      4.45      2.00     7   6.4778
#         788       0.01490     20.98      2.00     7   6.4787
#         789       0.01740     20.58      2.00     7   6.4787
#         790       0.01158      4.87      2.00     5   6.4794
#         791       0.01116     18.10      2.00     7   6.4793
#         792       0.01129     19.01      2.00     7   6.4805
#         794       0.01505      4.10      2.00     7   6.4849
#         795       0.01530     21.28      1.00     6   6.4864
#         800       0.01128     11.51      2.00     7   6.4952
#         801       0.01206      4.36      2.00     7   6.4947
#         802       0.01473     20.97      2.00     7   6.4954
#         803       0.01651     20.50      2.00     7   6.4954
#         804       0.01156     19.21      2.00     7   6.4976
#         807       0.02846      5.07      2.00     6   6.5026
#         808       0.01515      4.78      2.00     7   6.5038
#         809       0.01147      4.84      2.00     5   6.5047
#         810       0.02663      8.02      1.00     6   6.5054
#         811       0.01710      6.66      2.00     6   6.5089
#         814       0.00997      5.70      2.00     5   6.5229
#         815       0.02151      4.11      2.00     6   6.5233
#         816       0.01691      6.43      2.00     6   6.5295
#         817       0.01695      6.05      2.00     6   6.5303
#         818       0.01829      8.32      2.00     6   6.5303
#         822       0.02139      7.34      2.00     6   6.5360
#         823       0.02766      6.14      2.00     6   6.5363
#         825       0.02039      4.17      2.00     6   6.5373
#         827       0.01117     11.98      2.00     6   6.5427
#         828       0.01719      5.99      2.00     6   6.5467
#         829       0.02044      4.02      2.00     6   6.5489
#         831       0.02697      4.86      2.00     6   6.5561
#         832       0.02560      7.51      1.00     6   6.5588
#         834       0.01148     10.21      2.00     7   6.5595
#         837       0.01531     20.81      2.00     7   6.5607
#         839       0.01775     18.76      2.00     7   6.5607
#         840       0.03670     12.16      2.00     7   6.5619
#         841       0.01143     15.85      2.00     7   6.5625
#         842       0.01192      4.89      2.00     3   6.5644
#         843       0.01439      4.95      2.00     5   6.5664
#         844       0.02938      6.46      2.00     6   6.5679
#         845       0.01617     10.23      2.00     6   6.5678
#         848       0.02187      6.08      2.00     6   6.5709
#         852       0.01844      8.71      2.00     6   6.5746
#         855       0.01159     18.28      2.00     6   6.5788
#         856       0.03345     11.87      2.00     7   6.5833
#         857       0.02873      4.76      2.00     6   6.5866
#         858       0.03332     12.47      2.00     7   6.5868
#         859       0.02841      6.38      2.00     6   6.5884
#         861       0.02666      7.47      1.00     6   6.5896
#         865       0.01564      5.69      2.00     5   6.5930
#         869       0.02370      6.29      2.00     6   6.5969
#         870       0.02042      5.40      2.00     6   6.5977
#         877       0.01993      8.86      2.00     6   6.6043
#         878       0.01895      8.62      2.00     6   6.6058
#         881       0.01181     20.02      2.00     6   6.6119
#         886       0.02249      5.76      2.00     6   6.6190
#         889       0.02277      6.16      2.00     6   6.6207
#         895       0.02064      9.00      2.00     6   6.6251
#         896       0.01158      4.05      2.00     6   6.6258
#         897       0.01868      7.50      2.00     6   6.6258
#         898       0.01420     11.33      2.00     6   6.6268
#         899       0.00824     16.20      2.00     6   6.6279
#         900       0.00843     18.18      2.00     6   6.6305
#         901       0.01214     20.15      2.00     6   6.6311
#         903       0.01510      9.07      1.00     6   6.6328
#         909       0.01211     12.65      2.00     7   6.6356
#         910       0.01173     10.02      2.00     7   6.6354
#         916       0.01092     10.03      2.00     7   6.6374
#         917       0.01074     10.65      2.00     7   6.6375
#         918       0.01339     10.39      2.00     6   6.6383
#         920       0.01282     11.26      2.00     6   6.6428
#         926       0.01942      4.15      2.00     6   6.6476
#         930       0.02105      5.55      2.00     6   6.6485
#         931       0.01215      9.26      2.00     7   6.6488
#         932       0.01889      4.20      2.00     6   6.6493
#         933       0.00834     18.39      2.00     6   6.6493
#         934       0.01988      8.41      2.00     6   6.6495
#         936       0.01160      9.15      2.00     7   6.6504
#         937       0.01097     11.40      2.00     7   6.6507
#         941       0.01174      8.44      2.00     7   6.6538
#         942       0.02019      8.96      2.00     6   6.6540
#         947       0.01187      9.38      2.00     7   6.6584
#         950       0.01109     11.95      2.00     7   6.6606
#         951       0.01200      8.32      2.00     7   6.6627
#         957       0.01197      8.47      2.00     7   6.6731
#         959       0.01306      8.87      2.00     7   6.6781
#         962       0.01483      4.38      2.00     5   6.6810
#         963       0.01344      9.76      2.00     7   6.6813
#         969       0.01115      7.81      2.00     7   6.6873
#         974       0.02075      7.34      2.00     6   6.6899
#         976       0.01109      7.55      2.00     7   6.6909
#         983       0.01324      8.71      2.00     7   6.6978
#         984       0.01137      8.26      2.00     7   6.6983
#         990       0.02129      7.40      2.00     6   6.7054
#         991       0.01132      8.49      2.00     7   6.7068
#         992       0.00861     10.41      2.00     6   6.7077
#         994       0.01973      6.67      2.00     7   6.7123
#         996       0.03180      8.57      2.00     7   6.7132
#        1008       0.02114      7.31      2.00     6   6.7365
#        1009       0.02955      4.49      2.00     7   6.7425
#        1011       0.08105      6.19      2.00     7   6.7435
#        1012       0.03877      6.05      2.00     7   6.7465
#        1014       0.02508      4.52      2.00     7   6.7539
#        1016       0.02501      4.29      2.00     7   6.7588
#        1018       0.01296      8.44      2.00     6   6.7682
#        1020       0.01088      5.43      2.00     6   6.7698
#        1023       0.01243      7.64      2.00     6   6.7748
#        1030       0.01769     10.38      2.00     7   6.7823
#        1032       0.01875      9.58      2.00     7   6.7865
#        1034       0.01102      5.43      2.00     6   6.7885
#        1035       0.03763     11.93      2.00     7   6.7891
#        1036       0.02060      4.28      2.00     6   6.7897
#        1038       0.01093      4.86      2.00     6   6.7904
#        1039       0.01279      8.49      2.00     6   6.7912
#        1040       0.01805      9.60      2.00     7   6.8003
#        1041       0.02410      9.46      2.00     7   6.8201
#        1043       0.02046      4.45      2.00     7   6.8208
#        1044       0.02303     14.65      2.00     7   6.8215
#        1045       0.02574      5.24      2.00     7   6.8229
#        1046       0.02279      5.71      2.00     7   6.8229
#        1047       0.01965      4.95      2.00     7   6.8232
#        1048       0.02169      6.29      2.00     7   6.8236
#        1049       0.02183     16.44      2.00     7   6.8257
#        1054       0.02601      9.95      2.00     7   6.8422
#        1056       0.02087      4.18      2.00     7   6.8430
#        1058       0.02074      5.04      2.00     7   6.8442
#        1059       0.02708      5.30      2.00     7   6.8449
#        1060       0.02251      5.78      2.00     7   6.8449
#        1061       0.02108      5.74      2.00     7   6.8458
#        1062       0.02255     16.25      2.00     7   6.8476
#        1063       0.02729      9.79      2.00     6   6.8505
#        1066       0.01693     19.02      2.00     7   6.8567
#        1067       0.03200      5.56      2.00     7   6.8566
#        1068       0.03455      6.18      2.00     7   6.8567
#        1071       0.01643      4.17      2.00     7   6.8581
#        1075       0.02507      5.61      2.00     7   6.8647
#        1077       0.02784      4.14      2.00     7   6.8675
#        1078       0.02453      4.62      2.00     7   6.8675
#        1079       0.02128      4.52      2.00     7   6.8673
#        1080       0.02472      7.26      2.00     7   6.8684
#        1081       0.02508      9.62      2.00     7   6.8703
#        1082       0.02400     17.48      2.00     7   6.8703
#        1084       0.01556     17.28      2.00     7   6.8707
#        1085       0.02029      4.08      2.00     7   6.8710
#        1086       0.02306     13.29      2.00     7   6.8717
#        1087       0.02665      5.19      2.00     7   6.8732
#        1088       0.02309      5.71      2.00     7   6.8732
#        1089       0.02164      5.78      2.00     7   6.8739
#        1090       0.02030      4.97      2.00     7   6.8736
#        1091       0.03273      6.16      2.00     7   6.8750
#        1094       0.01570     18.59      2.00     7   6.8761
#        1095       0.02227     16.16      2.00     7   6.8761
#        1098       0.01995     11.89      2.00     7   6.8852
#        1099       0.01300     30.59      2.00     7   6.8991
#        1100       0.01997      6.82      2.00     7   6.8995
#        1102       0.01312     35.88      2.00     7   6.9007
#        1103       0.03116     11.38      2.00     7   6.9011
#        1104       0.02469      4.87      2.00     7   6.9011
#        1105       0.02327      4.12      2.00     7   6.9016
#        1107       0.02258      6.59      2.00     7   6.9047
#        1110       0.02457      6.94      2.00     7   6.9079
#        1119       0.01870      6.70      2.00     7   6.9128
#        1121       0.02884     11.07      2.00     7   6.9133
#        1122       0.02375      5.33      2.00     7   6.9133
#        1123       0.02138      9.92      2.00     7   6.9140
#        1124       0.02070      6.61      2.00     7   6.9148
#        1125       0.01842      4.26      2.00     7   6.9158
#        1128       0.02282      6.17      2.00     7   6.9180
#        1129       0.01340     36.42      2.00     7   6.9176
#        1136       0.02567      6.85      2.00     6   6.9224
#        1140       0.02078      9.31      2.00     7   6.9246
#        1141       0.02348      9.40      2.00     6   6.9252
#        1145       0.01880      6.61      2.00     7   6.9291
#        1146       0.02903     11.09      2.00     7   6.9294
#        1147       0.02414      4.69      2.00     7   6.9294
#        1150       0.02091      6.44      2.00     7   6.9319
#        1151       0.02200      4.03      2.00     7   6.9333
#        1154       0.02367      6.76      2.00     7   6.9350
#        1164       0.02113      9.87      2.00     7   6.9405
#        1166       0.02342     12.89      2.00     7   6.9452
#        1170       0.01831      4.01      2.00     7   6.9533
#        1172       0.01275      4.42      2.00     6   6.9573
#        1177       0.01915      6.81      2.00     7   6.9750
#        1178       0.01909      5.90      2.00     7   6.9750
#        1179       0.02939      6.95      2.00     6   6.9762
#        1181       0.02177      9.19      2.00     6   6.9790
#        1182       0.02416      4.26      2.00     7   6.9811
#        1184       0.01294     15.31      2.00     7   6.9819
#        1185       0.01960      6.78      2.00     7   6.9824
#        1189       0.02293     10.91      2.00     7   6.9840
#        1190       0.03119     10.64      2.00     7   6.9840
#        1194       0.02640      8.08      2.00     6   6.9936
#        1197       0.01925      8.20      2.00     7   6.9987
#        1200       0.01882      6.70      2.00     7   7.0052
#        1201       0.03205     10.59      2.00     7   7.0055
#        1203       0.02754      6.78      2.00     6   7.0066
#        1207       0.01855      6.40      2.00     7   7.0083
#        1210       0.02413      9.10      2.00     6   7.0096
#        1214       0.02606      4.30      2.00     7   7.0150
#        1216       0.02336     10.69      2.00     7   7.0177
#        1218       0.02753      8.49      2.00     6   7.0198
#        1219       0.01949      8.64      2.00     6   7.0241
#        1227       0.01989      7.44      2.00     7   7.0338
#        1230       0.02546      4.28      2.00     7   7.0362
#        1232       0.02370     10.86      2.00     7   7.0391
#        1234       0.02575      6.78      2.00     6   7.0419
#        1236       0.02796      8.43      2.00     6   7.0436
#        1237       0.01992      9.05      2.00     6   7.0453
#        1243       0.01939      4.74      2.00     7   7.0560
#        1244       0.01177      8.37      2.00     7   7.0569
#        1245       0.01212     11.87      2.00     7   7.0573
#        1251       0.01968      7.43      2.00     7   7.0654
#        1255       0.02067      6.98      2.00     6   7.0689
#        1256       0.01253     13.54      2.00     7   7.0708
#        1257       0.02512      6.61      2.00     6   7.0714
#        1259       0.01986      9.00      2.00     6   7.0740
#        1260       0.01996      5.45      2.00     7   7.0761
#        1262       0.02403      5.89      2.00     7   7.0773
#        1264       0.02290      5.47      2.00     7   7.0786
#        1266       0.01256     14.12      2.00     7   7.0806
#        1271       0.02365      6.07      2.00     7   7.0829
#        1273       0.02396      6.48      2.00     7   7.0841
#        1274       0.02008      7.50      2.00     7   7.0852
#        1284       0.02417      6.59      2.00     7   7.1035
#        1288       0.02202      8.09      2.00     6   7.1097
#        1293       0.02217      8.49      2.00     6   7.1256
#        1294       0.01763     10.75      2.00     7   7.1345
#        1297       0.02227      8.40      2.00     6   7.1565
#        1298       0.02521      5.23      2.00     7   7.1637
#        1299       0.01715      5.47      2.00     7   7.1645
#        1301       0.03557      7.28      2.00     7   7.1659
#        1305       0.01591      4.70      2.00     7   7.1758
#        1307       0.01619      5.27      2.00     7   7.1810
#        1308       0.02493      4.03      2.00     7   7.1843
#        1310       0.00762      4.95      2.00     6   7.1918
#        1311       0.02226      4.40      2.00     7   7.1941
#        1312       0.01782      9.78      2.00     7   7.2042
#        1313       0.01050      5.66      2.00     7   7.2042
#        1314       0.01695     10.83      2.00     7   7.2085
#        1315       0.01065      6.18      2.00     7   7.2085
#        1318       0.00739      6.03      2.00     6   7.2105
#        1319       0.00754      5.77      2.00     6   7.2125
#        1320       0.01772     11.01      2.00     7   7.2225
#        1321       0.01089      6.31      2.00     7   7.2225
#        1322       0.02905     12.82      2.00     7   7.2427
#        1323       0.01983     12.99      2.00     7   7.2434
#        1324       0.02027     18.54      2.00     7   7.2455
#        1325       0.01271      6.71      2.00     7   7.2643
#        1326       0.03301     13.69      2.00     7   7.2651
#        1327       0.01546      4.07      2.00     7   7.2647
#        1328       0.01495      8.06      2.00     7   7.2651
#        1329       0.02085     12.48      2.00     7   7.2659
#        1330       0.01301     10.04      2.00     7   7.2678
#        1331       0.02045     19.05      2.00     7   7.2678
#        1332       0.01312      7.63      2.00     7   7.2792
#        1333       0.01434      5.70      2.00     6   7.2795
#        1334       0.01330      8.69      2.00     7   7.2796
#        1335       0.03327      7.81      2.00     7   7.2869
#        1337       0.02215     16.12      2.00     7   7.2897
#        1339       0.03216     13.39      2.00     7   7.2932
#        1340       0.01969     12.30      2.00     7   7.2939
#        1341       0.02093     18.98      2.00     7   7.2961
#        1342       0.01319      8.80      2.00     7   7.2979
#        1343       0.01475      5.42      2.00     6   7.3055
#        1344       0.03273      5.96      2.00     7   7.3062
#        1345       0.01809      5.56      2.00     7   7.3065
#        1346       0.01030      4.34      2.00     7   7.3065
#        1351       0.01884     15.59      2.00     7   7.3232
#        1352       0.01805      9.43      2.00     7   7.3232
#        1353       0.01273      4.46      2.00     7   7.3237
#        1354       0.02100      7.11      2.00     7   7.3268
#        1355       0.01524      4.39      2.00     6   7.3293
#        1356       0.02627      7.60      2.00     7   7.3308
#        1357       0.02632      9.10      2.00     7   7.3308
#        1358       0.02616      4.42      2.00     7   7.3305
#        1359       0.01457      5.40      2.00     6   7.3327
#        1360       0.02051      9.37      2.00     7   7.3342
#        1361       0.02044     11.29      2.00     7   7.3342
#        1362       0.01769     14.98      2.00     7   7.3352
#        1363       0.01703      6.60      2.00     6   7.3400
#        1364       0.02429      7.95      2.00     7   7.3406
#        1365       0.02001     10.16      2.00     7   7.3444
#        1366       0.01778     15.21      2.00     7   7.3515
#        1367       0.01561      9.34      2.00     7   7.3515
#        1368       0.02168      7.03      2.00     7   7.3541
#        1369       0.01249      4.28      2.00     7   7.3555
#        1370       0.02552      7.49      2.00     7   7.3579
#        1371       0.02557      8.97      2.00     7   7.3579
#        1372       0.02040      9.33      2.00     7   7.3605
#        1373       0.02033     11.26      2.00     7   7.3605
#        1375       0.02330      4.63      2.00     7   7.3710
#        1376       0.01557      4.24      2.00     6   7.3788
#        1377       0.01485      4.03      2.00     7   7.3787
#        1380       0.02978      5.57      2.00     7   7.3819
#        1381       0.01348      4.93      2.00     6   7.3835
#        1382       0.01542      4.16      2.00     7   7.3855
#        1383       0.01205      4.84      2.00     6   7.3935
#        1385       0.01513     13.08      2.00     7   7.4060
#        1386       0.03309      5.48      2.00     7   7.4156
#        1387       0.01887      5.29      2.00     7   7.4181
#        1388       0.01446     13.11      2.00     7   7.4277
#        1389       0.01409     12.20      2.00     7   7.4307
#        1391       0.01364      8.62      2.00     7   7.5507
#        1392       0.01394      8.27      2.00     7   7.6010
#        1393       0.01678      5.07      2.00     7   7.6064
#        1394       0.01804      9.62      2.00     7   7.6143
#        1395       0.01549      4.76      2.00     7   7.6160
#        1396       0.01556      8.66      2.00     7   7.6310
#        1397       0.01567      5.00      2.00     7   7.6317
#        1398       0.03597      5.12      2.00     7   7.6383
#        1400       0.02100     33.96      2.00     7   7.6654
#        1401       0.02291     37.22      2.00     7   7.6880
#        1402       0.01818      8.52      2.00     7   7.6892
#        1404       0.01745      6.67      2.00     7   7.7089
#        1407       0.02211     36.82      2.00     7   7.7161
#        1408       0.03330      4.29      2.00     7   7.7259
#        1410       0.01586      9.06      2.00     7   7.7341
#        1411       0.01916      6.31      2.00     7   7.7426
#        1412       0.01717      6.26      2.00     7   7.7457
#        1415       0.01824      5.24      2.00     7   7.7587
#        1416       0.01830      6.31      2.00     7   7.7639
#        1418       0.01818      5.01      2.00     7   7.7934
#        1419       0.01857      5.07      2.00     7   7.8101
#        1420       0.01566      4.45      2.00     6   7.8301
#        1423       0.01421      4.14      2.00     6   8.0007
#   890/1237 paths used
#  xsedge+50, used to normalize mu           1.0000E+00
#  -----------------------------------------------------------------------
#  omega    e    k    mu    mu0     chi     @#
    9725.891   -204.606  -7.200 -2.56489E-06 -2.58867E-06  5.24468E-06
    9728.624   -201.872  -7.150 -5.74305E-06 -5.77211E-06  5.39030E-06
    9731.339   -199.158  -7.100 -8.92121E-06 -8.95554E-06  5.51177E-06
    9734.034   -196.462  -7.050 -1.20994E-05 -1.21390E-05  5.61912E-06
    9736.711   -193.786  -7.000 -1.52775E-05 -1.53224E-05  5.73324E-06
    9739.368   -191.128  -6.950 -1.84557E-05 -1.85059E-05  5.87188E-06
    9742.007   -188.490  -6.900 -2.16339E-05 -2.16893E-05  6.03751E-06
    9744.626   -185.871  -6.850 -2.47258E-05 -2.47928E-05  6.24767E-06
    9747.227   -183.270  -6.800 -2.77201E-05 -2.78057E-05  6.48773E-06
    9749.808   -180.689  -6.750 -3.07144E-05 -3.08187E-05  6.70816E-06
    9752.370   -178.127  -6.700 -3.37087E-05 -3.38317E-05  6.90924E-06
    9754.913   -175.584  -6.650 -3.67030E-05 -3.68446E-05  7.10540E-06
    9757.437   -173.059  -6.600 -3.96973E-05 -3.98576E-05  7.31676E-06
    9759.942   -170.554  -6.550 -4.26916E-05 -4.28706E-05  7.55687E-06
    9762.428   -168.068  -6.500 -4.56859E-05 -4.58835E-05  7.82411E-06
    9764.895   -165.601  -6.450 -4.85290E-05 -4.87844E-05  8.17235E-06
    9767.343   -163.154  -6.400 -5.12742E-05 -5.16127E-05  8.56137E-06
    9769.772   -160.725  -6.350 -5.40194E-05 -5.44410E-05  8.93438E-06
    9772.182   -158.315  -6.300 -5.67647E-05 -5.72692E-05  9.29156E-06
    9774.573   -155.924  -6.250 -5.95099E-05 -6.00975E-05  9.64612E-06
    9776.944   -153.552  -6.200 -6.22551E-05 -6.29258E-05  1.00175E-05
    9779.297   -151.200  -6.150 -6.50003E-05 -6.57541E-05  1.04208E-05
    9781.631   -148.866  -6.100 -6.77456E-05 -6.85824E-05  1.08583E-05
    9783.945   -146.552  -6.050 -7.03250E-05 -7.13638E-05  1.14111E-05
    9786.241   -144.256  -6.000 -7.23682E-05 -7.39940E-05  1.22807E-05
    9788.517   -141.980  -5.950 -7.44115E-05 -7.66242E-05  1.31573E-05
    9790.775   -139.722  -5.900 -7.64547E-05 -7.92543E-05  1.40338E-05
    9793.013   -137.484  -5.850 -7.84980E-05 -8.18845E-05  1.49161E-05
    9795.232   -135.264  -5.800 -8.05412E-05 -8.45147E-05  1.58210E-05
    9797.433   -133.064  -5.750 -8.25845E-05 -8.71448E-05  1.67686E-05
    9799.614   -130.883  -5.700 -8.46277E-05 -8.97750E-05  1.77727E-05
    9801.776   -128.721  -5.650 -8.66710E-05 -9.24052E-05  1.88332E-05
    9803.919   -126.578  -5.600 -8.20665E-05 -9.49831E-05  2.12254E-05
    9806.043   -124.454  -5.550 -5.67462E-05 -9.73983E-05  2.79581E-05
    9808.148   -122.349  -5.500 -3.14258E-05 -9.98135E-05  3.51677E-05
    9810.234   -120.263  -5.450 -6.10549E-06 -1.02229E-04  4.28305E-05
    9812.301   -118.196  -5.400  1.92148E-05 -1.04644E-04  5.09378E-05
    9814.349   -116.148  -5.350  4.45352E-05 -1.07059E-04  5.94964E-05
    9816.378   -114.119  -5.300  6.98555E-05 -1.09474E-04  6.85204E-05
    9818.388   -112.109  -5.250  9.51759E-05 -1.11889E-04  7.80182E-05
    9820.378   -110.119  -5.200  1.20496E-04 -1.14305E-04  8.79801E-05
    9822.350   -108.147  -5.150  1.45817E-04 -1.16720E-04  9.83737E-05
    9824.303   -106.194  -5.100  1.52785E-04 -1.19025E-04  1.54523E-04
    9826.236   -104.261  -5.050  1.38497E-04 -1.21203E-04  2.30044E-04
    9828.151   -102.346  -5.000  1.24208E-04 -1.23381E-04  2.43125E-04
    9830.046   -100.451  -4.950  1.09919E-04 -1.25559E-04  1.88321E-04
    9831.922    -98.574  -4.900  9.56304E-05 -1.27736E-04  7.91390E-05
    9833.780    -96.717  -4.850  8.13416E-05 -1.29914E-04 -5.52396E-05
    9835.618    -94.879  -4.800  6.70529E-05 -1.32092E-04 -1.77750E-04
    9837.437    -93.059  -4.750  5.27642E-05 -1.34270E-04 -2.53668E-04
    9839.238    -91.259  -4.700  3.84754E-05 -1.36448E-04 -2.60445E-04
    9841.019    -89.478  -4.650  2.41867E-05 -1.38626E-04 -1.94373E-04
    9842.781    -87.716  -4.600  9.89795E-06 -1.40803E-04 -7.21196E-05
    9844.524    -85.973  -4.550 -1.05283E-06 -1.42807E-04 -2.06226E-05
    9846.248    -84.249  -4.500 -1.01743E-05 -1.44716E-04 -1.94058E-05
    9847.953    -82.544  -4.450 -1.92957E-05 -1.46625E-04 -1.78742E-05
    9849.639    -80.858  -4.400 -2.84171E-05 -1.48533E-04 -1.60609E-05
    9851.306    -79.191  -4.350 -3.75385E-05 -1.50442E-04 -1.39862E-05
    9852.954    -77.543  -4.300 -4.66600E-05 -1.52351E-04 -1.16487E-05
    9854.582    -75.914  -4.250 -5.57814E-05 -1.54259E-04 -9.02189E-06
    9856.192    -74.305  -4.200 -6.49028E-05 -1.56168E-04 -6.06015E-06
    9857.783    -72.714  -4.150 -7.40243E-05 -1.58077E-04 -2.71035E-06
    9859.354    -71.142  -4.100 -8.31457E-05 -1.59985E-04  1.07192E-06
    9860.907    -69.590  -4.050 -9.22671E-05 -1.61894E-04  5.30746E-06
    9862.440    -68.056  -4.000 -1.01389E-04 -1.63803E-04  9.98421E-06
    9863.955    -66.542  -3.950 -1.07649E-04 -1.65593E-04  1.00905E-04
    9865.450    -65.046  -3.900 -1.08991E-04 -1.67180E-04  3.55164E-04
    9866.927    -63.570  -3.850 -1.10333E-04 -1.68768E-04  5.86270E-04
    9868.384    -62.113  -3.800 -1.11675E-04 -1.70355E-04  7.34225E-04
    9869.822    -60.674  -3.750 -1.13017E-04 -1.71942E-04  7.49665E-04
    9871.242    -59.255  -3.700 -1.14359E-04 -1.73530E-04  6.07121E-04
    9872.642    -57.855  -3.650 -1.15701E-04 -1.75117E-04  3.13966E-04
    9874.023    -56.474  -3.600 -1.17043E-04 -1.76705E-04 -8.73816E-05
    9875.385    -55.112  -3.550 -1.18385E-04 -1.78292E-04 -5.25089E-04
    9876.728    -53.769  -3.500 -1.19727E-04 -1.79879E-04 -9.10748E-04
    9878.052    -52.445  -3.450 -1.21069E-04 -1.81467E-04 -1.15712E-03
    9879.357    -51.140  -3.400 -1.22411E-04 -1.83054E-04 -1.19725E-03
    9880.643    -49.854  -3.350 -1.23753E-04 -1.84641E-04 -1.00088E-03
    9881.909    -48.587  -3.300 -1.25095E-04 -1.86229E-04 -5.84306E-04
    9883.157    -47.340  -3.250 -1.26437E-04 -1.87816E-04 -1.11423E-05
    9884.386    -46.111  -3.200 -1.26388E-04 -1.89051E-04  6.73508E-04
    9885.596    -44.901  -3.150 -1.25998E-04 -1.90200E-04  1.66020E-03
    9886.786    -43.711  -3.100 -1.25608E-04 -1.91349E-04  2.78757E-03
    9887.958    -42.539  -3.050 -1.25219E-04 -1.92498E-04  3.81618E-03
    9889.110    -41.386  -3.000 -1.24829E-04 -1.93647E-04  4.49500E-03
    9890.244    -40.253  -2.950 -1.24439E-04 -1.94796E-04  4.60543E-03
    9891.358    -39.139  -2.900 -1.24049E-04 -1.95946E-04  4.00123E-03
    9892.454    -38.043  -2.850 -1.23660E-04 -1.97095E-04  2.63847E-03
    9893.530    -36.967  -2.800 -1.23270E-04 -1.98244E-04  5.91577E-04
    9894.587    -35.910  -2.750 -1.22880E-04 -1.99393E-04 -1.94664E-03
    9895.625    -34.871  -2.700 -1.22491E-04 -2.00542E-04 -4.68145E-03
    9896.645    -33.852  -2.650 -1.22101E-04 -2.01691E-04 -7.24828E-03
    9897.645    -32.852  -2.600 -1.21711E-04 -2.02840E-04 -9.25805E-03
    9898.626    -31.871  -2.550 -1.21322E-04 -2.03989E-04 -1.03512E-02
    9899.588    -30.909  -2.500 -1.20932E-04 -2.05138E-04 -1.02540E-02
    9900.531    -29.966  -2.450 -1.20542E-04 -2.06287E-04 -8.82896E-03
    9901.455    -29.042  -2.400 -1.20152E-04 -2.07436E-04 -6.11021E-03
    9902.360    -28.137  -2.350 -1.19763E-04 -2.08585E-04 -2.31608E-03
    9903.245    -27.251  -2.300 -1.19373E-04 -2.09734E-04  2.16530E-03
    9904.112    -26.385  -2.250 -1.20610E-04 -2.10419E-04  5.97400E-01
    9904.960    -25.537  -2.200 -1.22198E-04 -2.11004E-04  1.14362E+00
    9905.789    -24.708  -2.150 -1.23785E-04 -2.11589E-04  8.19363E-01
    9906.598    -23.899  -2.100 -1.25372E-04 -2.12174E-04 -3.78639E-01
    9907.389    -23.108  -2.050 -1.26959E-04 -2.12759E-04 -1.70681E+00
    9908.160    -22.336  -2.000 -1.28546E-04 -2.13344E-04 -2.29248E+00
    9908.913    -21.584  -1.950 -1.30134E-04 -2.13929E-04 -1.84646E+00
    9909.646    -20.851  -1.900 -1.31721E-04 -2.14514E-04 -8.51267E-01
    9910.361    -20.136  -1.850 -1.33308E-04 -2.15098E-04 -7.10065E-02
    9911.056    -19.441  -1.800 -1.34895E-04 -2.15683E-04  1.63472E-01
    9911.732    -18.765  -1.750 -1.36482E-04 -2.16268E-04  2.29398E-01
    9912.389    -18.107  -1.700 -1.38070E-04 -2.16853E-04  7.68450E-01
    9913.028    -17.469  -1.650 -1.39657E-04 -2.17438E-04  1.90991E+00
    9913.647    -16.850  -1.600 -1.43116E-04 -2.17875E-04  4.30696E+00
    9914.247    -16.250  -1.550 -1.50074E-04 -2.18039E-04 -3.76175E+00
    9914.828    -15.669  -1.500 -1.58011E-04 -2.18123E-04 -8.65215E+00
    9915.390    -15.107  -1.450 -1.66768E-04 -2.18121E-04  6.06755E+00
    9915.933    -14.564  -1.400 -1.75996E-04 -2.18023E-04  4.37727E+00
    9916.456    -14.040  -1.350 -1.85045E-04 -2.17817E-04  3.41690E+00
    9916.961    -13.535  -1.300 -1.92780E-04 -2.17493E-04  4.08706E+00
    9917.447    -13.050  -1.250 -1.97329E-04 -2.17033E-04  6.57371E+00
    9917.914    -12.583  -1.200 -1.96298E-04 -2.16422E-04  7.98040E+00
    9918.361    -12.135  -1.150 -1.88231E-04 -2.15637E-04  3.20071E+00
    9918.790    -11.707  -1.100 -1.73734E-04 -2.14653E-04 -4.34437E+00
    9919.200    -11.297  -1.050 -1.54000E-04 -2.13439E-04 -8.72241E+00
    9919.590    -10.907  -1.000 -1.30323E-04 -2.11956E-04 -6.44442E+00
    9919.962    -10.535  -0.950 -1.04018E-04 -2.10160E-04  7.16517E-01
    9920.314    -10.183  -0.900 -7.63449E-05 -2.08000E-04  6.76689E+00
    9920.647     -9.849  -0.850 -4.83974E-05 -2.05405E-04  7.44362E+00
    9920.962     -9.535  -0.800 -2.10488E-05 -2.02303E-04  3.11365E+00
    9921.257     -9.240  -0.750  5.09897E-06 -1.98601E-04 -2.60988E+00
    9921.533     -8.963  -0.700  2.97442E-05 -1.94200E-04 -6.12053E+00
    9921.790     -8.706  -0.650  5.28415E-05 -1.88999E-04 -6.20165E+00
    9922.029     -8.468  -0.600  7.44333E-05 -1.82871E-04 -3.90306E+00
    9922.248     -8.249  -0.550  9.47702E-05 -1.75768E-04 -9.79635E-01
    9922.448     -8.049  -0.500  1.14029E-04 -1.67686E-04  1.36506E+00
    9922.629     -7.868  -0.450  1.32325E-04 -1.58740E-04  2.73582E+00
    9922.791     -7.706  -0.400  1.49649E-04 -1.49182E-04  3.24795E+00
    9922.933     -7.563  -0.350  1.65672E-04 -1.39435E-04  3.19444E+00
    9923.057     -7.439  -0.300  1.80175E-04 -1.30026E-04  2.85604E+00
    9923.162     -7.335  -0.250  1.92773E-04 -1.21475E-04  2.42289E+00
    9923.248     -7.249  -0.200  2.03073E-04 -1.14269E-04  2.01167E+00
    9923.314     -7.182  -0.150  2.28275E-04 -9.13419E-05  1.67590E+00
    9923.362     -7.135  -0.100  3.04164E-04 -1.64956E-05  1.51262E+00
    9923.391     -7.106  -0.050  3.80052E-04  5.83507E-05  1.34724E+00
    9923.400     -7.097   0.000  4.55138E-04  1.32396E-04  1.18057E+00
    9923.410     -7.087   0.050  4.17014E-04  1.36053E-04  1.02477E+00
    9923.438     -7.058   0.100  3.78730E-04  1.39709E-04  8.69294E-01
    9923.486     -7.011   0.150  3.40457E-04  1.43366E-04  7.14745E-01
    9923.553     -6.944   0.200  2.63126E-04  1.50139E-04  4.07440E-01
    9923.638     -6.858   0.250  1.66486E-04  1.58535E-04  2.84696E-02
    9923.743     -6.754   0.300  5.77631E-05  1.68215E-04 -3.92268E-01
    9923.867     -6.630   0.350 -5.09625E-05  1.78810E-04 -8.08814E-01
    9924.010     -6.487   0.400 -1.46009E-04  1.89838E-04 -1.17130E+00
    9924.172     -6.325   0.450 -2.15572E-04  2.00799E-04 -1.43869E+00
    9924.353     -6.144   0.500 -2.49741E-04  2.11264E-04 -1.57872E+00
    9924.553     -5.944   0.550 -2.44599E-04  2.20938E-04 -1.58104E+00
    9924.772     -5.725   0.600 -2.03110E-04  2.29659E-04 -1.45898E+00
    9925.010     -5.487   0.650 -1.34066E-04  2.37366E-04 -1.24449E+00
    9925.267     -5.230   0.700 -4.95810E-05  2.44036E-04 -9.79087E-01
    9925.543     -4.953   0.750  3.81384E-05  2.49727E-04 -7.03283E-01
    9925.839     -4.658   0.800  1.19238E-04  2.54484E-04 -4.48841E-01
    9926.153     -4.344   0.850  1.87678E-04  2.58350E-04 -2.34577E-01
    9926.486     -4.010   0.900  2.40935E-04  2.61394E-04 -6.80342E-02
    9926.839     -3.658   0.950  2.80167E-04  2.63646E-04  5.51373E-02
    9927.210     -3.287   1.000  3.07691E-04  2.65181E-04  1.42611E-01
    9927.601     -2.896   1.050  3.25632E-04  2.66054E-04  2.01223E-01
    9928.010     -2.486   1.100  3.36632E-04  2.66316E-04  2.39433E-01
    9928.439     -2.058   1.150  3.42377E-04  2.66041E-04  2.62402E-01
    9928.887     -1.610   1.200  3.43848E-04  2.65284E-04  2.72929E-01
    9929.353     -1.143   1.250  3.41774E-04  2.64104E-04  2.72965E-01
    9929.839     -0.658   1.300  3.36788E-04  2.62571E-04  2.64090E-01
    9930.344     -0.153   1.350  3.29552E-04  2.60733E-04  2.48114E-01
    9930.868      0.371   1.400  3.20825E-04  2.58652E-04  2.27242E-01
    9931.411      0.914   1.450  3.11409E-04  2.56377E-04  2.04000E-01
    9931.973      1.476   1.500  3.02004E-04  2.53950E-04  1.80720E-01
    9932.554      2.057   1.550  2.93097E-04  2.51417E-04  1.59050E-01
    9933.154      2.657   1.600  2.84871E-04  2.48812E-04  1.39640E-01
    9933.773      3.276   1.650  2.77258E-04  2.46177E-04  1.22144E-01
    9934.411      3.914   1.700  2.69996E-04  2.43528E-04  1.05535E-01
    9935.068      4.572   1.750  2.62833E-04  2.40894E-04  8.87418E-02
    9935.745      5.248   1.800  2.55705E-04  2.38296E-04  7.14148E-02
    9936.440      5.943   1.850  2.48788E-04  2.35747E-04  5.42360E-02
    9937.154      6.657   1.900  2.42494E-04  2.33254E-04  3.89418E-02
    9937.888      7.391   1.950  2.37274E-04  2.30797E-04  2.76510E-02
    9938.640      8.143   2.000  2.33223E-04  2.28318E-04  2.12199E-02
    9939.412      8.915   2.050  2.30443E-04  2.25859E-04  2.00993E-02
    9940.202      9.705   2.100  2.28954E-04  2.23741E-04  2.31710E-02
    9941.012     10.515   2.150  2.28986E-04  2.22699E-04  2.83137E-02
    9941.841     11.344   2.200  2.29759E-04  2.22479E-04  3.31187E-02
    9942.688     12.191   2.250  2.30510E-04  2.22866E-04  3.49868E-02
    9943.555     13.058   2.300  2.30863E-04  2.23702E-04  3.28528E-02
    9944.441     13.944   2.350  2.30882E-04  2.24881E-04  2.75421E-02
    9945.346     14.849   2.400  2.31074E-04  2.26127E-04  2.26904E-02
    9946.270     15.773   2.450  2.30107E-04  2.26187E-04  1.79807E-02
    9947.213     16.716   2.500  2.28152E-04  2.25698E-04  1.12812E-02
    9948.175     17.678   2.550  2.25464E-04  2.24974E-04  2.25764E-03
    9949.156     18.659   2.600  2.22277E-04  2.24190E-04 -8.85453E-03
    9950.156     19.659   2.650  2.18751E-04  2.23400E-04 -2.15806E-02
    9951.175     20.678   2.700  2.15044E-04  2.22623E-04 -3.52806E-02
    9952.213     21.716   2.750  2.11359E-04  2.21909E-04 -4.92227E-02
    9953.270     22.774   2.800  2.07885E-04  2.21288E-04 -6.26215E-02
    9954.347     23.850   2.850  2.04804E-04  2.20775E-04 -7.46636E-02
    9955.442     24.945   2.900  2.02223E-04  2.20324E-04 -8.46276E-02
    9956.557     26.060   2.950  2.00323E-04  2.19950E-04 -9.17312E-02
    9957.690     27.193   3.000  1.99251E-04  2.19652E-04 -9.52790E-02
    9958.843     28.346   3.050  1.99116E-04  2.19417E-04 -9.47043E-02
    9960.014     29.517   3.100  1.99980E-04  2.19250E-04 -8.97624E-02
    9961.205     30.708   3.150  2.01839E-04  2.19154E-04 -8.05245E-02
    9962.414     31.918   3.200  2.04587E-04  2.19116E-04 -6.74310E-02
    9963.643     33.146   3.250  2.08073E-04  2.19142E-04 -5.12631E-02
    9964.891     34.394   3.300  2.12069E-04  2.19221E-04 -3.30463E-02
    9966.158     35.661   3.350  2.16330E-04  2.19352E-04 -1.39314E-02
    9967.444     36.947   3.400  2.20599E-04  2.19524E-04  4.93803E-03
    9968.749     38.252   3.450  2.24669E-04  2.19752E-04  2.25386E-02
    9970.072     39.576   3.500  2.28340E-04  2.20009E-04  3.80848E-02
    9971.416     40.919   3.550  2.31512E-04  2.20305E-04  5.10871E-02
    9972.778     42.281   3.600  2.34116E-04  2.20630E-04  6.12996E-02
    9974.159     43.662   3.650  2.36137E-04  2.20970E-04  6.87448E-02
    9975.559     45.062   3.700  2.37610E-04  2.21334E-04  7.35625E-02
    9976.978     46.481   3.750  2.38562E-04  2.21708E-04  7.59672E-02
    9978.416     47.920   3.800  2.39026E-04  2.22092E-04  7.61209E-02
    9979.874     49.377   3.850  2.39005E-04  2.22475E-04  7.41091E-02
    9981.350     50.853   3.900  2.38497E-04  2.22859E-04  6.99380E-02
    9982.845     52.349   3.950  2.37480E-04  2.23231E-04  6.35734E-02
    9984.360     53.863   4.000  2.35949E-04  2.23594E-04  5.50028E-02
    9985.893     55.397   4.050  2.33918E-04  2.23943E-04  4.43162E-02
    9987.446     56.949   4.100  2.31435E-04  2.24271E-04  3.17656E-02
    9989.018     58.521   4.150  2.28593E-04  2.24575E-04  1.77834E-02
    9990.608     60.112   4.200  2.25530E-04  2.24852E-04  2.99828E-03
    9992.218     61.721   4.250  2.22415E-04  2.25100E-04 -1.18474E-02
    9993.847     63.350   4.300  2.19435E-04  2.25317E-04 -2.59250E-02
    9995.495     64.998   4.350  2.16773E-04  2.25506E-04 -3.84509E-02
    9997.161     66.665   4.400  2.14573E-04  2.25655E-04 -4.87501E-02
    9998.847     68.351   4.450  2.12959E-04  2.25776E-04 -5.63350E-02
   10000.552     70.056   4.500  2.11985E-04  2.25857E-04 -6.09418E-02
   10002.276     71.780   4.550  2.11659E-04  2.25902E-04 -6.25457E-02
   10004.019     73.523   4.600  2.11945E-04  2.25915E-04 -6.13287E-02
   10005.782     75.285   4.650  2.12763E-04  2.25895E-04 -5.76481E-02
   10007.563     77.066   4.700  2.14012E-04  2.25848E-04 -5.19554E-02
   10009.363     78.866   4.750  2.15576E-04  2.25768E-04 -4.47465E-02
   10011.182     80.685   4.800  2.17351E-04  2.25665E-04 -3.65084E-02
   10013.021     82.524   4.850  2.19232E-04  2.25530E-04 -2.76654E-02
   10014.878     84.381   4.900  2.21151E-04  2.25379E-04 -1.85805E-02
   10016.754     86.258   4.950  2.23041E-04  2.25210E-04 -9.53920E-03
   10018.650     88.153   5.000  2.24850E-04  2.25021E-04 -7.50134E-04
   10020.564     90.068   5.050  2.26551E-04  2.24822E-04  7.61298E-03
   10022.498     92.001   5.100  2.28105E-04  2.24607E-04  1.54058E-02
   10024.450     93.954   5.150  2.29497E-04  2.24394E-04  2.24877E-02
   10026.422     95.925   5.200  2.30680E-04  2.24171E-04  2.87066E-02
   10028.413     97.916   5.250  2.31631E-04  2.23949E-04  3.38959E-02
   10030.423     99.926   5.300  2.32308E-04  2.23729E-04  3.78817E-02
   10032.451    101.955   5.350  2.32677E-04  2.23513E-04  4.04880E-02
   10034.499    104.003   5.400  2.32705E-04  2.23303E-04  4.15636E-02
   10036.566    106.069   5.450  2.32369E-04  2.23098E-04  4.10050E-02
   10038.652    108.155   5.500  2.31669E-04  2.22907E-04  3.87728E-02
   10040.757    110.260   5.550  2.30616E-04  2.22729E-04  3.49169E-02
   10042.881    112.385   5.600  2.29243E-04  2.22563E-04  2.95880E-02
   10045.024    114.528   5.650  2.27609E-04  2.22412E-04  2.30292E-02
   10047.187    116.690   5.700  2.25787E-04  2.22274E-04  1.55725E-02
   10049.368    118.871   5.750  2.23874E-04  2.22155E-04  7.61823E-03
   10051.568    121.071   5.800  2.21957E-04  2.22048E-04 -4.03116E-04
   10053.787    123.291   5.850  2.20142E-04  2.21959E-04 -8.05971E-03
   10056.026    125.529   5.900  2.18516E-04  2.21887E-04 -1.49525E-02
   10058.283    127.786   5.950  2.17151E-04  2.21828E-04 -2.07507E-02
   10060.560    130.063   6.000  2.16098E-04  2.21781E-04 -2.52112E-02
   10062.855    132.358   6.050  2.15396E-04  2.21749E-04 -2.81874E-02
   10065.170    134.673   6.100  2.15050E-04  2.21729E-04 -2.96374E-02
   10067.503    137.007   6.150  2.15044E-04  2.21718E-04 -2.96121E-02
   10069.856    139.359   6.200  2.15351E-04  2.21715E-04 -2.82405E-02
   10072.228    141.731   6.250  2.15923E-04  2.21717E-04 -2.57133E-02
   10074.618    144.122   6.300  2.16710E-04  2.21725E-04 -2.22606E-02
   10077.028    146.532   6.350  2.17651E-04  2.21736E-04 -1.81322E-02
   10079.457    148.960   6.400  2.18690E-04  2.21750E-04 -1.35805E-02
   10081.905    151.408   6.450  2.19767E-04  2.21759E-04 -8.84589E-03
   10084.372    153.875   6.500  2.20834E-04  2.21767E-04 -4.14367E-03
   10086.858    156.361   6.550  2.21848E-04  2.21771E-04  3.42613E-04
   10089.363    158.866   6.600  2.22773E-04  2.21768E-04  4.46519E-03
   10091.887    161.390   6.650  2.23579E-04  2.21754E-04  8.11469E-03
   10094.430    163.934   6.700  2.24248E-04  2.21726E-04  1.12159E-02
   10096.993    166.496   6.750  2.24780E-04  2.21695E-04  1.37238E-02
   10099.574    169.077   6.800  2.25153E-04  2.21644E-04  1.56153E-02
   10102.174    171.677   6.850  2.25371E-04  2.21580E-04  1.68831E-02
   10104.794    174.297   6.900  2.25438E-04  2.21505E-04  1.75278E-02
   10107.432    176.935   6.950  2.25348E-04  2.21412E-04  1.75552E-02
   10110.089    179.593   7.000  2.25108E-04  2.21305E-04  1.69751E-02
   10112.766    182.269   7.050  2.24718E-04  2.21180E-04  1.58037E-02
   10115.461    184.965   7.100  2.24189E-04  2.21042E-04  1.40691E-02
   10118.176    187.679   7.150  2.23528E-04  2.20887E-04  1.18197E-02
   10120.910    190.413   7.200  2.22751E-04  2.20714E-04  9.12685E-03
   10123.662    193.166   7.250  2.21885E-04  2.20528E-04  6.08942E-03
   10126.434    195.937   7.300  2.20956E-04  2.20325E-04  2.83315E-03
   10129.225    198.728   7.350  2.20005E-04  2.20115E-04 -4.95082E-04
   10132.035    201.538   7.400  2.19056E-04  2.19886E-04 -3.73645E-03
   10134.864    204.367   7.450  2.18161E-04  2.19654E-04 -6.73217E-03
   10137.712    207.215   7.500  2.17342E-04  2.19410E-04 -9.33534E-03
   10140.579    210.082   7.550  2.16629E-04  2.19157E-04 -1.14237E-02
   10143.465    212.968   7.600  2.16048E-04  2.18901E-04 -1.29077E-02
   10146.370    215.873   7.650  2.15604E-04  2.18635E-04 -1.37365E-02
   10149.294    218.797   7.700  2.15307E-04  2.18370E-04 -1.38992E-02
   10152.237    221.741   7.750  2.15150E-04  2.18104E-04 -1.34211E-02
   10155.200    224.703   7.800  2.15117E-04  2.17834E-04 -1.23613E-02
   10158.181    227.684   7.850  2.15202E-04  2.17574E-04 -1.08029E-02
   10161.181    230.685   7.900  2.15370E-04  2.17309E-04 -8.84642E-03
   10164.201    233.704   7.950  2.15602E-04  2.17048E-04 -6.60355E-03
   10167.239    236.742   8.000  2.15884E-04  2.16800E-04 -4.18870E-03
   10170.297    239.800   8.050  2.16175E-04  2.16549E-04 -1.71515E-03
   10173.373    242.877   8.100  2.16467E-04  2.16312E-04  7.09649E-04
   10176.469    245.972   8.150  2.16728E-04  2.16077E-04  2.98735E-03
   10179.584    249.087   8.200  2.16949E-04  2.15853E-04  5.03089E-03
   10182.717    252.220   8.250  2.17109E-04  2.15637E-04  6.76696E-03
   10185.870    255.373   8.300  2.17194E-04  2.15426E-04  8.13701E-03
   10189.042    258.545   8.350  2.17203E-04  2.15229E-04  9.09826E-03
   10192.233    261.736   8.400  2.17128E-04  2.15041E-04  9.62539E-03
   10195.443    264.946   8.450  2.16962E-04  2.14859E-04  9.71038E-03
   10198.672    268.175   8.500  2.16709E-04  2.14683E-04  9.36266E-03
   10201.920    271.423   8.550  2.16379E-04  2.14518E-04  8.60926E-03
   10205.187    274.690   8.600  2.15973E-04  2.14355E-04  7.49407E-03
   10208.473    277.976   8.650  2.15516E-04  2.14205E-04  6.07599E-03
   10211.778    281.281   8.700  2.15008E-04  2.14053E-04  4.42749E-03
   10215.102    284.605   8.750  2.14474E-04  2.13907E-04  2.63160E-03
   10218.445    287.949   8.800  2.13936E-04  2.13769E-04  7.78214E-04
   10221.808    291.311   8.850  2.13401E-04  2.13625E-04 -1.04027E-03
   10225.189    294.692   8.900  2.12900E-04  2.13487E-04 -2.73408E-03
   10228.589    298.093   8.950  2.12445E-04  2.13350E-04 -4.22122E-03
   10232.009    301.512   9.000  2.12047E-04  2.13211E-04 -5.43297E-03
   10235.447    304.951   9.050  2.11715E-04  2.13067E-04 -6.31776E-03
   10238.905    308.408   9.100  2.11458E-04  2.12921E-04 -6.84433E-03
   10242.382    311.885   9.150  2.11276E-04  2.12772E-04 -7.00332E-03
   10245.877    315.381   9.200  2.11163E-04  2.12616E-04 -6.80737E-03
   10249.392    318.895   9.250  2.11118E-04  2.12458E-04 -6.28821E-03
   10252.926    322.429   9.300  2.11128E-04  2.12297E-04 -5.49423E-03
   10256.479    325.982   9.350  2.11169E-04  2.12122E-04 -4.48506E-03
   10260.050    329.554   9.400  2.11238E-04  2.11945E-04 -3.32742E-03
   10263.641    333.145   9.450  2.11320E-04  2.11763E-04 -2.08962E-03
   10267.251    336.755   9.500  2.11391E-04  2.11568E-04 -8.37791E-04
   10270.880    340.384   9.550  2.11448E-04  2.11370E-04  3.68061E-04
   10274.528    344.032   9.600  2.11475E-04  2.11163E-04  1.47649E-03
   10278.195    347.699   9.650  2.11468E-04  2.10952E-04  2.44606E-03
   10281.882    351.385   9.700  2.11418E-04  2.10734E-04  3.24622E-03
   10285.587    355.090   9.750  2.11319E-04  2.10507E-04  3.85675E-03
   10289.311    358.814   9.800  2.11174E-04  2.10277E-04  4.26724E-03
   10293.054    362.558   9.850  2.10986E-04  2.10046E-04  4.47593E-03
   10296.817    366.320   9.900  2.10747E-04  2.09806E-04  4.48817E-03
   10300.598    370.101   9.950  2.10464E-04  2.09561E-04  4.31540E-03
   10304.399    373.902  10.000  2.10144E-04  2.09314E-04  3.97393E-03
   10308.218    377.721  10.050  2.09793E-04  2.09065E-04  3.48421E-03
   10312.057    381.560  10.100  2.09415E-04  2.08816E-04  2.87008E-03
   10315.914    385.418  10.150  2.09015E-04  2.08566E-04  2.15868E-03
   10319.791    389.294  10.200  2.08604E-04  2.08316E-04  1.38005E-03
   10323.687    393.190  10.250  2.08186E-04  2.08068E-04  5.66792E-04
   10327.601    397.105  10.300  2.07769E-04  2.07820E-04 -2.46824E-04
   10331.535    401.038  10.350  2.07362E-04  2.07574E-04 -1.02539E-03
   10335.488    404.991  10.400  2.06976E-04  2.07336E-04 -1.73454E-03
   10339.460    408.963  10.450  2.06613E-04  2.07098E-04 -2.34227E-03
   10343.451    412.954  10.500  2.06285E-04  2.06868E-04 -2.82123E-03
   10347.461    416.964  10.550  2.05989E-04  2.06640E-04 -3.15043E-03
   10351.490    420.993  10.600  2.05731E-04  2.06415E-04 -3.31702E-03
   10355.538    425.041  10.650  2.05520E-04  2.06204E-04 -3.31738E-03
   10359.605    429.109  10.700  2.05340E-04  2.05990E-04 -3.15701E-03
   10363.691    433.195  10.750  2.05203E-04  2.05790E-04 -2.85045E-03
   10367.797    437.300  10.800  2.05094E-04  2.05591E-04 -2.41980E-03
   10371.921    441.424  10.850  2.05007E-04  2.05396E-04 -1.89302E-03
   10376.064    445.568  10.900  2.04940E-04  2.05207E-04 -1.30173E-03
   10380.227    449.730  10.950  2.04888E-04  2.05027E-04 -6.79161E-04
   10384.408    453.912  11.000  2.04831E-04  2.04843E-04 -5.77567E-05
   10388.609    458.112  11.050  2.04779E-04  2.04670E-04  5.32377E-04
   10392.828    462.332  11.100  2.04712E-04  2.04494E-04  1.06507E-03
   10397.067    466.570  11.150  2.04634E-04  2.04323E-04  1.51886E-03
   10401.325    470.828  11.200  2.04537E-04  2.04153E-04  1.87768E-03
   10405.601    475.105  11.250  2.04419E-04  2.03984E-04  2.13085E-03
   10409.897    479.400  11.300  2.04274E-04  2.03809E-04  2.27325E-03
   10414.212    483.715  11.350  2.04110E-04  2.03640E-04  2.30451E-03
   10418.546    488.049  11.400  2.03923E-04  2.03468E-04  2.22904E-03
   10422.899    492.402  11.450  2.03709E-04  2.03290E-04  2.05512E-03
   10427.271    496.774  11.500  2.03476E-04  2.03111E-04  1.79474E-03
   10431.662    501.165  11.550  2.03227E-04  2.02930E-04  1.46275E-03
   10436.072    505.575  11.600  2.02960E-04  2.02741E-04  1.07630E-03
   10440.501    510.004  11.650  2.02679E-04  2.02546E-04  6.54530E-04
   10444.949    514.452  11.700  2.02396E-04  2.02352E-04  2.17512E-04
   10449.416    518.919  11.750  2.02103E-04  2.02146E-04 -2.14212E-04
   10453.902    523.406  11.800  2.01810E-04  2.01936E-04 -6.20555E-04
   10458.408    527.911  11.850  2.01526E-04  2.01725E-04 -9.82818E-04
   10462.932    532.435  11.900  2.01240E-04  2.01499E-04 -1.28454E-03
   10467.475    536.979  11.950  2.00971E-04  2.01276E-04 -1.51241E-03
   10472.038    541.541  12.000  2.00705E-04  2.01039E-04 -1.65701E-03
   10476.619    546.123  12.050  2.00456E-04  2.00800E-04 -1.71333E-03
   10481.220    550.723  12.100  2.00221E-04  2.00558E-04 -1.68122E-03
   10485.840    555.343  12.150  1.99996E-04  2.00310E-04 -1.56534E-03
   10490.478    559.981  12.200  1.99785E-04  2.00060E-04 -1.37476E-03
   10495.136    564.639  12.250  1.99578E-04  1.99803E-04 -1.12242E-03
   10499.813    569.316  12.300  1.99379E-04  1.99543E-04 -8.24086E-04
   10504.508    574.012  12.350  1.99177E-04  1.99276E-04 -4.97468E-04
   10509.223    578.727  12.400  1.98982E-04  1.99014E-04 -1.60988E-04
   10513.957    583.461  12.450  1.98780E-04  1.98747E-04  1.67320E-04
   10518.710    588.213  12.500  1.98573E-04  1.98479E-04  4.70965E-04
   10523.482    592.985  12.550  1.98356E-04  1.98210E-04  7.35602E-04
   10528.273    597.777  12.600  1.98130E-04  1.97942E-04  9.49820E-04
   10533.083    602.587  12.650  1.97898E-04  1.97679E-04  1.10552E-03
   10537.913    607.416  12.700  1.97649E-04  1.97412E-04  1.19801E-03
   10542.761    612.264  12.750  1.97388E-04  1.97146E-04  1.22646E-03
   10547.628    617.131  12.800  1.97121E-04  1.96885E-04  1.19288E-03
   10552.514    622.018  12.850  1.96844E-04  1.96627E-04  1.10256E-03
   10557.420    626.923  12.900  1.96566E-04  1.96376E-04  9.63335E-04
   10562.344    631.847  12.950  1.96276E-04  1.96121E-04  7.84948E-04
   10567.288    636.791  13.000  1.95986E-04  1.95873E-04  5.78512E-04
   10572.250    641.753  13.050  1.95702E-04  1.95632E-04  3.55872E-04
   10577.232    646.735  13.100  1.95418E-04  1.95393E-04  1.28956E-04
   10582.232    651.735  13.150  1.95136E-04  1.95154E-04 -9.10165E-05
   10587.252    656.755  13.200  1.94859E-04  1.94916E-04 -2.93811E-04
   10592.291    661.794  13.250  1.94594E-04  1.94686E-04 -4.70766E-04
   10597.348    666.852  13.300  1.94337E-04  1.94457E-04 -6.15190E-04
   10602.425    671.928  13.350  1.94090E-04  1.94230E-04 -7.22329E-04
   10607.521    677.024  13.400  1.93854E-04  1.94008E-04 -7.89552E-04
   10612.636    682.139  13.450  1.93624E-04  1.93783E-04 -8.16345E-04
   10617.770    687.273  13.500  1.93407E-04  1.93563E-04 -8.04000E-04
   10622.923    692.426  13.550  1.93198E-04  1.93344E-04 -7.55481E-04
   10628.095    697.598  13.600  1.92994E-04  1.93125E-04 -6.75172E-04
   10633.286    702.789  13.650  1.92796E-04  1.92906E-04 -5.68488E-04
   10638.496    707.999  13.700  1.92601E-04  1.92687E-04 -4.41541E-04
   10643.725    713.229  13.750  1.92407E-04  1.92465E-04 -3.00960E-04
   10648.974    718.477  13.800  1.92209E-04  1.92239E-04 -1.53521E-04
   10654.241    723.744  13.850  1.92015E-04  1.92016E-04 -5.93145E-06
   10659.527    729.030  13.900  1.91814E-04  1.91788E-04  1.35541E-04
   10664.833    734.336  13.950  1.91609E-04  1.91558E-04  2.65024E-04
   10670.157    739.660  14.000  1.91393E-04  1.91320E-04  3.77462E-04
   10675.501    745.004  14.050  1.91171E-04  1.91081E-04  4.68542E-04
   10680.863    750.366  14.100  1.90944E-04  1.90841E-04  5.35016E-04
   10686.245    755.748  14.150  1.90703E-04  1.90593E-04  5.74605E-04
   10691.645    761.149  14.200  1.90456E-04  1.90344E-04  5.86190E-04
   10697.065    766.568  14.250  1.90201E-04  1.90092E-04  5.69893E-04
   10702.504    772.007  14.300  1.89934E-04  1.89833E-04  5.27067E-04
   10707.962    777.465  14.350  1.89661E-04  1.89574E-04  4.60152E-04
   10713.439    782.942  14.400  1.89382E-04  1.89311E-04  3.72792E-04
   10718.934    788.438  14.450  1.89094E-04  1.89043E-04  2.69591E-04
   10724.449    793.953  14.500  1.88802E-04  1.88773E-04  1.55886E-04
   10729.983    799.487  14.550  1.88502E-04  1.88495E-04  3.76081E-05
   10735.536    805.040  14.600  1.88203E-04  1.88218E-04 -7.91841E-05
   10741.109    810.612  14.650  1.87910E-04  1.87945E-04 -1.88425E-04
   10746.700    816.203  14.700  1.87610E-04  1.87664E-04 -2.84665E-04
   10752.310    821.813  14.750  1.87310E-04  1.87378E-04 -3.63156E-04
   10757.939    827.442  14.800  1.87019E-04  1.87098E-04 -4.20253E-04
   10763.587    833.091  14.850  1.86733E-04  1.86818E-04 -4.53614E-04
   10769.255    838.758  14.900  1.86444E-04  1.86531E-04 -4.62262E-04
   10774.941    844.444  14.950  1.86167E-04  1.86250E-04 -4.46744E-04
   10780.647    850.150  15.000  1.85895E-04  1.85971E-04 -4.08916E-04
   10786.371    855.874  15.050  1.85626E-04  1.85691E-04 -3.51794E-04
   10792.115    861.618  15.100  1.85360E-04  1.85412E-04 -2.79399E-04
   10797.877    867.381  15.150  1.85099E-04  1.85136E-04 -1.96371E-04
   10803.659    873.162  15.200  1.84844E-04  1.84864E-04 -1.07658E-04
   10809.460    878.963  15.250  1.84590E-04  1.84593E-04 -1.82331E-05
   10815.279    884.783  15.300  1.84337E-04  1.84324E-04  6.71890E-05
   10821.118    890.621  15.350  1.84084E-04  1.84058E-04  1.44466E-04
   10826.976    896.479  15.400  1.83836E-04  1.83798E-04  2.10210E-04
   10832.853    902.356  15.450  1.83586E-04  1.83538E-04  2.61774E-04
   10838.749    908.252  15.500  1.83334E-04  1.83279E-04  2.97555E-04
   10844.664    914.167  15.550  1.83078E-04  1.83020E-04  3.16716E-04
   10850.598    920.101  15.600  1.82822E-04  1.82764E-04  3.19476E-04
   10856.551    926.054  15.650  1.82570E-04  1.82514E-04  3.06732E-04
   10862.523    932.026  15.700  1.82315E-04  1.82264E-04  2.80119E-04
   10868.514    938.018  15.750  1.82059E-04  1.82015E-04  2.41869E-04
   10874.525    944.028  15.800  1.81802E-04  1.81766E-04  1.94649E-04
   10880.554    950.057  15.850  1.81549E-04  1.81523E-04  1.41330E-04
   10886.602    956.106  15.900  1.81291E-04  1.81276E-04  8.49167E-05
   10892.670    962.173  15.950  1.81033E-04  1.81028E-04  2.83777E-05
   10898.756    968.259  16.000  1.80780E-04  1.80785E-04 -2.55930E-05
   10904.862    974.365  16.050  1.80522E-04  1.80535E-04 -7.46107E-05
   10910.986    980.489  16.100  1.80265E-04  1.80286E-04 -1.16739E-04
   10917.130    986.633  16.150  1.80009E-04  1.80036E-04 -1.50591E-04
   10923.292    992.796  16.200  1.79749E-04  1.79781E-04 -1.75215E-04
   10929.474    998.977  16.250  1.79494E-04  1.79528E-04 -1.90319E-04
   10935.675   1005.178  16.300  1.79234E-04  1.79269E-04 -1.95940E-04
   10941.895   1011.398  16.350  1.78975E-04  1.79010E-04 -1.92611E-04
   10948.134   1017.637  16.400  1.78717E-04  1.78750E-04 -1.81180E-04
   10954.391   1023.895  16.450  1.78453E-04  1.78482E-04 -1.62681E-04
   10960.668   1030.172  16.500  1.78194E-04  1.78219E-04 -1.38391E-04
   10966.964   1036.468  16.550  1.77929E-04  1.77949E-04 -1.09707E-04
   10973.279   1042.783  16.600  1.77657E-04  1.77671E-04 -7.80152E-05
   10979.614   1049.117  16.650  1.77386E-04  1.77394E-04 -4.48493E-05
   10985.967   1055.470  16.700  1.77117E-04  1.77119E-04 -1.16196E-05
   10992.339   1061.842  16.750  1.76836E-04  1.76833E-04  2.03042E-05
   10998.730   1068.233  16.800  1.76561E-04  1.76552E-04  4.96266E-05
   11005.140   1074.644  16.850  1.76277E-04  1.76264E-04  7.51984E-05
   11011.570   1081.073  16.900  1.75992E-04  1.75975E-04  9.60668E-05
   11018.018   1087.521  16.950  1.75705E-04  1.75685E-04  1.11556E-04
   11024.486   1093.989  17.000  1.75417E-04  1.75396E-04  1.21194E-04
   11030.972   1100.475  17.050  1.75126E-04  1.75104E-04  1.24825E-04
   11037.478   1106.981  17.100  1.74835E-04  1.74813E-04  1.22527E-04
   11044.002   1113.506  17.150  1.74538E-04  1.74518E-04  1.14709E-04
   11050.546   1120.049  17.200  1.74245E-04  1.74228E-04  1.01948E-04
   11057.109   1126.612  17.250  1.73951E-04  1.73936E-04  8.50626E-05
   11063.690   1133.194  17.300  1.73657E-04  1.73646E-04  6.50205E-05
   11070.291   1139.794  17.350  1.73363E-04  1.73356E-04  4.28732E-05
   11076.911   1146.414  17.400  1.73070E-04  1.73067E-04  1.97286E-05
   11083.550   1153.053  17.450  1.72779E-04  1.72780E-04 -3.23282E-06
   11090.208   1159.711  17.500  1.72487E-04  1.72492E-04 -2.49595E-05
   11096.885   1166.388  17.550  1.72203E-04  1.72211E-04 -4.44387E-05
   11103.581   1173.084  17.600  1.71921E-04  1.71931E-04 -6.07723E-05
   11110.296   1179.799  17.650  1.71639E-04  1.71652E-04 -7.32791E-05
   11117.030   1186.533  17.700  1.71359E-04  1.71373E-04 -8.14612E-05
   11123.783   1193.287  17.750  1.71079E-04  1.71094E-04 -8.50734E-05
   11130.556   1200.059  17.800  1.70808E-04  1.70823E-04 -8.41389E-05
   11137.347   1206.850  17.850  1.70534E-04  1.70547E-04 -7.88888E-05
   11144.157   1213.660  17.900  1.70266E-04  1.70277E-04 -6.98561E-05
   11150.987   1220.490  17.950  1.69998E-04  1.70008E-04 -5.77465E-05
   11157.835   1227.338  18.000  1.69732E-04  1.69739E-04 -4.33976E-05
   11164.703   1234.206  18.050  1.69471E-04  1.69476E-04 -2.77106E-05
   11171.589   1241.092  18.100  1.69208E-04  1.69210E-04 -1.16738E-05
   11178.495   1247.998  18.150  1.68948E-04  1.68947E-04  3.85910E-06
   11185.419   1254.923  18.200  1.68683E-04  1.68680E-04  1.80736E-05
   11192.363   1261.866  18.250  1.68417E-04  1.68412E-04  3.03191E-05
   11199.326   1268.829  18.300  1.68156E-04  1.68149E-04  4.01141E-05
   11206.308   1275.811  18.350  1.67890E-04  1.67882E-04  4.71514E-05
   11213.308   1282.812  18.400  1.67622E-04  1.67614E-04  5.12668E-05
   11220.328   1289.832  18.450  1.67353E-04  1.67345E-04  5.25241E-05
   11227.367   1296.871  18.500  1.67084E-04  1.67075E-04  5.10517E-05
   11234.425   1303.929  18.550  1.66814E-04  1.66806E-04  4.71662E-05
   11241.502   1311.006  18.600  1.66540E-04  1.66534E-04  4.12407E-05
   11248.598   1318.102  18.650  1.66261E-04  1.66255E-04  3.37685E-05
   11255.714   1325.217  18.700  1.65988E-04  1.65984E-04  2.52089E-05
   11262.848   1332.351  18.750  1.65706E-04  1.65703E-04  1.60972E-05
   11270.001   1339.504  18.800  1.65418E-04  1.65417E-04  6.96334E-06
   11277.173   1346.677  18.850  1.65137E-04  1.65137E-04 -1.71522E-06
   11284.365   1353.868  18.900  1.64848E-04  1.64849E-04 -9.52548E-06
   11291.575   1361.078  18.950  1.64563E-04  1.64566E-04 -1.61227E-05
   11298.804   1368.308  19.000  1.64273E-04  1.64277E-04 -2.12761E-05
   11306.053   1375.556  19.050  1.63983E-04  1.63987E-04 -2.48411E-05
   11313.321   1382.824  19.100  1.63688E-04  1.63692E-04 -2.68239E-05
   11320.607   1390.110  19.150  1.63396E-04  1.63400E-04 -2.72955E-05
   11327.913   1397.416  19.200  1.63106E-04  1.63110E-04 -2.63960E-05
   11335.237   1404.741  19.250  1.62808E-04  1.62812E-04 -2.43792E-05
   11342.581   1412.084  19.300  1.62510E-04  1.62513E-04 -2.14729E-05
   11349.944   1419.447  19.350  1.62220E-04  1.62223E-04 -1.79707E-05
   11357.326   1426.829  19.400  1.61923E-04  1.61925E-04 -1.41243E-05
   11364.727   1434.230  19.450  1.61625E-04  1.61627E-04 -1.01654E-05
   11372.147   1441.650  19.500  1.61335E-04  1.61336E-04 -6.29108E-06
   11379.586   1449.089  19.550  1.61038E-04  1.61039E-04 -2.65714E-06
   11387.044   1456.547  19.600  1.60743E-04  1.60743E-04  6.48997E-07
   11394.521   1464.024  19.650  1.60452E-04  1.60452E-04  3.52521E-06
   11402.017   1471.520  19.700  1.60164E-04  1.60163E-04  5.96230E-06
   11409.532   1479.035  19.750  1.59870E-04  1.59869E-04  7.94164E-06
   11417.066   1486.570  19.800  1.59583E-04  1.59581E-04  9.48305E-06
   11424.620   1494.123  19.850  1.59303E-04  1.59301E-04  1.06018E-05
   11432.192   1501.695  19.900  1.59020E-04  1.59018E-04  1.13301E-05
   11439.783   1509.287  19.950  1.58739E-04  1.58738E-04  1.16714E-05
