# r  chir_mag  chir_re  chir_im
0.000000000000000000e+00 1.934306229832386329e-02 -1.934306229832386329e-02 0.000000000000000000e+00
3.067961575771282340e-02 1.928917648226996864e-02 -1.903275115738458159e-02 3.134758801763343292e-03
6.135923151542564680e-02 1.916544129376182917e-02 -1.819371078974878556e-02 6.025199389531408177e-03
9.203884727313846326e-02 1.907721356582809530e-02 -1.705161378381743822e-02 8.554679701996026342e-03
1.227184630308512936e-01 1.916982908137740069e-02 -1.584161509057283382e-02 1.079470140075017119e-02
1.533980787885641239e-01 1.958111616156350820e-02 -1.467386086391309075e-02 1.296525809535480772e-02
1.840776945462769265e-01 2.038711292464783290e-02 -1.345865059359341830e-02 1.531336336674312369e-02
2.147573103039897569e-01 2.157031225187412346e-02 -1.193117162840041240e-02 1.797012838621371567e-02
2.454369260617025872e-01 2.303087074381770724e-02 -9.765236341277719681e-03 2.085811991569296378e-02
2.761165418194154175e-01 2.462986083282282801e-02 -6.720202874019241303e-03 2.369533536323644232e-02
3.067961575771282479e-01 2.623718211343498488e-02 -2.748678608963865937e-03 2.609280535239890883e-02
3.374757733348410782e-01 2.776617478314018575e-02 1.986389282019418098e-03 2.769503059590598323e-02
3.681553890925538530e-01 2.919034758931845358e-02 7.188626048406664137e-03 2.829134227853812023e-02
3.988350048502666834e-01 3.054226879145595028e-02 1.255265030116533599e-02 2.784351187164072275e-02
4.295146206079795137e-01 3.189466388381506645e-02 1.786462688044116245e-02 2.642204932786546695e-02
4.601942363656923440e-01 3.332591855334328390e-02 2.302204655772492267e-02 2.409568882016067601e-02
4.908738521234051744e-01 3.487876542218520254e-02 2.796314694746942012e-02 2.084683885317037758e-02
5.215534678811180047e-01 3.652773460954397700e-02 3.255159048629906876e-02 1.657315155658576483e-02
5.522330836388308350e-01 3.817020719746663099e-02 3.649422482440829035e-02 1.118643249490536978e-02
5.829126993965436654e-01 3.964562468132380030e-02 3.935882335199755028e-02 4.760103015549490418e-03
6.135923151542564957e-01 4.077562586483850920e-02 4.070720009140970513e-02 -2.361255044932861723e-03
6.442719309119693261e-01 4.141321743716255832e-02 4.029265630038543489e-02 -9.568512254092326544e-03
6.749515466696821564e-01 4.149147007255803155e-02 3.822564237239657603e-02 -1.613512795113872592e-02
7.056311624273949867e-01 4.106601502501394663e-02 3.501527890496797940e-02 -2.145571796146601706e-02
7.363107781851077061e-01 4.034604236028702107e-02 3.144930864527694520e-02 -2.527338758204335581e-02
7.669903939428205364e-01 3.970313092335567978e-02 2.835467994784368270e-02 -2.779119878976928429e-02
7.976700097005333667e-01 3.963763000214014232e-02 2.634238153380389150e-02 -2.961791092082742202e-02
8.283496254582461971e-01 4.068453225770433251e-02 2.564705973536291969e-02 -3.158258209771503539e-02
8.590292412159590274e-01 4.328612881880979091e-02 2.611642345136799825e-02 -3.451986926724131405e-02
8.897088569736718577e-01 4.772645245304118350e-02 2.731569020832377154e-02 -3.913652171815074771e-02
9.203884727313846881e-01 5.419484870078946498e-02 2.864027372746415917e-02 -4.600887247604952546e-02
9.510680884890975184e-01 6.291291986609083564e-02 2.932320061621235957e-02 -5.566134557930242643e-02
9.817477042468103487e-01 7.420297424119251528e-02 2.829642880157657442e-02 -6.859587089115778968e-02
1.012427320004523068e+00 8.845143114684464458e-02 2.398420574394892826e-02 -8.513761534572675260e-02
1.043106935762236009e+00 1.060082782947820434e-01 1.420401507774037876e-02 -1.050523727609009444e-01
1.073786551519948729e+00 1.270912412349890497e-01 -3.640824410556334125e-03 -1.270390805864938522e-01
1.104466167277661670e+00 1.517404835702134136e-01 -3.199919734105341473e-02 -1.483281015979457940e-01
1.135145783035374389e+00 1.798337528492051363e-01 -7.234563625194745384e-02 -1.646398723855491408e-01
1.165825398793087331e+00 2.111502287126833521e-01 -1.243601000470736379e-01 -1.706428568727689776e-01
1.196505014550800050e+00 2.454658751907888292e-01 -1.854338279139326473e-01 -1.608346708529163338e-01
1.227184630308512991e+00 2.826629414437873966e-01 -2.507018988347993749e-01 -1.305637636799736323e-01
1.257864246066225711e+00 3.228338274358233950e-01 -3.135568919772925844e-01 -7.683590066110683459e-02
1.288543861823938652e+00 3.663544160978460251e-01 -3.663520365805818524e-01 1.320411925776867343e-03
1.319223477581651371e+00 4.138985347000995740e-01 -4.009130269323794571e-01 1.028627331097453912e-01
1.349903093339364313e+00 4.663699782062737942e-01 -4.086431642353735016e-01 2.247481276803477424e-01
1.380582709097077032e+00 5.247463982196878263e-01 -3.803913846286773315e-01 3.614708521372267391e-01
1.411262324854789973e+00 5.898577766821025969e-01 -3.066729938848732906e-01 5.038689031226690762e-01
1.441941940612502693e+00 6.621483713294238349e-01 -1.790216973446467907e-01 6.374885861990394753e-01
1.472621556370215412e+00 7.414790867602006896e-01 7.010827093872453071e-03 7.414459416614276321e-01
1.503301172127928353e+00 8.270119804126123686e-01 2.474391551923871835e-01 7.891277971429397908e-01
1.533980787885641073e+00 9.171906903031780134e-01 5.252508444481444050e-01 7.518978074082482976e-01
1.564660403643354014e+00 1.009806300614741081e+00 8.077002633099563678e-01 6.060767685782518788e-01
1.595340019401066733e+00 1.102126349423470764e+00 1.047707659092196542e+00 3.420396923941074196e-01
1.626019635158779675e+00 1.191063792622711448e+00 1.190753682509275713e+00 -2.717766891026756823e-02
1.656699250916492394e+00 1.273366823089154831e+00 1.186919230273403958e+00 -4.611787147639812567e-01
1.687378866674205335e+00 1.345814872123476835e+00 1.005573881503508238e+00 -8.944489023229325042e-01
1.718058482431918055e+00 1.405409137253545993e+00 6.484741657405505011e-01 -1.246858492148508857e+00
1.748738098189630996e+00 1.449547704570719686e+00 1.565133715528184699e-01 -1.441073250168572129e+00
1.779417713947343715e+00 1.476176473464454242e+00 -3.934616118279302688e-01 -1.422773678709203349e+00
1.810097329705056657e+00 1.483908258552609993e+00 -9.026214636475741182e-01 -1.177819261671055662e+00
1.840776945462769376e+00 1.472103966959588117e+00 -1.272268829876921581e+00 -7.405552741435068587e-01
1.871456561220482318e+00 1.440911712256734756e+00 -1.428384411615516880e+00 -1.895904406145751397e-01
1.902136176978195037e+00 1.391262052840953833e+00 -1.341448400812843333e+00 3.689529612726949459e-01
1.932815792735907978e+00 1.324820068416247887e+00 -1.035257659174081191e+00 8.266739337851614078e-01
1.963495408493620697e+00 1.243897511773214282e+00 -5.815454698751194584e-01 1.099584415251198433e+00
1.994175024251333417e+00 1.151330586713206872e+00 -8.156070315102900703e-02 1.148438057364387088e+00
2.024854640009046136e+00 1.050330815290922981e+00 3.600953289627457088e-01 9.866743006731791832e-01
2.055534255766759077e+00 9.443178098765339090e-01 6.616066631271005916e-01 6.738046819040639512e-01
2.086213871524472019e+00 8.367434490320143636e-01 7.823881785351156637e-01 2.966619921501494339e-01
2.116893487282184960e+00 7.309169392387339093e-01 7.288197830213071216e-01 -5.532897923235192278e-02
2.147573103039897457e+00 6.298396310076169735e-01 5.464958718301590190e-01 -3.131137538665547670e-01
2.178252718797610399e+00 5.360576116821352821e-01 3.025377987146297687e-01 -4.425253025435507137e-01
2.208932334555323340e+00 4.515398583366531660e-01 6.439641484565414298e-02 -4.469243173309226380e-01
2.239611950313036282e+00 3.775916081509808064e-01 -1.179319464723193878e-01 -3.587024930876475670e-01
2.270291566070748779e+00 3.148182773618202202e-01 -2.212652808605411470e-01 -2.239469206012214553e-01
2.300971181828461720e+00 2.631638424289550193e-01 -2.486181034314798866e-01 -8.628004756666403374e-02
2.331650797586174662e+00 2.220494162230898239e-01 -2.206712448419551054e-01 2.470111222024000061e-02
2.362330413343887603e+00 1.906104996278641661e-01 -1.638305982823980711e-01 9.742637032557215082e-02
2.393010029101600100e+00 1.679573220511698106e-01 -9.984197781818214545e-02 1.350601402929598460e-01
2.423689644859313042e+00 1.532981907379368514e-01 -4.046175344189073542e-02 1.478620363444670960e-01
2.454369260617025983e+00 1.457946234867564250e-01 1.193135446566578883e-02 1.453055918341056296e-01
2.485048876374738480e+00 1.442536878340004713e-01 5.949342224444957583e-02 1.314140752102029852e-01
2.515728492132451422e+00 1.469912671970361462e-01 1.030816052158280288e-01 1.047884311282435976e-01
2.546408107890164363e+00 1.520381237136940455e-01 1.386211904061506184e-01 6.244803145626182106e-02
2.577087723647877304e+00 1.575003662279519379e-01 1.574238178031154844e-01 4.909882914132381732e-03
2.607767339405589802e+00 1.618348624954390469e-01 1.501242402387752695e-01 -6.044199873968562897e-02
2.638446955163302743e+00 1.639834048994020799e-01 1.121358428203080293e-01 -1.196499470847372376e-01
2.669126570921015684e+00 1.634176876821946955e-01 4.782112992200082680e-02 -1.562641359377718586e-01
2.699806186678728626e+00 1.601463523620074714e-01 -2.882863899517367282e-02 -1.575301994810588968e-01
2.730485802436441123e+00 1.547057998838101689e-01 -9.764306006818197770e-02 -1.199988222367658341e-01
2.761165418194154064e+00 1.481289327439400672e-01 -1.386759464809010634e-01 -5.206882544752652192e-02
2.791845033951867006e+00 1.418536392427662829e-01 -1.391092408133800806e-01 2.776822080620055394e-02
2.822524649709579947e+00 1.374962051968894317e-01 -9.797419902022684590e-02 9.646897309441052060e-02
2.853204265467292444e+00 1.364311095703338028e-01 -2.687130333828799053e-02 1.337586659454038651e-01
2.883883881225005386e+00 1.392885002392914018e-01 5.357319179744682303e-02 1.285737120081125173e-01
2.914563496982718327e+00 1.457030413163306615e-01 1.201834921450392613e-01 8.237295954772808071e-02
2.945243112740430824e+00 1.545301468728987881e-01 1.543071275524424690e-01 8.299197495777720437e-03
2.975922728498143766e+00 1.643252735514859064e-01 1.470744767850205581e-01 -7.329320436563765973e-02
3.006602344255856707e+00 1.737473957342001718e-01 1.012468473755877563e-01 -1.411992684857864278e-01
3.037281960013569648e+00 1.817638674520533626e-01 2.937069355904342594e-02 -1.793752097447927352e-01
3.067961575771282146e+00 1.877103362750853488e-01 -5.076043905416313673e-02 -1.807167622871055090e-01
3.098641191528995087e+00 1.912821352797789975e-01 -1.215486889555795064e-01 -1.476982447098524331e-01
3.129320807286708028e+00 1.925000480657505508e-01 -1.700907614332116402e-01 -9.014100831689508819e-02
3.160000423044420970e+00 1.916656741294479049e-01 -1.904783528776910206e-01 -2.130088553317778174e-02
3.190680038802133467e+00 1.893076756954156503e-01 -1.835921801883396709e-01 4.616608550541066724e-02
3.221359654559846408e+00 1.861140559100337988e-01 -1.549896982357198694e-01 1.030370576447312697e-01
3.252039270317559350e+00 1.828440897553984257e-01 -1.120337617818780579e-01 1.445005099627042766e-01
3.282718886075272291e+00 1.802178427997872256e-01 -6.145174353097170028e-02 1.694171009090065239e-01
3.313398501832984788e+00 1.787938651072905338e-01 -8.113073076885869359e-03 1.786096980716700144e-01
3.344078117590697730e+00 1.788633842434386445e-01 4.481818992802479723e-02 1.731572697711287745e-01
3.374757733348410671e+00 1.803979818458808781e-01 9.479306172301887878e-02 1.534852022288882012e-01
3.405437349106123612e+00 1.830722903899187903e-01 1.386262649721810014e-01 1.195751737129133602e-01
3.436116964863836110e+00 1.863495042467646912e-01 1.718479725011435311e-01 7.207226984257661395e-02
3.466796580621549051e+00 1.895922428044939378e-01 1.890995362373950883e-01 1.365957270342956810e-02
3.497476196379261992e+00 1.921620892554345705e-01 1.855279511986986651e-01 -5.005644684780252707e-02
3.528155812136974490e+00 1.934893407932249121e-01 1.586779392251252141e-01 -1.107223401300035798e-01
3.558835427894687431e+00 1.931121060052067018e-01 1.101239267086427109e-01 -1.586348204274070639e-01
3.589515043652400372e+00 1.906923839358303785e-01 4.611749829965167830e-02 -1.850317854902550629e-01
3.620194659410113314e+00 1.860177958232843431e-01 -2.316390621250003640e-02 -1.845699157824254033e-01
3.650874275167825811e+00 1.789955234805913342e-01 -8.570277992093584818e-02 -1.571446179158375034e-01
3.681553890925538752e+00 1.696425277299622447e-01 -1.305173025962584610e-01 -1.083689113058155518e-01
3.712233506683251694e+00 1.580742679722448585e-01 -1.504698319107269366e-01 -4.843866100253668011e-02
3.742913122440964635e+00 1.444929966280904254e-01 -1.441209086683541141e-01 1.036290302826772813e-02
3.773592738198677132e+00 1.291760781959753468e-01 -1.160146823514944109e-01 5.680715322012353657e-02
3.804272353956390074e+00 1.124645279309177404e-01 -7.527323995390666767e-02 8.355961578158295489e-02
3.834951969714103015e+00 9.475207010982901468e-02 -3.292322969408872924e-02 8.884827368389455748e-02
3.865631585471815956e+00 7.647581473173085953e-02 1.209878715787097297e-03 7.646624374438114324e-02
3.896311201229528454e+00 5.811277852531564203e-02 2.107209580974572435e-02 5.415774927115493687e-02
3.926990816987241395e+00 4.020084187235749285e-02 2.564337784182462582e-02 3.096005265027353820e-02
3.957670432744954336e+00 2.349891553111396400e-02 1.857401837542054998e-02 1.439461262167095190e-02
3.988350048502666834e+00 1.058248466541398397e-02 6.426569628718729887e-03 8.407626567643934970e-03
4.019029664260379775e+00 1.321490616958002212e-02 -3.796533215257457197e-03 1.265780710139995102e-02
4.049709280018092272e+00 2.427730658619426177e-02 -6.968827782756399983e-03 2.325560264569279459e-02
4.080388895775805658e+00 3.458129185114430793e-02 -1.252971408842225775e-03 3.455858516696891369e-02
4.111068511533518155e+00 4.294412760630805098e-02 1.175703322593386543e-02 4.130339290652956102e-02
4.141748127291231540e+00 4.911421755730203259e-02 2.805535932946785424e-02 4.031256850115651907e-02
4.172427743048944038e+00 5.307698018964737696e-02 4.290254393876481026e-02 3.124960079160332346e-02
4.203107358806656535e+00 5.496002176619434187e-02 5.248813235706866615e-02 1.629723762505158949e-02
4.233786974564369920e+00 5.500726964433214766e-02 5.499883397393673379e-02 -9.633147105736463095e-04
4.264466590322082418e+00 5.356257721994374388e-02 5.081192521311309745e-02 -1.694396454727870385e-02
4.295146206079794915e+00 5.104990175399964913e-02 4.189906656216666608e-02 -2.916437364854840286e-02
4.325825821837508300e+00 4.794344718749821155e-02 3.080830383061007594e-02 -3.673448711090501750e-02
4.356505437595220798e+00 4.472074143032215426e-02 1.969089770288142208e-02 -4.015237554282924393e-02
4.387185053352934183e+00 4.179317420686821244e-02 9.739060369124757574e-03 -4.064258989548005796e-02
4.417864669110646680e+00 3.942137429108907160e-02 1.168051113683570832e-03 -3.940406587642905634e-02
4.448544284868359178e+00 3.764934466009266928e-02 -6.374871773485109999e-03 -3.710571604491780945e-02
4.479223900626072563e+00 3.630517839355133780e-02 -1.325405914480463215e-02 -3.379934754360811033e-02
4.509903516383785060e+00 3.508123629665375193e-02 -1.943757857453703997e-02 -2.920400108307687551e-02
4.540583132141497558e+00 3.364904039843059913e-02 -2.441767109055791377e-02 -2.315243525525007354e-02
4.571262747899210943e+00 3.175204302785943761e-02 -2.745898934550547107e-02 -1.594352973988049857e-02
4.601942363656923440e+00 2.925473575315172547e-02 -2.801697567634912206e-02 -8.419539057311594896e-03
4.632621979414635938e+00 2.615933226774327242e-02 -2.610166002831140405e-02 -1.736089992092876505e-03
4.663301595172349323e+00 2.261209826351799970e-02 -2.240421249314202695e-02 3.059125764190229538e-03
4.693981210930061820e+00 1.892301104257742422e-02 -1.812386138729698767e-02 5.441139157525052249e-03
4.724660826687775206e+00 1.562029410255719002e-02 -1.457000839259299865e-02 5.631025065665448345e-03
4.755340442445487703e+00 1.349219147137125686e-02 -1.270737523574863408e-02 4.534517098658425241e-03
4.786020058203200200e+00 1.327573720154467951e-02 -1.282619638984120077e-02 3.425475793769673562e-03
4.816699673960913586e+00 1.487635432268461129e-02 -1.445805739442272350e-02 3.502926535575004007e-03
4.847379289718626083e+00 1.744135200798889104e-02 -1.655528679128328087e-02 5.488464186358460103e-03
4.878058905476338580e+00 2.017784422169232109e-02 -1.785409851679875884e-02 9.400881000593858117e-03
4.908738521234051966e+00 2.260625485382427441e-02 -1.728593119653258278e-02 1.456843647014995427e-02
4.939418136991764463e+00 2.446748088422639675e-02 -1.430172271433337305e-02 1.985241416609841505e-02
4.970097752749476960e+00 2.563136822209748783e-02 -9.019996261799884466e-03 2.399180494197685962e-02
5.000777368507190346e+00 2.604685976811148967e-02 -2.176310106099703118e-03 2.595578120769539282e-02
5.031456984264902843e+00 2.571511196529773294e-02 5.088046740270076723e-03 2.520672060694579414e-02
5.062136600022616229e+00 2.467341313934627578e-02 1.152376801431877554e-02 2.181696786212577663e-02
5.092816215780328726e+00 2.298470948865846339e-02 1.607482035904921058e-02 1.642854286607072986e-02
5.123495831538041223e+00 2.073062870370634414e-02 1.811357515808148175e-02 1.008252753249237396e-02
5.154175447295754608e+00 1.800703825938904448e-02 1.756439663748583443e-02 3.968047080892190236e-03
5.184855063053467106e+00 1.492169585965540980e-02 1.489748879344223245e-02 -8.496087201297736983e-04
5.215534678811179603e+00 1.159444687377658018e-02 1.100064175594733101e-02 -3.662933150650656174e-03
5.246214294568892988e+00 8.164388321610887081e-03 6.959646469888103142e-03 -4.268554518830736978e-03
5.276893910326605486e+00 4.835246980837007609e-03 3.797046005842307208e-03 -2.993669152596922962e-03
5.307573526084318871e+00 2.308155455497540830e-03 2.230017381054095766e-03 -5.954864288459413941e-04
5.338253141842031368e+00 3.171823602228750205e-03 2.506757851403487725e-03 1.943355355585369218e-03
5.368932757599743866e+00 5.703587390904117649e-03 4.363775038925827264e-03 3.672652520362950854e-03
5.399612373357457251e+00 8.123424698743853326e-03 7.115832458605640329e-03 3.918540194666384445e-03
5.430291989115169748e+00 1.015333810645212449e-02 9.853763238488348619e-03 2.448188053183094227e-03
5.460971604872882246e+00 1.170464601483377047e-02 1.169446351382843162e-02 -4.881203297339620131e-04
5.491651220630595631e+00 1.274093575499732518e-02 1.201287533802868762e-02 -4.245264423560842978e-03
5.522330836388308128e+00 1.325747560325713989e-02 1.059299678360068296e-02 -7.971767590289112124e-03
5.553010452146020626e+00 1.327483147941749091e-02 7.661355244558577283e-03 -1.084088495574085306e-02
5.583690067903734011e+00 1.283459487175723883e-02 3.802492762713774715e-03 -1.225837975882810432e-02
5.614369683661446508e+00 1.199514778118932097e-02 -2.105835700809449067e-04 -1.199329916464119024e-02
5.645049299419159894e+00 1.082727937554437726e-02 -3.617777242699567880e-03 -1.020498243498212630e-02
5.675728915176872391e+00 9.409994516496466774e-03 -5.849546902505127662e-03 -7.370942805088520275e-03
5.706408530934584888e+00 7.827140531871345369e-03 -6.638931243350415165e-03 -4.145928225588204480e-03
5.737088146692298274e+00 6.166067518785968080e-03 -6.049006579518595439e-03 -1.195787626281557886e-03
5.767767762450010771e+00 4.521837967552712334e-03 -4.420776632793786513e-03 9.506590176007752952e-04
5.798447378207723268e+00 3.021292329850452148e-03 -2.264805717712800159e-03 1.999715580633550788e-03
5.829126993965436654e+00 1.929856581214021332e-03 -1.292509185851340348e-04 1.925523467553685820e-03
5.859806609723149151e+00 1.789067026164030015e-03 1.522764223487754363e-03 9.391219003798935904e-04
5.890486225480861648e+00 2.471900997307641384e-03 2.400305312458604710e-03 -5.906174290295811624e-04
5.921165841238575034e+00 3.298688984780480827e-03 2.421418109397192528e-03 -2.240107889766786153e-03
5.951845456996287531e+00 4.008825203664046280e-03 1.697670241879573961e-03 -3.631610560532149735e-03
5.982525072754000917e+00 4.533224410259575204e-03 4.768297806649152105e-04 -4.508076853165251738e-03
