# r  chir_mag  chir_re  chir_im
0.000000000000000000e+00 5.920115648910809214e-02 -5.920115648910809214e-02 0.000000000000000000e+00
3.067961575771282340e-02 5.954555511377470495e-02 -5.921211383597520250e-02 6.292750502212437168e-03
6.135923151542564680e-02 6.044044467815961469e-02 -5.901761693548913251e-02 1.303718697225511591e-02
9.203884727313846326e-02 6.155303905739425985e-02 -5.809870656615007817e-02 2.033019706105903754e-02
1.227184630308512936e-01 6.254907177839851007e-02 -5.603006329274529129e-02 2.780320822765254898e-02
1.533980787885641239e-01 6.329403256376982256e-02 -5.283476576490084287e-02 3.485142873329034191e-02
1.840776945462769265e-01 6.398753959134770297e-02 -4.905548912717463961e-02 4.108484160183582812e-02
2.147573103039897569e-01 6.517940646102080016e-02 -4.544349323917823424e-02 4.672519608125492996e-02
2.454369260617025872e-01 6.761169090887246547e-02 -4.239656302057673298e-02 5.266756299278688158e-02
2.761165418194154175e-01 7.188357671418146855e-02 -3.945564067155221677e-02 6.008744478192568073e-02
3.067961575771282479e-01 7.810512388170468001e-02 -3.518990886907387428e-02 6.972862174432183091e-02
3.374757733348410782e-01 8.579138065283017922e-02 -2.763282780615435724e-02 8.121938082597174313e-02
3.681553890925538530e-01 9.404051896016853151e-02 -1.514818120406598648e-02 9.281245505052970746e-02
3.988350048502666834e-01 1.018153494457124109e-01 2.653462448652502397e-03 1.017807669443796387e-01
4.295146206079795137e-01 1.081807310992967397e-01 2.441896744082236448e-02 1.053887309454972360e-01
4.601942363656923440e-01 1.124754784959066944e-01 4.730373467262283249e-02 1.020445488446358462e-01
4.908738521234051744e-01 1.144494934820904086e-01 6.796127329597453914e-02 9.208665424640485875e-02
5.215534678811180047e-01 1.143882256428826738e-01 8.388806564107013919e-02 7.776540753269764461e-02
5.522330836388308350e-01 1.132119314712128066e-01 9.451194501717449792e-02 6.232522504181728373e-02
5.829126993965436654e-01 1.124694579376504383e-01 1.014621318371571046e-01 4.852643374335550291e-02
6.135923151542564957e-01 1.140534502582478266e-01 1.077943642277711528e-01 3.726344799587420070e-02
6.442719309119693261e-01 1.195126982996400494e-01 1.164307976749095336e-01 2.696580070469016890e-02
6.749515466696821564e-01 1.292668715719050287e-01 1.284884678981981776e-01 1.416466389156805818e-02
7.056311624273949867e-01 1.423862093608359580e-01 1.423012625268018361e-01 -4.917651820333887071e-03
7.363107781851077061e-01 1.570744366915429457e-01 1.536940012964623792e-01 -3.241192107000994554e-02
7.669903939428205364e-01 1.713318249665150561e-01 1.575223852579293871e-01 -6.738911179863574241e-02
7.976700097005333667e-01 1.834261585886294288e-01 1.498805342273804297e-01 -1.057401584748957762e-01
8.283496254582461971e-01 1.921858567663196349e-01 1.299859050574903307e-01 -1.415594151845416260e-01
8.590292412159590274e-01 1.972391886664682792e-01 1.007910688089603823e-01 -1.695419063068304699e-01
8.897088569736718577e-01 1.992725377386350971e-01 6.787086609694735484e-02 -1.873581859221688517e-01
9.203884727313846881e-01 2.002843363473842120e-01 3.690487276427285163e-02 -1.968548850101641823e-01
9.510680884890975184e-01 2.036309857836263171e-01 1.078440585921026061e-02 -2.033452113069674771e-01
9.817477042468103487e-01 2.134199267952644752e-01 -1.231902722864184133e-02 -2.130640906427829218e-01
1.012427320004523068e+00 2.329965146746470483e-01 -3.886755086856486657e-02 -2.297317769487114969e-01
1.043106935762236009e+00 2.633911216351083051e-01 -7.759812380838147783e-02 -2.517010411929587743e-01
1.073786551519948729e+00 3.031197719458211259e-01 -1.356436568165827472e-01 -2.710763628756881483e-01
1.104466167277661670e+00 3.492274471134020897e-01 -2.146594851643891244e-01 -2.754652704903169380e-01
1.135145783035374389e+00 3.984019992147310729e-01 -3.086428711122602420e-01 -2.519200886985300536e-01
1.165825398793087331e+00 4.476369516889137645e-01 -4.045511151635809433e-01 -1.916174202342939281e-01
1.196505014550800050e+00 4.945836276887383143e-01 -4.856901204667424810e-01 -9.337061453559010460e-02
1.227184630308512991e+00 5.377994651877214816e-01 -5.366222718202959818e-01 3.556405689208818471e-02
1.257864246066225711e+00 5.769790494757297550e-01 -5.475783266964313611e-01 1.818317894820732084e-01
1.288543861823938652e+00 6.131574978929924535e-01 -5.164464993486205246e-01 3.305225113860633668e-01
1.319223477581651371e+00 6.488046568651364421e-01 -4.473993214402181007e-01 4.698737383007480228e-01
1.349903093339364313e+00 6.876697560731119818e-01 -3.467476611003626474e-01 5.938482575027743682e-01
1.380582709097077032e+00 7.342307205739369014e-01 -2.180385384169218621e-01 7.011090833811348677e-01
1.411262324854789973e+00 7.927360563083034606e-01 -5.906758343089339031e-02 7.905324000690142627e-01
1.441941940612502693e+00 8.661036865098655779e-01 1.370464836000283848e-01 8.551922924809639559e-01
1.472621556370215412e+00 9.551353987391966172e-01 3.762080556615255422e-01 8.779243297574447213e-01
1.503301172127928353e+00 1.058353425335197384e+00 6.547605603103464622e-01 8.315050099553377150e-01
1.533980787885641073e+00 1.172382224165754216e+00 9.514429691226403696e-01 6.850082890352023890e-01
1.564660403643354014e+00 1.292567186329323548e+00 1.223984825244138319e+00 4.154408246036742636e-01
1.595340019401066733e+00 1.413572050159298765e+00 1.413412921322470650e+00 2.120978147560616256e-02
1.626019635158779675e+00 1.529853080738821092e+00 1.456637360813609172e+00 -4.676088619006538161e-01
1.656699250916492394e+00 1.636012530596616443e+00 1.304697520452118509e+00 -9.870670597255479795e-01
1.687378866674205335e+00 1.727065202741449479e+00 9.413495046710170788e-01 -1.447969379709389548e+00
1.718058482431918055e+00 1.798646605643918761e+00 3.955790840788488971e-01 -1.754607306559997859e+00
1.748738098189630996e+00 1.847178021178710550e+00 -2.572582281725005471e-01 -1.829176001909942562e+00
1.779417713947343715e+00 1.869993755183920525e+00 -9.078020061773471872e-01 -1.634861511568256542e+00
1.810097329705056657e+00 1.865430466798102538e+00 -1.436420673591650932e+00 -1.190179177660697363e+00
1.840776945462769376e+00 1.832876570000725236e+00 -1.742236725057855207e+00 -5.692518903941407027e-01
1.871456561220482318e+00 1.772779887112165831e+00 -1.769161349211999523e+00 1.132106382094978797e-01
1.902136176978195037e+00 1.686613038260782238e+00 -1.521062543804459599e+00 7.287196159472955070e-01
1.932815792735907978e+00 1.576797877083844668e+00 -1.061201915137200746e+00 1.166251276734673992e+00
1.963495408493620697e+00 1.446592279576743412e+00 -4.957738353076048821e-01 1.358984005628994574e+00
1.994175024251333417e+00 1.299944561075019989e+00 5.376303035168459449e-02 1.298832321139234081e+00
2.024854640009046136e+00 1.141322657494376003e+00 4.814705088979237546e-01 1.034796384595345842e+00
2.055534255766759077e+00 9.755270494181796925e-01 7.219241501872802891e-01 6.561086385065455495e-01
2.086213871524472019e+00 8.074987121766277198e-01 7.625243413273852244e-01 2.657269257153846431e-01
2.116893487282184960e+00 6.421378726148392335e-01 6.403714963849180819e-01 -4.759615597978816837e-02
2.147573103039897457e+00 4.841626819498978107e-01 4.257904194672035292e-01 -2.304691330370745306e-01
2.178252718797610399e+00 3.380898364314744997e-01 1.985161893800262700e-01 -2.736714454456196099e-01
2.208932334555323340e+00 2.087028224277904520e-01 2.432415551333140524e-02 -2.072804948563397864e-01
2.239611950313036282e+00 1.047082739278815539e-01 -6.095873033946223180e-02 -8.513433986563241629e-02
2.270291566070748779e+00 6.632190924006114985e-02 -5.613198425531860936e-02 3.532415588244924159e-02
2.300971181828461720e+00 1.116230200557168512e-01 1.193070607318617860e-02 1.109835882414792335e-01
2.331650797586174662e+00 1.604030491323098218e-01 1.023967444931487836e-01 1.234667764548301322e-01
2.362330413343887603e+00 1.936971259241589138e-01 1.764923266425779125e-01 7.980623551809125360e-02
2.393010029101600100e+00 2.099407565660750541e-01 2.098881226952574452e-01 4.700767915622181166e-03
2.423689644859313042e+00 2.104915059018384049e-01 1.979051811821399276e-01 -7.169528100292262007e-02
2.454369260617025983e+00 1.978755675268381864e-01 1.529528064063420123e-01 -1.255395524784614081e-01
2.485048876374738480e+00 1.754443633268790159e-01 9.639638098486652540e-02 -1.465894346676949178e-01
2.515728492132451422e+00 1.474341492029827005e-01 4.869761340897475060e-02 -1.391595156627005725e-01
2.546408107890164363e+00 1.194473218457179214e-01 2.171709181742428885e-02 -1.174565052226060613e-01
2.577087723647877304e+00 9.920503994399322567e-02 1.569461333556006200e-02 -9.795569948980280273e-02
2.607767339405589802e+00 9.462147700349132773e-02 2.130570544240434697e-02 -9.219159845627876437e-02
2.638446955163302743e+00 1.057361567607803116e-01 2.521238346074654302e-02 -1.026862725332289977e-01
2.669126570921015684e+00 1.242336173591366694e-01 1.641102945102866986e-02 -1.231449137987186693e-01
2.699806186678728626e+00 1.425331925470015582e-01 -9.252398737214997601e-03 -1.422325704444949157e-01
2.730485802436441123e+00 1.564641449905776194e-01 -4.795188237962694222e-02 -1.489350383351175089e-01
2.761165418194154064e+00 1.641192735665996938e-01 -9.014262531379370336e-02 -1.371475229727660283e-01
2.791845033951867006e+00 1.649344718321721914e-01 -1.248721059728254978e-01 -1.077512744633168512e-01
2.822524649709579947e+00 1.592476603355684472e-01 -1.441557812580046283e-01 -6.766777706003727910e-02
2.853204265467292444e+00 1.480849752761783933e-01 -1.456659650961261987e-01 -2.665682867785494972e-02
2.883883881225005386e+00 1.330544539058840237e-01 -1.328920949066069446e-01 6.571058934934896276e-03
2.914563496982718327e+00 1.163123848699934293e-01 -1.130642568748163046e-01 2.729550680040636682e-02
2.945243112740430824e+00 1.005701064095157193e-01 -9.399652072024262950e-02 3.576311501687615829e-02
2.975922728498143766e+00 8.894743851413866587e-02 -8.127574088936682928e-02 3.613724894220622652e-02
3.006602344255856707e+00 8.412310971579453622e-02 -7.685396886909297287e-02 3.420767541538147216e-02
3.037281960013569648e+00 8.672665629906872731e-02 -7.933235841610197792e-02 3.504125883806018943e-02
3.067961575771282146e+00 9.501356264894190995e-02 -8.543480752845346304e-02 4.157488123639708349e-02
3.098641191528995087e+00 1.067073043512114933e-01 -9.171495754100640607e-02 5.454186800205390595e-02
3.129320807286708028e+00 1.205266714375972381e-01 -9.559384006693638636e-02 7.340637757772484895e-02
3.160000423044420970e+00 1.363521580484330920e-01 -9.531676526015422923e-02 9.750192441590847803e-02
3.190680038802133467e+00 1.547526417405725996e-01 -8.907994514879981340e-02 1.265430499789412799e-01
3.221359654559846408e+00 1.764022517111524524e-01 -7.407735644705103206e-02 1.600946584698607067e-01
3.252039270317559350e+00 2.016167289564177734e-01 -4.631177394304174244e-02 1.962256991052248045e-01
3.282718886075272291e+00 2.301297571878693493e-01 -1.651997871143966309e-03 2.301238276371689317e-01
3.313398501832984788e+00 2.611062781563063262e-01 6.203368622536080401e-02 2.536302629142112020e-01
3.344078117590697730e+00 2.932933280827699773e-01 1.424772167230473618e-01 2.563615006445412736e-01
3.374757733348410671e+00 3.252055052497617171e-01 2.314753764106226019e-01 2.284245406262501721e-01
3.405437349106123612e+00 3.552903357495708070e-01 3.151844063711496391e-01 1.639817448910357855e-01
3.436116964863836110e+00 3.820592405663888469e-01 3.765911557012724398e-01 6.440780037965716798e-02
3.466796580621549051e+00 4.041868818750028458e-01 3.996700018117094744e-01 -6.025715834376599994e-02
3.497476196379261992e+00 4.205846130543414718e-01 3.740124241456986853e-01 -1.923697567777433726e-01
3.528155812136974490e+00 4.304522198161726543e-01 2.984063474747823408e-01 -3.102301812065197395e-01
3.558835427894687431e+00 4.333104240052426115e-01 1.820855852058749225e-01 -3.931955788304812294e-01
3.589515043652400372e+00 4.290157668028007354e-01 4.309241795721237278e-02 -4.268460749263087717e-01
3.620194659410113314e+00 4.177594001752973907e-01 -9.585965759955256127e-02 -4.066126442693596132e-01
3.650874275167825811e+00 4.000516973459815606e-01 -2.128123557320843739e-01 -3.387510321713597117e-01
3.681553890925538752e+00 3.766952019462336820e-01 -2.916581666361843794e-01 -2.384004802925813737e-01
3.712233506683251694e+00 3.487490952950080825e-01 -3.254267324451237675e-01 -1.253928757114074199e-01
3.742913122440964635e+00 3.174888822161923141e-01 -3.169106389921214628e-01 -1.915299518332616927e-02
3.773592738198677132e+00 2.843649790108632724e-01 -2.766551647632185529e-01 6.576747750739037057e-02
3.804272353956390074e+00 2.509622531981908766e-01 -2.191492088957871787e-01 1.222934044446530727e-01
3.834951969714103015e+00 2.189565502622842497e-01 -1.585328833894711076e-01 1.510274669951812421e-01
3.865631585471815956e+00 1.900482539208868671e-01 -1.051456799617640214e-01 1.583121119932274501e-01
3.896311201229528454e+00 1.658221749834871972e-01 -6.381638931512703672e-02 1.530505216294096305e-01
3.926990816987241395e+00 1.474591350070122431e-01 -3.412686005110628085e-02 1.434557559670174565e-01
3.957670432744954336e+00 1.353039327330486374e-01 -1.221851668944774760e-02 1.347511115462096398e-01
3.988350048502666834e+00 1.285553856144358575e-01 6.722850150060320773e-03 1.283794783302071862e-01
4.019029664260379775e+00 1.254699411020385180e-01 2.625308783908544136e-02 1.226926301741970010e-01
4.049709280018092272e+00 1.240258196630449755e-01 4.742765643024542122e-02 1.145993950622111734e-01
4.080388895775805658e+00 1.225366627066787617e-01 6.878266002129758416e-02 1.014109431357629598e-01
4.111068511533518155e+00 1.199111799952452262e-01 8.732183608146934506e-02 8.218021678733328228e-02
4.141748127291231540e+00 1.156424058922241316e-01 9.997184035420803028e-02 5.812742189994887093e-02
4.172427743048944038e+00 1.096989169132885911e-01 1.048860378007920452e-01 3.213676160411025468e-02
4.203107358806656535e+00 1.024130961999380890e-01 1.021271069938788356e-01 7.648286757084818248e-03
4.233786974564369920e+00 9.439284903328074017e-02 9.355367311423917753e-02 -1.255867013078257148e-02
4.264466590322082418e+00 8.644861735914903533e-02 8.205012330621608285e-02 -2.722389958737173390e-02
4.295146206079794915e+00 7.950412988622623800e-02 7.045798996701656269e-02 -3.683175693302891823e-02
4.325825821837508300e+00 7.443987925844144926e-02 6.062864723747526247e-02 -4.319100320859801945e-02
4.356505437595220798e+00 7.184330716255755978e-02 5.292243493331175858e-02 -4.858679516888284727e-02
4.387185053352934183e+00 7.176591215627489695e-02 4.628461919478438907e-02 -5.484596770607627625e-02
4.417864669110646680e+00 7.369701692154759232e-02 3.881544032346871675e-02 -6.264672294406238573e-02
4.448544284868359178e+00 7.680508921757800422e-02 2.859468873534215180e-02 -7.128369733570932842e-02
4.479223900626072563e+00 8.024008844042913868e-02 1.446440919473723774e-02 -7.892561472408746170e-02
4.509903516383785060e+00 8.331282340405858633e-02 -3.480223265219595588e-03 -8.324010205171589183e-02
4.540583132141497558e+00 8.554295203045285401e-02 -2.382274727971467332e-02 -8.215883004358816299e-02
4.571262747899210943e+00 8.664102729199418818e-02 -4.416742945663074127e-02 -7.453794862622413475e-02
4.601942363656923440e+00 8.647263326795998073e-02 -6.175823324358719474e-02 -6.052633254151272568e-02
4.632621979414635938e+00 8.502431091262904750e-02 -7.417549449057042610e-02 -4.155874713278502608e-02
4.663301595172349323e+00 8.237620802385207941e-02 -7.991002858057338898e-02 -2.000567371124740632e-02
4.693981210930061820e+00 7.868129372536725175e-02 -7.866889192539604225e-02 1.396934331984036248e-03
4.724660826687775206e+00 7.414976415172273849e-02 -7.135447305145393992e-02 2.016746635810855864e-02
4.755340442445487703e+00 6.903707874659108235e-02 -5.975174299713545412e-02 3.458102732232361254e-02
4.786020058203200200e+00 6.363378494335755753e-02 -4.603277299399014671e-02 4.393452397262603143e-02
4.816699673960913586e+00 5.825439666604743938e-02 -3.222613963796133046e-02 4.852886414248551439e-02
4.847379289718626083e+00 5.322087471552783972e-02 -1.979494119122318652e-02 4.940264981478145051e-02
4.878058905476338580e+00 4.883446493191721111e-02 -9.424910858961691590e-03 4.791634398080970442e-02
4.908738521234051966e+00 4.533115842586776800e-02 -1.056931390754869103e-03 4.531883516007841756e-02
4.939418136991764463e+00 4.282677728084684221e-02 5.874333334946786264e-03 4.242198793235876092e-02
4.970097752749476960e+00 4.127697342811651599e-02 1.209113262361122092e-02 3.946635335654512938e-02
5.000777368507190346e+00 4.048450001381165286e-02 1.813341058947948170e-02 3.619632801489219148e-02
5.031456984264902843e+00 4.015920644806354745e-02 2.413704818910276939e-02 3.209617994801125529e-02
5.062136600022616229e+00 3.999811364309222017e-02 2.979016295782866558e-02 2.669073408416735779e-02
5.092816215780328726e+00 3.974749561638742101e-02 3.446417775012906859e-02 1.980110753928288406e-02
5.123495831538041223e+00 3.923324177899014525e-02 3.745739973676785045e-02 1.167006707130176235e-02
5.154175447295754608e+00 3.836647172284980006e-02 3.825491689972582848e-02 2.923608293753576868e-03
5.184855063053467106e+00 3.713591811502498646e-02 3.671060609989482831e-02 -5.604267483285034837e-03
5.215534678811179603e+00 3.559475426301259016e-02 3.309253186463083363e-02 -1.310995293022236725e-02
5.246214294568892988e+00 3.384505133560825746e-02 2.798725581113302788e-02 -1.903157933730563120e-02
5.276893910326605486e+00 3.202022856459501438e-02 2.211033921546236639e-02 -2.316091399548155308e-02
5.307573526084318871e+00 3.026466436721933148e-02 1.610027695876446382e-02 -2.562676318054064178e-02
5.338253141842031368e+00 2.871010825839140704e-02 1.037136218334325406e-02 -2.677134966098033628e-02
5.368932757599743866e+00 2.745113973979427732e-02 5.070654613406789732e-03 -2.697876080929680065e-02
5.399612373357457251e+00 2.652603738157376795e-02 1.395456626534325394e-04 -2.652567032473795647e-02
5.430291989115169748e+00 2.591145609704095104e-02 -4.559658074693590142e-03 -2.550711813025458713e-02
5.460971604872882246e+00 2.553489248203548792e-02 -9.111580244534466660e-03 -2.385392712985687225e-02
5.491651220630595631e+00 2.529967339271781482e-02 -1.346320838619715146e-02 -2.141997884518153511e-02
5.522330836388308128e+00 2.511128256921621102e-02 -1.741313040560320269e-02 -1.809307607203593238e-02
5.553010452146020626e+00 2.489588463169617460e-02 -2.066690140724215113e-02 -1.388107552814472033e-02
5.583690067903734011e+00 2.460804322511325401e-02 -2.292533990754008419e-02 -8.943409947709672278e-03
5.614369683661446508e+00 2.422927019003653926e-02 -2.396537488436608840e-02 -3.566278255210649471e-03
5.645049299419159894e+00 2.376067142993092129e-02 -2.368488143268412949e-02 1.896285400679439655e-03
5.675728915176872391e+00 2.321289829714576203e-02 -2.210555471805778285e-02 7.084002961644351656e-03
5.706408530934584888e+00 2.259618228999227957e-02 -1.934883064803570932e-02 1.167091284502608760e-02
5.737088146692298274e+00 2.191278766152028948e-02 -1.560879202460204243e-02 1.537972283988224206e-02
5.767767762450010771e+00 2.115355055874495668e-02 -1.113957640645634253e-02 1.798284011846016175e-02
5.798447378207723268e+00 2.029911036802613256e-02 -6.258039787226570352e-03 1.931038113955277011e-02
5.829126993965436654e+00 1.932519557164286139e-02 -1.345764914956214253e-03 1.927828054251513532e-02
5.859806609723149151e+00 1.821041154864065301e-02 3.171793497430018625e-03 1.793206108567906715e-02
5.890486225480861648e+00 1.694478073326165235e-02 6.882509968731647179e-03 1.548407732571188168e-02
5.921165841238575034e+00 1.553778746011050260e-02 9.474444379572918504e-03 1.231493982339931272e-02
5.951845456996287531e+00 1.402552757178877375e-02 1.082426359484079011e-02 8.919122226789552230e-03
5.982525072754000917e+00 1.247724019002308983e-02 1.104838439476263021e-02 5.797820713431297082e-03
