# PATH  Rmax= 9.000,  Keep_limit= 0.00, Heap_limit 0.00  Pwcrit= 2.50%
 -----------------------------------------------------------------------
  pathindex     sig2   amp ratio    deg    nlegs  r effective
        1     0.00000     0.1000E+03     1.000     2   2.3526
        2     0.00000     0.9908E+02     1.000     2   2.3608
        3     0.00000     0.9824E+02     1.000     2   2.3685
        4     0.00000     0.9813E+02     1.000     2   2.3695
        5     0.00000     0.1248E+02     1.000     2   3.0761
        6     0.00000     0.1229E+02     1.000     2   3.0939
        7     0.00000     0.1165E+02     1.000     2   3.1565
        8     0.00000     0.1107E+02     1.000     2   3.2172
        9     0.00000     0.3849E+02     1.000     2   3.2979
       10     0.00000     0.3752E+02     1.000     2   3.3288
       11     0.00000     0.3699E+02     1.000     2   3.3462
       12     0.00000     0.9919E+01     1.000     2   3.3512
       13     0.00000     0.3604E+02     1.000     2   3.3778
       14     0.00000     0.4381E+02     2.000     3   3.7388
       15     0.00000     0.1526E+02     2.000     3   3.7489
       16     0.00000     0.7336E+01     1.000     2   3.7556
       17     0.00000     0.4289E+02     2.000     3   3.7623
       18     0.00000     0.1500E+02     2.000     3   3.7663
       19     0.00000     0.4281E+02     2.000     3   3.7703
       20     0.00000     0.4276E+02     2.000     3   3.7831
       21     0.00000     0.1157E+02     2.000     3   3.8036
       22     0.00000     0.1377E+02     2.000     3   3.8133
       23     0.00000     0.2513E+02     1.000     2   3.8463
       24     0.00000     0.6656E+01     1.000     2   3.8766
       25     0.00000     0.6448E+01     1.000     2   3.9210
       26     0.00000     0.7831E+01     2.000     3   3.9229
       27     0.00000     0.6431E+01     1.000     2   3.9248
       28     0.00000     0.7764E+01     2.000     3   3.9341
       29     0.00000     0.7669E+01     2.000     3   3.9621
       30     0.00000     0.7589E+01     2.000     3   3.9880
       31     0.00000     0.1467E+02     2.000     3   4.1451
       32     0.00000     0.5436E+01     1.000     2   4.1670
       33     0.00000     0.5433E+01     1.000     2   4.1678
       34     0.00000     0.8401E+01     1.000     4   4.1689
       35     0.00000     0.1534E+02     1.000     4   4.1798
       36     0.00000     0.3580E+01     2.000     4   4.1823
       37     0.00000     0.8282E+01     1.000     4   4.1863
       38     0.00000     0.1354E+02     1.000     4   4.1883
       39     0.00000     0.3965E+01     2.000     4   4.1904
       40     0.00000     0.1963E+02     1.000     2   4.1942
       41     0.00000     0.1424E+02     1.000     4   4.1944
       42     0.00000     0.1458E+02     1.000     4   4.1957
       43     0.00000     0.5286E+01     1.000     2   4.2083
       44     0.00000     0.4048E+01     2.000     4   4.2185
       45     0.00000     0.8931E+01     2.000     3   4.2286
       46     0.00000     0.1913E+02     1.000     2   4.2320
       47     0.00000     0.1901E+02     1.000     2   4.2408
       49     0.00000     0.9351E+01     2.000     3   4.2484
       50     0.00000     0.7817E+01     1.000     4   4.2487
       51     0.00000     0.5127E+01     1.000     2   4.2539
       52     0.00000     0.9630E+01     2.000     3   4.2584
       53     0.00000     0.9542E+01     2.000     3   4.2781
       54     0.00000     0.1799E+02     2.000     3   4.2946
       55     0.00000     0.1744E+02     2.000     3   4.3037
       56     0.00000     0.7248E+01     1.000     4   4.3094
       57     0.00000     0.2106E+02     2.000     3   4.3226
       58     0.00000     0.1773E+02     2.000     3   4.3302
       59     0.00000     0.1725E+02     2.000     3   4.3397
       60     0.00000     0.5797E+01     2.000     3   4.3489
       61     0.00000     0.4783E+01     1.000     2   4.3589
       62     0.00000     0.1169E+02     2.000     3   4.3643
       63     0.00000     0.1155E+02     2.000     3   4.3686
       64     0.00000     0.2379E+02     1.000     4   4.3912
       65     0.00000     0.1661E+02     1.000     4   4.4222
       66     0.00000     0.1563E+02     1.000     4   4.4396
       67     0.00000     0.6979E+01     1.000     4   4.4440
       68     0.00000     0.8168E+01     2.000     3   4.4663
       69     0.00000     0.8112E+01     2.000     3   4.4689
       70     0.00000     0.1570E+02     1.000     4   4.4711
       71     0.00000     0.8660E+01     2.000     3   4.4831
       72     0.00000     0.9451E+01     2.000     3   4.4972
       73     0.00000     0.3349E+01     2.000     3   4.5007
       74     0.00000     0.1533E+02     2.000     3   4.5059
       75     0.00000     0.3308E+01     2.000     3   4.5114
       76     0.00000     0.1808E+02     2.000     3   4.5199
       77     0.00000     0.1832E+02     2.000     3   4.5464
       78     0.00000     0.3177E+01     2.000     3   4.5630
       79     0.00000     0.2135E+02     2.000     4   4.5659
       80     0.00000     0.1735E+02     2.000     3   4.5681
       81     0.00000     0.8119E+01     2.000     3   4.5821
       82     0.00000     0.1520E+02     2.000     4   4.5939
       83     0.00000     0.1464E+02     2.000     4   4.6048
       84     0.00000     0.4930E+01     2.000     3   4.6056
       85     0.00000     0.1584E+02     2.000     4   4.6145
       86     0.00000     0.3058E+01     2.000     3   4.6153
       87     0.00000     0.7743E+01     2.000     3   4.6248
       88     0.00000     0.7865E+01     2.000     3   4.6276
       89     0.00000     0.6234E+01     2.000     4   4.6283
       90     0.00000     0.5708E+01     2.000     4   4.6290
       91     0.00000     0.1437E+02     1.000     2   4.6368
       92     0.00000     0.5984E+01     2.000     4   4.6472
       93     0.00000     0.8561E+01     2.000     3   4.6490
       94     0.00000     0.1522E+02     2.000     3   4.6843
       95     0.00000     0.6952E+01     2.000     4   4.6840
       96     0.00000     0.5832E+01     2.000     4   4.6944
       97     0.00000     0.1555E+02     2.000     3   4.6961
       98     0.00000     0.1557E+02     2.000     3   4.7016
       99     0.00000     0.9064E+01     1.000     4   4.7053
      100     0.00000     0.1694E+02     2.000     3   4.7067
      101     0.00000     0.6009E+01     2.000     3   4.7136
      102     0.00000     0.3294E+01     2.000     4   4.7135
      103     0.00000     0.3974E+01     2.000     4   4.7147
      104     0.00000     0.2946E+01     2.000     4   4.7211
      105     0.00000     0.8896E+01     1.000     4   4.7217
      106     0.00000     0.6241E+01     2.000     4   4.7221
      107     0.00000     0.3971E+01     2.000     4   4.7238
      108     0.00000     0.1311E+02     2.000     4   4.7281
      109     0.00000     0.1301E+02     2.000     4   4.7278
      110     0.00000     0.6102E+01     2.000     4   4.7293
      111     0.00000     0.3321E+01     2.000     4   4.7304
      112     0.00000     0.6007E+01     2.000     3   4.7370
      113     0.00000     0.8744E+01     1.000     4   4.7370
      114     0.00000     0.2789E+01     2.000     3   4.7383
      116     0.00000     0.8724E+01     1.000     4   4.7390
      117     0.00000     0.4769E+01     1.000     4   4.7406
      118     0.00000     0.3746E+01     1.000     2   4.7437
      119     0.00000     0.1347E+02     2.000     4   4.7449
      120     0.00000     0.3814E+01     1.000     4   4.7579
      121     0.00000     0.1496E+02     2.000     4   4.7635
      122     0.00000     0.3231E+01     1.000     4   4.7656
      123     0.00000     0.3185E+01     1.000     4   4.7700
      124     0.00000     0.7456E+01     2.000     4   4.7711
      125     0.00000     0.5637E+01     2.000     3   4.7744
      126     0.00000     0.3813E+01     2.000     4   4.7751
      127     0.00000     0.3670E+01     1.000     2   4.7768
      128     0.00000     0.6855E+01     1.000     4   4.7766
      129     0.00000     0.3615E+01     1.000     2   4.8015
      130     0.00000     0.3600E+01     1.000     2   4.8084
      131     0.00000     0.3356E+01     1.000     4   4.8141
      132     0.00000     0.3606E+01     2.000     4   4.8283
      133     0.00000     0.3711E+02     2.000     5   4.8322
      134     0.00000     0.5135E+01     2.000     4   4.8359
      135     0.00000     0.1375E+02     2.000     3   4.8426
      136     0.00000     0.8585E+01     2.000     5   4.8423
      137     0.00000     0.8554E+01     1.000     4   4.8456
      138     0.00000     0.2695E+02     2.000     5   4.8557
      139     0.00000     0.8351E+01     2.000     5   4.8596
      140     0.00000     0.9295E+01     1.000     4   4.8609
      141     0.00000     0.2597E+02     2.000     5   4.8637
      142     0.00000     0.4062E+01     2.000     3   4.8653
      143     0.00000     0.2725E+02     2.000     5   4.8764
      144     0.00000     0.8273E+01     1.000     4   4.8954
      145     0.00000     0.9338E+01     2.000     5   4.8970
      146     0.00000     0.8118E+01     2.000     5   4.9065
      147     0.00000     0.6678E+01     2.000     4   4.9078
      148     0.00000     0.3711E+01     2.000     3   4.9094
      149     0.00000     0.4371E+01     1.000     4   4.9390
      150     0.00000     0.6682E+01     2.000     4   4.9392
      151     0.00000     0.6375E+01     2.000     4   4.9399
      152     0.00000     0.1394E+02     1.000     4   4.9416
      153     0.00000     0.3532E+01     2.000     4   4.9478
      154     0.00000     0.9209E+01     2.000     4   4.9533
      155     0.00000     0.6448E+01     2.000     4   4.9548
      156     0.00000     0.6312E+01     2.000     4   4.9665
      157     0.00000     0.9966E+01     2.000     4   4.9706
      158     0.00000     0.9315E+01     2.000     4   4.9733
      159     0.00000     0.7387E+01     2.000     4   4.9898
      160     0.00000     0.5995E+01     2.000     4   5.0035
      161     0.00000     0.1674E+02     2.000     5   5.0069
      162     0.00000     0.8469E+01     2.000     4   5.0100
      163     0.00000     0.9097E+01     2.000     4   5.0106
      164     0.00000     0.3374E+01     2.000     5   5.0140
      165     0.00000     0.3220E+01     1.000     2   5.0150
      166     0.00000     0.1321E+02     2.000     5   5.0197
      167     0.00000     0.3362E+01     2.000     5   5.0249
      168     0.00000     0.1179E+02     2.000     5   5.0274
      169     0.00000     0.2799E+01     2.000     4   5.0283
      170     0.00000     0.8552E+01     2.000     4   5.0288
      171     0.00000     0.1157E+02     2.000     5   5.0289
      172     0.00000     0.3151E+01     1.000     2   5.0304
      173     0.00000     0.7704E+01     2.000     3   5.0320
      174     0.00000     0.5274E+01     2.000     4   5.0326
      175     0.00000     0.6782E+01     2.000     4   5.0393
      176     0.00000     0.3475E+01     2.000     5   5.0499
      177     0.00000     0.6944E+01     2.000     4   5.0514
      178     0.00000     0.7470E+01     2.000     3   5.0667
      179     0.00000     0.7272E+01     2.000     3   5.0676
      180     0.00000     0.3079E+01     1.000     2   5.0701
      181     0.00000     0.6005E+01     2.000     5   5.0700
      182     0.00000     0.3592E+01     2.000     5   5.0717
      183     0.00000     0.5304E+01     2.000     3   5.0768
      184     0.00000     0.5586E+01     2.000     3   5.0821
      185     0.00000     0.5683E+01     2.000     3   5.0832
      186     0.00000     0.4244E+01     2.000     4   5.0895
      187     0.00000     0.3041E+01     1.000     2   5.0913
      188     0.00000     0.6461E+01     2.000     4   5.1017
      189     0.00000     0.4792E+01     2.000     3   5.1022
      190     0.00000     0.6294E+01     1.000     4   5.1251
      191     0.00000     0.5797E+01     2.000     4   5.1329
      192     0.00000     0.4706E+01     2.000     3   5.1349
      194     0.00000     0.3266E+01     2.000     4   5.1415
      195     0.00000     0.4340E+01     2.000     4   5.1553
      196     0.00000     0.6178E+01     1.000     4   5.1560
      197     0.00000     0.4721E+01     2.000     3   5.1581
      198     0.00000     0.1037E+02     2.000     3   5.1601
      199     0.00000     0.3131E+01     1.000     4   5.1603
      200     0.00000     0.3152E+01     1.000     4   5.1623
      201     0.00000     0.6187E+01     1.000     4   5.1711
      202     0.00000     0.4496E+01     2.000     3   5.1722
      203     0.00000     0.2980E+01     1.000     4   5.1745
      204     0.00000     0.4733E+01     2.000     4   5.1938
      205     0.00000     0.1016E+02     2.000     3   5.1989
      206     0.00000     0.3839E+01     2.000     4   5.1994
      207     0.00000     0.9938E+01     2.000     4   5.2011
      208     0.00000     0.6182E+01     1.000     4   5.2053
      209     0.00000     0.1024E+02     2.000     3   5.2138
      210     0.00000     0.4361E+01     2.000     5   5.2379
      211     0.00000     0.7591E+01     2.000     5   5.2404
      212     0.00000     0.5495E+01     2.000     5   5.2550
      213     0.00000     0.5569E+01     2.000     3   5.2617
      214     0.00000     0.9152E+01     2.000     5   5.2656
      216     0.00000     0.1614E+02     1.000     6   5.2731
      218     0.00000     0.6306E+01     2.000     6   5.2758
      219     0.00000     0.1539E+02     2.000     5   5.2790
      220     0.00000     0.9226E+01     2.000     5   5.2810
      221     0.00000     0.4748E+01     1.000     6   5.2805
      222     0.00000     0.1253E+02     1.000     6   5.2816
      224     0.00000     0.6297E+01     2.000     6   5.2838
      225     0.00000     0.1672E+02     2.000     5   5.2850
      226     0.00000     0.4538E+01     1.000     4   5.2872
      227     0.00000     0.4747E+01     1.000     6   5.2868
      228     0.00000     0.1148E+02     1.000     6   5.2878
      229     0.00000     0.4409E+01     1.000     6   5.2886
      230     0.00000     0.9460E+01     1.000     4   5.2897
      231     0.00000     0.1174E+02     1.000     6   5.2892
      232     0.00000     0.5592E+01     2.000     3   5.2902
      233     0.00000     0.7685E+01     2.000     3   5.2919
      234     0.00000     0.1557E+02     2.000     5   5.3006
      236     0.00000     0.6381E+01     2.000     6   5.3118
      237     0.00000     0.5442E+01     2.000     3   5.3171
      238     0.00000     0.5466E+01     2.000     5   5.3198
      239     0.00000     0.3225E+01     2.000     4   5.3237
      240     0.00000     0.4355E+01     1.000     4   5.3251
      241     0.00000     0.8550E+01     2.000     4   5.3265
      242     0.00000     0.9285E+01     1.000     4   5.3277
      244     0.00000     0.8686E+01     2.000     5   5.3308
      245     0.00000     0.6632E+01     2.000     4   5.3320
      246     0.00000     0.5147E+01     2.000     3   5.3330
      247     0.00000     0.4123E+01     1.000     4   5.3338
      248     0.00000     0.9559E+01     1.000     4   5.3363
      250     0.00000     0.6774E+01     2.000     6   5.3379
      251     0.00000     0.6134E+01     2.000     5   5.3412
      252     0.00000     0.6966E+01     2.000     4   5.3415
      253     0.00000     0.6655E+01     2.000     4   5.3483
      254     0.00000     0.3833E+01     2.000     3   5.3490
      256     0.00000     0.6609E+01     2.000     4   5.3577
      258     0.00000     0.6328E+01     2.000     5   5.3601
      259     0.00000     0.6563E+01     2.000     4   5.3619
      261     0.00000     0.6193E+01     2.000     5   5.3634
      262     0.00000     0.3151E+01     2.000     3   5.3712
      264     0.00000     0.3720E+01     2.000     3   5.3791
      265     0.00000     0.6563E+01     2.000     4   5.3812
      266     0.00000     0.1259E+02     2.000     5   5.3881
      267     0.00000     0.5663E+01     2.000     4   5.3901
      269     0.00000     0.1036E+02     2.000     4   5.3913
      270     0.00000     0.6276E+01     2.000     4   5.3949
      271     0.00000     0.1224E+02     2.000     5   5.3971
      272     0.00000     0.5397E+01     2.000     3   5.4029
      273     0.00000     0.2904E+01     2.000     4   5.4030
      274     0.00000     0.2942E+01     2.000     3   5.4041
      275     0.00000     0.1440E+02     2.000     5   5.4159
      276     0.00000     0.5612E+01     2.000     4   5.4165
      277     0.00000     0.1042E+02     2.000     4   5.4189
      279     0.00000     0.6638E+01     2.000     5   5.4229
      280     0.00000     0.1942E+02     2.000     5   5.4235
      281     0.00000     0.1955E+02     2.000     5   5.4255
      282     0.00000     0.4322E+01     2.000     4   5.4287
      283     0.00000     0.4579E+01     2.000     5   5.4307
      284     0.00000     0.4259E+01     2.000     4   5.4329
      285     0.00000     0.1209E+02     2.000     5   5.4330
      286     0.00000     0.6092E+01     2.000     5   5.4341
      287     0.00000     0.3903E+01     2.000     4   5.4349
      288     0.00000     0.6240E+01     2.000     5   5.4347
      289     0.00000     0.3017E+01     2.000     4   5.4356
      290     0.00000     0.5190E+01     2.000     4   5.4383
      291     0.00000     0.1034E+02     2.000     4   5.4396
      292     0.00000     0.5291E+01     2.000     5   5.4435
      293     0.00000     0.3987E+01     2.000     4   5.4528
      295     0.00000     0.6110E+01     2.000     3   5.4593
      297     0.00000     0.2998E+01     2.000     4   5.4603
      298     0.00000     0.4142E+01     2.000     4   5.4624
      299     0.00000     0.8078E+01     2.000     3   5.4686
      300     0.00000     0.3496E+01     2.000     4   5.4693
      301     0.00000     0.7067E+01     2.000     3   5.4818
      302     0.00000     0.5165E+01     2.000     6   5.4835
      303     0.00000     0.1894E+02     1.000     6   5.4846
      304     0.00000     0.8262E+01     2.000     4   5.4858
      305     0.00000     0.6317E+01     2.000     4   5.4857
      306     0.00000     0.2961E+01     1.000     4   5.4930
      307     0.00000     0.7227E+01     2.000     5   5.4927
      308     0.00000     0.2946E+01     2.000     4   5.4959
      309     0.00000     0.7934E+01     2.000     3   5.4963
      310     0.00000     0.8072E+01     2.000     3   5.4975
      311     0.00000     0.6459E+01     2.000     5   5.4981
      312     0.00000     0.6036E+01     2.000     4   5.5022
      313     0.00000     0.6266E+01     2.000     4   5.5040
      314     0.00000     0.3041E+01     1.000     4   5.5102
      315     0.00000     0.3404E+01     2.000     4   5.5124
      316     0.00000     0.8235E+01     2.000     4   5.5133
      317     0.00000     0.3466E+01     2.000     4   5.5150
      318     0.00000     0.1350E+02     1.000     6   5.5157
      319     0.00000     0.3696E+01     2.000     4   5.5173
      320     0.00000     0.3032E+01     2.000     4   5.5260
      321     0.00000     0.6137E+01     2.000     4   5.5300
      322     0.00000     0.1273E+02     1.000     6   5.5329
      323     0.00000     0.3411E+01     2.000     4   5.5366
      324     0.00000     0.4477E+01     2.000     4   5.5369
      325     0.00000     0.8081E+01     2.000     4   5.5411
      326     0.00000     0.2918E+01     1.000     4   5.5429
      327     0.00000     0.4107E+01     2.000     4   5.5431
      329     0.00000     0.5724E+01     2.000     5   5.5598
      330     0.00000     0.5695E+01     2.000     5   5.5623
      331     0.00000     0.1278E+02     1.000     6   5.5644
      332     0.00000     0.2757E+01     2.000     4   5.5663
      333     0.00000     0.1238E+02     2.000     5   5.5660
      335     0.00000     0.5344E+01     2.000     5   5.5761
      336     0.00000     0.6050E+01     2.000     5   5.5764
      337     0.00000     0.2726E+01     2.000     4   5.5780
      338     0.00000     0.5277E+01     2.000     4   5.5802
      339     0.00000     0.5396E+01     2.000     4   5.5888
      340     0.00000     0.1224E+02     2.000     5   5.5895
      341     0.00000     0.6478E+01     2.000     5   5.5906
      342     0.00000     0.5394E+01     2.000     5   5.5911
      343     0.00000     0.1240E+02     2.000     5   5.5952
      344     0.00000     0.1300E+02     2.000     5   5.6012
      345     0.00000     0.1269E+02     2.000     5   5.6106
      346     0.00000     0.1389E+02     2.000     5   5.6133
      347     0.00000     0.9015E+01     2.000     5   5.6129
      348     0.00000     0.1709E+02     2.000     5   5.6154
      349     0.00000     0.5094E+01     2.000     4   5.6267
      350     0.00000     0.9085E+01     2.000     4   5.6294
      351     0.00000     0.4923E+01     2.000     5   5.6308
      353     0.00000     0.8869E+01     2.000     5   5.6395
      354     0.00000     0.1336E+02     2.000     5   5.6398
      355     0.00000     0.5222E+01     2.000     5   5.6407
      356     0.00000     0.1005E+02     2.000     4   5.6422
      357     0.00000     0.8172E+01     2.000     5   5.6421
      358     0.00000     0.1708E+02     2.000     5   5.6421
      359     0.00000     0.8912E+01     2.000     4   5.6446
      360     0.00000     0.4893E+01     2.000     4   5.6505
      361     0.00000     0.5896E+01     2.000     4   5.6502
      363     0.00000     0.6402E+01     1.000     4   5.6513
      364     0.00000     0.5586E+01     2.000     5   5.6560
      365     0.00000     0.5197E+01     2.000     5   5.6577
      366     0.00000     0.6878E+01     2.000     4   5.6587
      367     0.00000     0.1676E+02     2.000     6   5.6593
      368     0.00000     0.1328E+02     2.000     5   5.6614
      369     0.00000     0.8220E+01     2.000     5   5.6611
      370     0.00000     0.6053E+01     2.000     4   5.6630
      371     0.00000     0.1707E+02     2.000     5   5.6636
      372     0.00000     0.6088E+01     2.000     4   5.6745
      373     0.00000     0.5245E+01     2.000     5   5.6756
      374     0.00000     0.3500E+01     2.000     5   5.6751
      375     0.00000     0.8688E+01     2.000     5   5.6777
      376     0.00000     0.5010E+01     2.000     5   5.6776
      377     0.00000     0.3419E+01     2.000     3   5.6814
      378     0.00000     0.6929E+01     2.000     4   5.6814
      379     0.00000     0.2941E+01     2.000     5   5.6833
      380     0.00000     0.7434E+01     2.000     5   5.6850
      381     0.00000     0.1219E+02     2.000     6   5.6874
      382     0.00000     0.4421E+01     2.000     4   5.6952
      383     0.00000     0.4124E+01     1.000     6   5.6959
      384     0.00000     0.4722E+01     2.000     4   5.6973
      385     0.00000     0.1175E+02     2.000     6   5.6982
      386     0.00000     0.3302E+01     2.000     5   5.6984
      387     0.00000     0.1018E+02     2.000     6   5.6991
      388     0.00000     0.5496E+01     2.000     4   5.7004
      389     0.00000     0.3144E+01     2.000     5   5.7052
      390     0.00000     0.1023E+02     2.000     6   5.7051
      391     0.00000     0.8091E+01     1.000     6   5.7059
      392     0.00000     0.6326E+01     1.000     6   5.7078
      393     0.00000     0.1102E+02     2.000     5   5.7078
      394     0.00000     0.6326E+01     1.000     6   5.7078
      395     0.00000     0.8219E+01     1.000     6   5.7091
      396     0.00000     0.8831E+01     1.000     4   5.7109
      398     0.00000     0.4124E+01     2.000     4   5.7120
      399     0.00000     0.7573E+01     1.000     6   5.7125
      400     0.00000     0.5583E+01     2.000     4   5.7147
      401     0.00000     0.4453E+01     2.000     4   5.7143
      402     0.00000     0.4679E+01     2.000     4   5.7157
      403     0.00000     0.5700E+01     2.000     5   5.7158
      404     0.00000     0.4064E+01     2.000     4   5.7168
      405     0.00000     0.9422E+01     2.000     5   5.7170
      406     0.00000     0.3382E+01     2.000     5   5.7179
      407     0.00000     0.3172E+01     2.000     5   5.7210
      408     0.00000     0.3292E+01     2.000     5   5.7205
      409     0.00000     0.4879E+01     2.000     5   5.7205
      410     0.00000     0.5278E+01     2.000     5   5.7212
      411     0.00000     0.3410E+01     2.000     6   5.7218
      412     0.00000     0.4362E+01     2.000     6   5.7218
      413     0.00000     0.4456E+01     2.000     4   5.7224
      414     0.00000     0.1339E+02     2.000     6   5.7224
      415     0.00000     0.4961E+01     2.000     5   5.7230
      416     0.00000     0.1092E+02     2.000     5   5.7247
      417     0.00000     0.1123E+02     2.000     5   5.7277
      419     0.00000     0.4173E+01     2.000     4   5.7309
      420     0.00000     0.5787E+01     2.000     5   5.7309
      421     0.00000     0.9605E+01     2.000     5   5.7334
      422     0.00000     0.4312E+01     2.000     4   5.7348
      424     0.00000     0.1004E+02     2.000     6   5.7360
      425     0.00000     0.4645E+01     2.000     4   5.7387
      426     0.00000     0.6269E+01     2.000     5   5.7417
      428     0.00000     0.4605E+01     2.000     5   5.7443
      429     0.00000     0.3391E+01     2.000     4   5.7463
      430     0.00000     0.8804E+01     1.000     4   5.7467
      431     0.00000     0.4347E+01     2.000     4   5.7473
      433     0.00000     0.8491E+01     1.000     4   5.7584
      434     0.00000     0.1048E+02     2.000     5   5.7581
      435     0.00000     0.7162E+01     2.000     6   5.7607
      436     0.00000     0.5259E+01     2.000     5   5.7656
      437     0.00000     0.9302E+01     2.000     5   5.7668
      438     0.00000     0.7236E+01     2.000     5   5.7675
      439     0.00000     0.5223E+01     2.000     5   5.7700
      440     0.00000     0.4613E+01     2.000     5   5.7774
      441     0.00000     0.5491E+01     2.000     6   5.7773
      443     0.00000     0.1122E+02     2.000     5   5.7798
      445     0.00000     0.1158E+02     2.000     5   5.7918
      446     0.00000     0.1194E+02     2.000     5   5.7970
      448     0.00000     0.4989E+01     2.000     5   5.8030
      449     0.00000     0.5913E+01     2.000     5   5.8051
      450     0.00000     0.6298E+01     2.000     5   5.8048
      452     0.00000     0.4731E+01     2.000     5   5.8057
      453     0.00000     0.3827E+01     2.000     5   5.8067
      454     0.00000     0.4460E+01     2.000     5   5.8074
      455     0.00000     0.4547E+01     2.000     5   5.8090
      456     0.00000     0.3662E+01     2.000     5   5.8102
      457     0.00000     0.9741E+01     2.000     5   5.8114
      459     0.00000     0.5004E+01     2.000     5   5.8176
      460     0.00000     0.9896E+01     2.000     5   5.8184
      463     0.00000     0.1043E+02     2.000     6   5.8212
      464     0.00000     0.1055E+02     2.000     6   5.8215
      465     0.00000     0.4452E+01     2.000     5   5.8233
      466     0.00000     0.8117E+01     2.000     5   5.8248
      467     0.00000     0.3820E+01     2.000     5   5.8267
      469     0.00000     0.3772E+01     2.000     5   5.8301
      470     0.00000     0.3559E+01     2.000     5   5.8366
      473     0.00000     0.1078E+02     2.000     6   5.8382
      474     0.00000     0.7669E+01     2.000     5   5.8387
      475     0.00000     0.8212E+01     2.000     5   5.8430
      476     0.00000     0.8361E+01     2.000     5   5.8448
      477     0.00000     0.1552E+02     2.000     5   5.8463
      479     0.00000     0.9410E+01     2.000     5   5.8572
      480     0.00000     0.4660E+01     2.000     5   5.8607
      482     0.00000     0.1609E+02     2.000     6   5.8664
      483     0.00000     0.3543E+01     2.000     5   5.8674
      484     0.00000     0.3344E+01     2.000     5   5.8738
      485     0.00000     0.4922E+01     2.000     5   5.8795
      486     0.00000     0.6111E+01     2.000     5   5.8815
      487     0.00000     0.6489E+01     2.000     5   5.8831
      488     0.00000     0.5036E+01     2.000     5   5.8899
      489     0.00000     0.5287E+01     2.000     4   5.8921
      490     0.00000     0.6456E+01     2.000     5   5.9003
      491     0.00000     0.3285E+01     2.000     5   5.9016
      492     0.00000     0.5156E+01     2.000     5   5.9015
      493     0.00000     0.2189E+02     2.000     6   5.9074
      494     0.00000     0.2786E+01     2.000     5   5.9096
      495     0.00000     0.5477E+01     2.000     5   5.9115
      497     0.00000     0.3012E+01     2.000     5   5.9185
      498     0.00000     0.7698E+01     2.000     5   5.9192
      499     0.00000     0.2820E+01     2.000     5   5.9215
      501     0.00000     0.3303E+02     2.000     7   5.9255
      502     0.00000     0.4977E+01     2.000     5   5.9264
      504     0.00000     0.6479E+01     2.000     6   5.9286
      505     0.00000     0.3325E+01     2.000     6   5.9312
      506     0.00000     0.5154E+01     2.000     5   5.9343
      508     0.00000     0.7960E+01     2.000     7   5.9351
      509     0.00000     0.7891E+01     2.000     7   5.9357
      510     0.00000     0.9421E+01     2.000     5   5.9379
      511     0.00000     0.7830E+01     2.000     5   5.9375
      512     0.00000     0.4974E+01     1.000     6   5.9386
      513     0.00000     0.2237E+02     2.000     6   5.9390
      514     0.00000     0.4039E+01     1.000     6   5.9389
      515     0.00000     0.8377E+01     1.000     6   5.9411
      516     0.00000     0.7796E+01     2.000     5   5.9463
      517     0.00000     0.5090E+01     2.000     5   5.9481
      518     0.00000     0.3327E+01     2.000     7   5.9485
      519     0.00000     0.2404E+02     2.000     7   5.9491
      520     0.00000     0.6168E+01     2.000     5   5.9521
      521     0.00000     0.7769E+01     2.000     7   5.9521
      522     0.00000     0.7684E+01     2.000     7   5.9530
      523     0.00000     0.4068E+01     1.000     6   5.9537
      524     0.00000     0.5019E+01     1.000     6   5.9540
      525     0.00000     0.2205E+02     2.000     6   5.9543
      526     0.00000     0.3466E+01     2.000     7   5.9561
      527     0.00000     0.4169E+01     2.000     4   5.9564
      528     0.00000     0.8489E+01     1.000     6   5.9566
      529     0.00000     0.2314E+02     2.000     7   5.9571
      530     0.00000     0.3616E+01     2.000     7   5.9685
      531     0.00000     0.2422E+02     2.000     7   5.9696
      532     0.00000     0.5201E+01     2.000     5   5.9877
      533     0.00000     0.4580E+01     1.000     6   5.9883
      534     0.00000     0.2128E+02     2.000     6   5.9886
      535     0.00000     0.3811E+01     1.000     6   5.9887
      536     0.00000     0.8626E+01     2.000     7   5.9892
      537     0.00000     0.8271E+01     1.000     6   5.9908
      538     0.00000     0.8665E+01     2.000     7   5.9903
      539     0.00000     0.7558E+01     2.000     7   5.9987
      540     0.00000     0.7489E+01     2.000     7   5.9998
      541     0.00000     0.9640E+01     2.000     6   6.0012
      542     0.00000     0.3450E+01     2.000     6   6.0008
      543     0.00000     0.5034E+01     2.000     6   6.0011
      544     0.00000     0.4513E+01     2.000     6   6.0033
      545     0.00000     0.5063E+01     2.000     5   6.0056
      546     0.00000     0.5747E+01     1.000     6   6.0069
      547     0.00000     0.6009E+01     2.000     6   6.0153
      548     0.00000     0.5743E+01     1.000     6   6.0158
      549     0.00000     0.5668E+01     1.000     6   6.0193
      550     0.00000     0.5622E+01     1.000     6   6.0230
      551     0.00000     0.5042E+01     2.000     6   6.0321
      552     0.00000     0.9282E+01     2.000     6   6.0326
      553     0.00000     0.3414E+01     2.000     6   6.0323
      554     0.00000     0.7505E+01     2.000     6   6.0330
      555     0.00000     0.5505E+01     2.000     6   6.0343
      556     0.00000     0.4477E+01     2.000     6   6.0349
      557     0.00000     0.3095E+01     2.000     6   6.0354
      558     0.00000     0.5092E+01     2.000     5   6.0367
      559     0.00000     0.2247E+02     2.000     5   6.0366
      560     0.00000     0.1109E+02     1.000     6   6.0369
      561     0.00000     0.3757E+01     2.000     5   6.0425
      562     0.00000     0.3964E+01     2.000     5   6.0454
      563     0.00000     0.5920E+01     2.000     6   6.0460
      564     0.00000     0.3029E+01     2.000     6   6.0464
      565     0.00000     0.9267E+01     2.000     6   6.0481
      566     0.00000     0.3264E+01     2.000     6   6.0478
      567     0.00000     0.4871E+01     2.000     6   6.0482
      568     0.00000     0.1556E+02     2.000     6   6.0488
      569     0.00000     0.3755E+01     2.000     5   6.0495
      570     0.00000     0.4429E+01     2.000     6   6.0503
      571     0.00000     0.7353E+01     2.000     6   6.0596
      572     0.00000     0.2302E+02     2.000     5   6.0612
      573     0.00000     0.4104E+01     2.000     5   6.0622
      574     0.00000     0.3980E+01     2.000     5   6.0621
      575     0.00000     0.2995E+01     2.000     6   6.0622
      576     0.00000     0.3138E+01     2.000     6   6.0637
      577     0.00000     0.1589E+02     2.000     6   6.0662
      578     0.00000     0.2749E+01     2.000     6   6.0663
      579     0.00000     0.1614E+02     2.000     6   6.0688
      580     0.00000     0.4941E+01     2.000     4   6.0781
      584     0.00000     0.8358E+01     2.000     6   6.0821
      585     0.00000     0.1096E+02     2.000     6   6.0831
      586     0.00000     0.9845E+01     2.000     6   6.0851
      587     0.00000     0.2158E+02     2.000     5   6.0856
      589     0.00000     0.4967E+01     2.000     4   6.0969
      590     0.00000     0.6904E+01     2.000     6   6.0965
      591     0.00000     0.3922E+01     2.000     5   6.0976
      592     0.00000     0.6682E+01     2.000     5   6.0988
      593     0.00000     0.2947E+01     2.000     6   6.0990
      595     0.00000     0.1528E+02     2.000     7   6.1002
      596     0.00000     0.5121E+01     2.000     6   6.1030
      599     0.00000     0.5407E+01     2.000     6   6.1037
      600     0.00000     0.1035E+02     2.000     6   6.1035
      601     0.00000     0.1043E+02     2.000     6   6.1040
      602     0.00000     0.1107E+02     2.000     6   6.1055
      603     0.00000     0.1172E+02     2.000     6   6.1063
      604     0.00000     0.2673E+01     2.000     5   6.1100
      605     0.00000     0.9629E+01     2.000     6   6.1107
      606     0.00000     0.3472E+01     2.000     7   6.1119
      607     0.00000     0.1204E+02     2.000     7   6.1130
      608     0.00000     0.8778E+01     2.000     6   6.1186
      609     0.00000     0.9805E+01     2.000     6   6.1195
      610     0.00000     0.3105E+01     2.000     7   6.1202
      611     0.00000     0.1086E+02     2.000     7   6.1208
      612     0.00000     0.5089E+01     2.000     6   6.1218
      613     0.00000     0.3212E+01     2.000     7   6.1213
      615     0.00000     0.1061E+02     2.000     6   6.1221
      616     0.00000     0.1063E+02     2.000     7   6.1223
      617     0.00000     0.4937E+01     2.000     4   6.1238
      618     0.00000     0.1171E+02     2.000     6   6.1243
      620     0.00000     0.5529E+01     2.000     5   6.1250
      621     0.00000     0.6452E+01     2.000     6   6.1260
      622     0.00000     0.5837E+01     2.000     6   6.1260
      623     0.00000     0.3773E+01     2.000     5   6.1266
      624     0.00000     0.3305E+01     2.000     5   6.1275
      625     0.00000     0.4149E+01     2.000     6   6.1278
      626     0.00000     0.7253E+01     2.000     3   6.1292
      627     0.00000     0.4720E+01     2.000     6   6.1324
      628     0.00000     0.1006E+02     2.000     6   6.1320
      630     0.00000     0.4394E+01     2.000     6   6.1359
      631     0.00000     0.5339E+01     2.000     6   6.1359
      634     0.00000     0.6553E+01     2.000     5   6.1395
      635     0.00000     0.1004E+02     2.000     6   6.1413
      636     0.00000     0.4748E+01     2.000     6   6.1445
      637     0.00000     0.6420E+01     2.000     5   6.1451
      638     0.00000     0.7078E+01     2.000     6   6.1452
      639     0.00000     0.3825E+01     2.000     5   6.1473
      640     0.00000     0.1003E+02     2.000     6   6.1488
      642     0.00000     0.3114E+01     2.000     5   6.1503
      643     0.00000     0.8104E+01     2.000     6   6.1505
      644     0.00000     0.8959E+01     2.000     6   6.1505
      645     0.00000     0.4360E+01     2.000     6   6.1510
      646     0.00000     0.5369E+01     2.000     6   6.1510
      649     0.00000     0.8364E+01     2.000     6   6.1575
      650     0.00000     0.9408E+01     2.000     6   6.1575
      652     0.00000     0.5364E+01     2.000     5   6.1598
      653     0.00000     0.5239E+01     2.000     5   6.1606
      654     0.00000     0.3247E+01     2.000     5   6.1624
      655     0.00000     0.3309E+01     2.000     5   6.1631
      657     0.00000     0.9259E+01     2.000     6   6.1634
      658     0.00000     0.1006E+02     2.000     6   6.1634
      661     0.00000     0.4364E+01     2.000     6   6.1708
      662     0.00000     0.8331E+01     2.000     6   6.1721
      663     0.00000     0.9246E+01     2.000     6   6.1721
      664     0.00000     0.3179E+01     2.000     5   6.1743
      665     0.00000     0.4421E+01     2.000     6   6.1829
      666     0.00000     0.4459E+01     2.000     6   6.1834
      667     0.00000     0.3285E+01     2.000     6   6.1838
      668     0.00000     0.3253E+01     2.000     6   6.1846
      669     0.00000     0.4406E+01     2.000     6   6.1947
      672     0.00000     0.4051E+01     2.000     6   6.2010
      674     0.00000     0.7180E+01     2.000     4   6.2071
      676     0.00000     0.3081E+01     2.000     5   6.2125
      677     0.00000     0.7652E+01     2.000     6   6.2184
      678     0.00000     0.4767E+01     2.000     5   6.2188
      679     0.00000     0.3038E+01     2.000     5   6.2212
      680     0.00000     0.3044E+01     2.000     6   6.2262
      681     0.00000     0.8475E+01     2.000     6   6.2425
      683     0.00000     0.8170E+01     2.000     6   6.2449
      684     0.00000     0.3301E+01     2.000     3   6.2465
      685     0.00000     0.6739E+01     2.000     6   6.2495
      687     0.00000     0.3485E+01     2.000     3   6.2539
      688     0.00000     0.7176E+01     2.000     5   6.2556
      689     0.00000     0.3637E+01     1.000     6   6.2560
      690     0.00000     0.3759E+01     1.000     6   6.2578
      691     0.00000     0.8282E+01     2.000     6   6.2625
      692     0.00000     0.6682E+01     2.000     6   6.2644
      693     0.00000     0.4991E+01     2.000     6   6.2655
      694     0.00000     0.4528E+01     2.000     6   6.2692
      695     0.00000     0.3189E+01     1.000     6   6.2700
      696     0.00000     0.4341E+01     2.000     6   6.2752
      697     0.00000     0.5758E+01     2.000     6   6.2796
      698     0.00000     0.3895E+01     2.000     6   6.2891
      699     0.00000     0.3111E+01     2.000     6   6.2933
      701     0.00000     0.7023E+01     2.000     5   6.2946
      703     0.00000     0.3686E+01     2.000     6   6.2945
      704     0.00000     0.8111E+01     2.000     6   6.2965
      705     0.00000     0.6602E+01     2.000     6   6.2986
      706     0.00000     0.3397E+01     2.000     6   6.3017
      707     0.00000     0.5193E+01     2.000     6   6.3056
      708     0.00000     0.4625E+01     2.000     6   6.3067
      709     0.00000     0.5040E+01     2.000     6   6.3072
      710     0.00000     0.7075E+01     2.000     5   6.3093
      711     0.00000     0.4605E+01     2.000     6   6.3149
      712     0.00000     0.2856E+01     2.000     7   6.3332
      713     0.00000     0.6924E+01     2.000     7   6.3332
      714     0.00000     0.6765E+01     2.000     7   6.3358
      715     0.00000     0.4504E+01     2.000     5   6.3471
      716     0.00000     0.2680E+01     2.000     5   6.3476
      718     0.00000     0.8710E+01     2.000     7   6.3478
      720     0.00000     0.1784E+02     2.000     7   6.3483
      721     0.00000     0.1684E+02     2.000     7   6.3483
      722     0.00000     0.1276E+02     2.000     7   6.3503
      724     0.00000     0.9554E+01     2.000     7   6.3587
      725     0.00000     0.8276E+01     2.000     7   6.3585
      726     0.00000     0.6147E+01     2.000     7   6.3591
      727     0.00000     0.8690E+01     2.000     7   6.3591
      729     0.00000     0.3522E+01     2.000     7   6.3611
      730     0.00000     0.1592E+02     1.000     6   6.3623
      731     0.00000     0.4360E+01     2.000     7   6.3638
      732     0.00000     0.4475E+01     2.000     5   6.3713
      733     0.00000     0.3170E+01     2.000     7   6.3719
      734     0.00000     0.3310E+01     2.000     7   6.3721
      735     0.00000     0.1003E+02     2.000     7   6.3724
      736     0.00000     0.1942E+02     2.000     7   6.3725
      737     0.00000     0.1909E+02     2.000     7   6.3725
      738     0.00000     0.8339E+01     2.000     7   6.3734
      739     0.00000     0.9556E+01     2.000     7   6.3741
      741     0.00000     0.1629E+02     2.000     7   6.3745
      742     0.00000     0.6244E+01     2.000     7   6.3744
      743     0.00000     0.8395E+01     2.000     7   6.3744
      744     0.00000     0.2927E+01     2.000     4   6.3757
      745     0.00000     0.1683E+02     1.000     6   6.3756
      746     0.00000     0.3461E+01     2.000     7   6.3767
      747     0.00000     0.4897E+01     2.000     3   6.3773
      748     0.00000     0.3532E+01     2.000     7   6.3774
      749     0.00000     0.1006E+02     2.000     7   6.3778
      750     0.00000     0.3430E+01     2.000     7   6.3781
      751     0.00000     0.1964E+02     2.000     7   6.3784
      752     0.00000     0.1922E+02     2.000     7   6.3784
      753     0.00000     0.1706E+02     2.000     7   6.3807
      754     0.00000     0.4582E+01     2.000     6   6.3827
      755     0.00000     0.7595E+01     1.000     6   6.3852
      756     0.00000     0.3318E+01     2.000     4   6.3893
      757     0.00000     0.3393E+01     2.000     7   6.3928
      758     0.00000     0.7200E+01     2.000     6   6.3931
      759     0.00000     0.1005E+02     2.000     7   6.3939
      760     0.00000     0.1967E+02     2.000     7   6.3939
      761     0.00000     0.3066E+01     2.000     7   6.3936
      762     0.00000     0.1903E+02     2.000     7   6.3939
      763     0.00000     0.3164E+01     2.000     7   6.3945
      764     0.00000     0.4376E+01     2.000     5   6.3956
      765     0.00000     0.1686E+02     2.000     7   6.3961
      766     0.00000     0.4826E+01     2.000     4   6.4116
      767     0.00000     0.6724E+01     2.000     7   6.4125
      769     0.00000     0.1533E+02     1.000     6   6.4129
      770     0.00000     0.9498E+01     2.000     7   6.4131
      771     0.00000     0.3010E+01     2.000     7   6.4130
      772     0.00000     0.3130E+01     2.000     7   6.4151
      773     0.00000     0.2907E+01     2.000     6   6.4199
      774     0.00000     0.4443E+01     2.000     6   6.4208
      775     0.00000     0.6106E+01     2.000     6   6.4212
      776     0.00000     0.3966E+01     2.000     6   6.4233
      777     0.00000     0.7449E+01     1.000     6   6.4233
      778     0.00000     0.7865E+01     2.000     7   6.4229
      779     0.00000     0.8867E+01     2.000     7   6.4238
      780     0.00000     0.7630E+01     2.000     6   6.4245
      781     0.00000     0.5866E+01     2.000     7   6.4241
      782     0.00000     0.8122E+01     2.000     7   6.4241
      784     0.00000     0.5349E+01     2.000     6   6.4250
      785     0.00000     0.3334E+01     2.000     7   6.4262
      786     0.00000     0.2789E+01     2.000     6   6.4275
      787     0.00000     0.4380E+01     2.000     6   6.4293
      788     0.00000     0.6009E+01     2.000     6   6.4297
      789     0.00000     0.7660E+01     1.000     6   6.4318
      790     0.00000     0.5588E+01     2.000     6   6.4346
      791     0.00000     0.3018E+01     2.000     6   6.4357
      792     0.00000     0.2964E+01     2.000     6   6.4372
      793     0.00000     0.4701E+01     2.000     3   6.4380
      794     0.00000     0.3875E+01     2.000     6   6.4410
      795     0.00000     0.5357E+01     2.000     6   6.4413
      796     0.00000     0.6192E+01     2.000     6   6.4420
      797     0.00000     0.2988E+01     2.000     6   6.4438
      798     0.00000     0.3014E+01     2.000     7   6.4444
      801     0.00000     0.5438E+01     2.000     6   6.4507
      803     0.00000     0.2943E+01     2.000     6   6.4531
      804     0.00000     0.3310E+01     2.000     6   6.4532
      805     0.00000     0.7648E+01     2.000     6   6.4540
      806     0.00000     0.1026E+02     2.000     6   6.4577
      807     0.00000     0.4700E+01     2.000     5   6.4639
      808     0.00000     0.3271E+01     2.000     6   6.4673
      809     0.00000     0.3176E+01     2.000     6   6.4695
      810     0.00000     0.1652E+02     2.000     6   6.4701
      811     0.00000     0.5587E+01     2.000     5   6.4717
      812     0.00000     0.7342E+01     2.000     6   6.4724
      813     0.00000     0.4689E+01     2.000     5   6.4738
      815     0.00000     0.3824E+01     2.000     6   6.4746
      817     0.00000     0.5400E+01     2.000     6   6.4743
      818     0.00000     0.2852E+01     2.000     6   6.4760
      819     0.00000     0.3306E+01     2.000     6   6.4769
      820     0.00000     0.2817E+01     2.000     6   6.4776
      822     0.00000     0.1147E+02     2.000     7   6.4815
      823     0.00000     0.4118E+01     2.000     5   6.4834
      824     0.00000     0.4712E+01     2.000     6   6.4831
      827     0.00000     0.1739E+02     2.000     6   6.4853
      828     0.00000     0.2814E+01     2.000     6   6.4858
      829     0.00000     0.3038E+01     2.000     6   6.4856
      830     0.00000     0.8323E+01     2.000     6   6.4868
      833     0.00000     0.5163E+01     2.000     6   6.4879
      835     0.00000     0.1116E+02     2.000     7   6.4905
      836     0.00000     0.1666E+02     2.000     6   6.4909
      837     0.00000     0.3274E+01     2.000     6   6.5000
      839     0.00000     0.2721E+01     2.000     6   6.5059
      840     0.00000     0.2944E+01     2.000     7   6.5081
      841     0.00000     0.1305E+02     2.000     7   6.5092
      842     0.00000     0.4667E+01     2.000     6   6.5096
      843     0.00000     0.6317E+01     2.000     5   6.5109
      845     0.00000     0.3043E+01     2.000     6   6.5122
      847     0.00000     0.8350E+01     2.000     6   6.5146
      849     0.00000     0.5969E+01     2.000     7   6.5156
      850     0.00000     0.4500E+01     2.000     7   6.5162
      851     0.00000     0.4468E+01     2.000     7   6.5182
      852     0.00000     0.4787E+01     2.000     7   6.5182
      853     0.00000     0.4306E+01     2.000     7   6.5183
      854     0.00000     0.7778E+01     2.000     7   6.5188
      855     0.00000     0.1773E+02     2.000     7   6.5208
      856     0.00000     0.5397E+01     2.000     7   6.5230
      857     0.00000     0.1542E+02     2.000     6   6.5253
      860     0.00000     0.2754E+01     2.000     6   6.5263
      861     0.00000     0.2770E+01     2.000     7   6.5262
      862     0.00000     0.6453E+01     2.000     7   6.5260
      863     0.00000     0.1102E+02     2.000     7   6.5263
      866     0.00000     0.1428E+02     2.000     6   6.5268
      867     0.00000     0.3247E+01     2.000     6   6.5270
      871     0.00000     0.9785E+01     2.000     7   6.5274
      872     0.00000     0.2689E+01     2.000     7   6.5271
      874     0.00000     0.9256E+01     2.000     7   6.5281
      875     0.00000     0.9956E+01     2.000     7   6.5295
      876     0.00000     0.9730E+01     2.000     7   6.5304
      877     0.00000     0.4021E+01     2.000     5   6.5318
      880     0.00000     0.2948E+01     2.000     6   6.5338
      881     0.00000     0.8294E+01     2.000     6   6.5350
      883     0.00000     0.8269E+01     2.000     7   6.5373
      884     0.00000     0.8647E+01     2.000     7   6.5390
      885     0.00000     0.7898E+01     2.000     7   6.5436
      886     0.00000     0.7569E+01     2.000     7   6.5442
      887     0.00000     0.4023E+01     2.000     4   6.5468
      888     0.00000     0.1468E+02     2.000     6   6.5464
      889     0.00000     0.3139E+01     2.000     6   6.5485
      892     0.00000     0.5221E+01     2.000     5   6.5525
      894     0.00000     0.5841E+01     2.000     5   6.5620
      895     0.00000     0.4658E+01     2.000     4   6.5642
      896     0.00000     0.4261E+01     2.000     7   6.5669
      897     0.00000     0.8581E+01     2.000     7   6.5686
      900     0.00000     0.4815E+01     2.000     5   6.5752
      902     0.00000     0.7388E+01     2.000     7   6.5773
      905     0.00000     0.7336E+01     2.000     7   6.5816
      906     0.00000     0.6869E+01     2.000     7   6.5840
      907     0.00000     0.6372E+01     2.000     7   6.5855
      908     0.00000     0.6412E+01     2.000     7   6.5860
      909     0.00000     0.2921E+01     2.000     6   6.5878
      910     0.00000     0.2973E+01     2.000     6   6.5907
      911     0.00000     0.4521E+01     2.000     5   6.5909
      912     0.00000     0.6176E+01     2.000     7   6.5909
      913     0.00000     0.4442E+01     2.000     4   6.5931
      916     0.00000     0.3021E+01     2.000     6   6.6081
      917     0.00000     0.3827E+01     2.000     4   6.6093
      922     0.00000     0.3732E+01     2.000     6   6.6412
      923     0.00000     0.1067E+02     2.000     7   6.6593
      925     0.00000     0.5885E+01     1.000     6   6.6659
      926     0.00000     0.4019E+01     2.000     7   6.6695
      927     0.00000     0.5084E+01     2.000     6   6.6723
      928     0.00000     0.6958E+01     2.000     6   6.6728
      929     0.00000     0.2757E+01     2.000     6   6.6735
      931     0.00000     0.2761E+01     2.000     6   6.6816
      932     0.00000     0.9181E+01     2.000     7   6.6829
      933     0.00000     0.2800E+01     2.000     5   6.6834
      934     0.00000     0.3995E+01     2.000     7   6.6845
      936     0.00000     0.7036E+01     2.000     6   6.6858
      937     0.00000     0.9164E+01     2.000     7   6.6886
      939     0.00000     0.1133E+02     2.000     7   6.6965
      940     0.00000     0.9335E+01     2.000     7   6.7038
      941     0.00000     0.3030E+01     2.000     7   6.7062
      942     0.00000     0.3874E+01     2.000     7   6.7063
      943     0.00000     0.8158E+01     2.000     7   6.7059
      944     0.00000     0.4440E+01     2.000     7   6.7087
      945     0.00000     0.4669E+01     2.000     7   6.7084
      946     0.00000     0.5111E+01     2.000     7   6.7084
      947     0.00000     0.5578E+01     2.000     7   6.7088
      948     0.00000     0.3569E+01     2.000     4   6.7094
      949     0.00000     0.1532E+02     2.000     7   6.7109
      951     0.00000     0.6340E+01     2.000     6   6.7228
      952     0.00000     0.6737E+01     2.000     6   6.7228
      953     0.00000     0.4339E+01     2.000     7   6.7241
      954     0.00000     0.3006E+01     2.000     7   6.7323
      955     0.00000     0.8017E+01     2.000     7   6.7326
      957     0.00000     0.3721E+01     2.000     7   6.7329
      958     0.00000     0.3835E+01     2.000     7   6.7340
      959     0.00000     0.4433E+01     2.000     7   6.7349
      960     0.00000     0.6460E+01     2.000     6   6.7356
      961     0.00000     0.5461E+01     2.000     7   6.7355
      962     0.00000     0.4602E+01     2.000     7   6.7352
      964     0.00000     0.5075E+01     2.000     7   6.7352
      965     0.00000     0.6996E+01     2.000     7   6.7374
      966     0.00000     0.7684E+01     2.000     6   6.7379
      967     0.00000     0.1528E+02     2.000     7   6.7378
      968     0.00000     0.4775E+01     2.000     6   6.7439
      970     0.00000     0.4976E+01     2.000     7   6.7491
      971     0.00000     0.2832E+01     2.000     7   6.7494
      973     0.00000     0.4645E+01     2.000     7   6.7507
      974     0.00000     0.2746E+01     2.000     7   6.7511
      975     0.00000     0.8330E+01     2.000     6   6.7521
      976     0.00000     0.3410E+01     2.000     7   6.7516
      977     0.00000     0.3162E+01     2.000     7   6.7532
      978     0.00000     0.4833E+01     2.000     7   6.7540
      979     0.00000     0.3617E+01     2.000     7   6.7543
      980     0.00000     0.7436E+01     2.000     7   6.7540
      981     0.00000     0.2815E+01     2.000     7   6.7544
      982     0.00000     0.8017E+01     2.000     7   6.7566
      983     0.00000     0.4420E+01     2.000     7   6.7565
      984     0.00000     0.4920E+01     2.000     7   6.7565
      985     0.00000     0.4354E+01     2.000     7   6.7569
      986     0.00000     0.5456E+01     2.000     7   6.7568
      987     0.00000     0.1529E+02     2.000     7   6.7590
      988     0.00000     0.4678E+01     2.000     7   6.7685
      990     0.00000     0.2816E+01     2.000     7   6.7688
      991     0.00000     0.5706E+01     2.000     7   6.7705
      992     0.00000     0.3326E+01     2.000     7   6.7710
      993     0.00000     0.7636E+01     2.000     7   6.7711
      994     0.00000     0.7170E+01     2.000     7   6.7710
      995     0.00000     0.6268E+01     2.000     6   6.7749
      996     0.00000     0.5699E+01     2.000     7   6.7759
      998     0.00000     0.3401E+01     2.000     7   6.7784
      999     0.00000     0.1560E+02     2.000     7   6.7824
     1000     0.00000     0.3507E+01     2.000     6   6.7907
     1001     0.00000     0.5431E+01     2.000     6   6.7937
     1002     0.00000     0.2619E+02     2.000     7   6.7958
     1003     0.00000     0.1574E+02     2.000     7   6.7957
     1004     0.00000     0.2849E+02     2.000     7   6.7997
     1005     0.00000     0.6149E+01     2.000     7   6.8011
     1006     0.00000     0.1011E+02     2.000     7   6.8012
     1007     0.00000     0.5021E+01     2.000     7   6.8012
     1008     0.00000     0.3641E+01     2.000     7   6.8055
     1009     0.00000     0.8667E+01     2.000     6   6.8064
     1010     0.00000     0.5034E+01     2.000     6   6.8081
     1011     0.00000     0.5938E+01     2.000     7   6.8086
     1012     0.00000     0.5326E+01     2.000     7   6.8088
     1013     0.00000     0.3351E+01     2.000     6   6.8091
     1014     0.00000     0.2741E+01     2.000     7   6.8093
     1016     0.00000     0.2918E+01     2.000     7   6.8101
     1017     0.00000     0.3487E+01     2.000     7   6.8105
     1018     0.00000     0.2930E+01     2.000     7   6.8104
     1019     0.00000     0.3164E+01     2.000     7   6.8113
     1020     0.00000     0.8628E+01     2.000     7   6.8125
     1021     0.00000     0.5992E+01     2.000     7   6.8175
     1022     0.00000     0.3763E+01     2.000     7   6.8178
     1023     0.00000     0.1001E+02     2.000     7   6.8180
     1024     0.00000     0.4745E+01     2.000     7   6.8180
     1025     0.00000     0.2662E+02     2.000     7   6.8181
     1026     0.00000     0.5841E+01     2.000     7   6.8219
     1028     0.00000     0.5406E+01     2.000     7   6.8240
     1029     0.00000     0.2705E+01     2.000     7   6.8243
     1030     0.00000     0.3218E+01     2.000     7   6.8266
     1031     0.00000     0.2965E+01     2.000     7   6.8265
     1032     0.00000     0.2970E+01     2.000     7   6.8262
     1033     0.00000     0.3477E+01     2.000     7   6.8268
     1034     0.00000     0.8783E+01     2.000     7   6.8291
     1035     0.00000     0.3422E+01     2.000     6   6.8319
     1036     0.00000     0.3693E+01     2.000     5   6.8332
     1037     0.00000     0.3356E+01     2.000     7   6.8340
     1038     0.00000     0.3701E+01     2.000     7   6.8343
     1039     0.00000     0.9701E+01     2.000     7   6.8359
     1040     0.00000     0.3255E+01     2.000     6   6.8396
     1041     0.00000     0.4258E+01     2.000     6   6.8406
     1042     0.00000     0.8634E+01     2.000     6   6.8424
     1043     0.00000     0.3392E+01     2.000     7   6.8472
     1044     0.00000     0.1460E+02     2.000     7   6.8483
     1045     0.00000     0.5794E+01     2.000     7   6.8514
     1046     0.00000     0.4749E+01     2.000     7   6.8514
     1047     0.00000     0.8521E+01     2.000     6   6.8538
     1048     0.00000     0.3015E+01     2.000     7   6.8538
     1049     0.00000     0.2917E+01     2.000     7   6.8546
     1050     0.00000     0.2817E+01     1.000     7   6.8571
     1051     0.00000     0.2817E+01     1.000     7   6.8571
     1052     0.00000     0.4919E+01     2.000     7   6.8586
     1055     0.00000     0.3364E+01     2.000     7   6.8601
     1056     0.00000     0.2776E+01     2.000     7   6.8598
     1057     0.00000     0.2828E+01     2.000     7   6.8602
     1058     0.00000     0.3039E+01     2.000     7   6.8611
     1059     0.00000     0.8511E+01     2.000     7   6.8623
     1060     0.00000     0.3579E+01     2.000     7   6.8686
     1061     0.00000     0.3716E+01     2.000     7   6.8728
     1062     0.00000     0.7248E+01     2.000     6   6.8745
     1063     0.00000     0.9902E+01     2.000     7   6.8753
     1065     0.00000     0.3817E+01     2.000     7   6.8849
     1066     0.00000     0.1024E+02     2.000     7   6.8875
     1067     0.00000     0.3491E+01     2.000     5   6.8899
     1068     0.00000     0.3747E+01     2.000     7   6.8900
     1069     0.00000     0.1056E+02     2.000     7   6.8925
     1070     0.00000     0.7333E+01     2.000     6   6.8959
     1077     0.00000     0.5697E+01     2.000     7   6.9048
     1080     0.00000     0.7954E+01     2.000     6   6.9081
     1081     0.00000     0.5745E+01     2.000     7   6.9112
     1084     0.00000     0.7011E+01     2.000     6   6.9124
     1089     0.00000     0.5864E+01     2.000     5   6.9204
     1090     0.00000     0.6942E+01     2.000     7   6.9203
     1092     0.00000     0.2725E+01     2.000     7   6.9219
     1094     0.00000     0.8085E+01     2.000     6   6.9337
     1095     0.00000     0.7024E+01     2.000     7   6.9387
     1096     0.00000     0.7805E+01     2.000     7   6.9391
     1097     0.00000     0.7165E+01     2.000     7   6.9403
     1098     0.00000     0.1506E+02     2.000     7   6.9416
     1100     0.00000     0.1102E+02     2.000     7   6.9494
     1103     0.00000     0.5458E+01     2.000     7   6.9506
     1105     0.00000     0.1079E+02     2.000     7   6.9516
     1108     0.00000     0.7820E+01     2.000     6   6.9571
     1109     0.00000     0.9651E+01     2.000     7   6.9603
     1110     0.00000     0.2864E+01     2.000     7   6.9728
     1111     0.00000     0.3836E+01     2.000     6   6.9757
     1113     0.00000     0.5381E+01     2.000     7   6.9770
     1114     0.00000     0.5728E+01     2.000     7   6.9788
     1115     0.00000     0.2702E+01     2.000     7   6.9803
     1116     0.00000     0.2854E+01     2.000     7   6.9827
     1117     0.00000     0.6570E+01     2.000     6   6.9874
     1118     0.00000     0.2720E+01     2.000     7   6.9871
     1119     0.00000     0.2946E+01     2.000     7   6.9948
     1121     0.00000     0.5706E+01     2.000     7   6.9958
     1122     0.00000     0.2802E+01     2.000     7   7.0005
     1123     0.00000     0.7198E+01     2.000     6   7.0025
     1124     0.00000     0.4274E+01     2.000     5   7.0142
     1125     0.00000     0.4920E+01     2.000     6   7.0283
     1126     0.00000     0.7312E+01     2.000     6   7.0281
     1127     0.00000     0.5587E+01     2.000     7   7.0455
     1128     0.00000     0.6958E+01     2.000     6   7.0586
     1130     0.00000     0.4056E+01     2.000     7   7.0812
     1131     0.00000     0.3995E+01     2.000     7   7.0821
     1133     0.00000     0.4190E+01     2.000     7   7.0929
     1134     0.00000     0.3859E+01     2.000     7   7.0989
     1135     0.00000     0.4252E+01     2.000     7   7.1059
     1136     0.00000     0.8617E+01     2.000     7   7.1063
     1137     0.00000     0.5128E+01     2.000     7   7.1063
     1138     0.00000     0.8904E+01     2.000     7   7.1099
     1139     0.00000     0.5224E+01     2.000     7   7.1099
     1140     0.00000     0.3122E+01     2.000     4   7.1256
     1141     0.00000     0.8585E+01     2.000     7   7.1281
     1142     0.00000     0.5175E+01     2.000     7   7.1281
     1143     0.00000     0.3843E+01     2.000     7   7.1300
     1144     0.00000     0.1110E+02     2.000     7   7.1297
     1145     0.00000     0.1180E+02     2.000     7   7.1301
     1146     0.00000     0.1667E+02     2.000     7   7.1321
     1147     0.00000     0.5453E+01     2.000     6   7.1441
     1148     0.00000     0.2919E+01     2.000     4   7.1534
     1149     0.00000     0.1111E+02     2.000     7   7.1543
     1150     0.00000     0.1162E+02     2.000     7   7.1545
     1151     0.00000     0.1695E+02     2.000     7   7.1568
     1152     0.00000     0.3935E+01     2.000     7   7.1583
     1153     0.00000     0.6162E+01     2.000     6   7.1589
     1154     0.00000     0.3723E+01     2.000     6   7.1607
     1155     0.00000     0.6992E+01     2.000     7   7.1707
     1156     0.00000     0.5372E+01     2.000     6   7.1736
     1157     0.00000     0.6353E+01     2.000     7   7.1745
     1158     0.00000     0.1031E+02     2.000     7   7.1786
     1159     0.00000     0.1126E+02     2.000     7   7.1789
     1160     0.00000     0.1643E+02     2.000     7   7.1811
     1161     0.00000     0.5390E+01     2.000     6   7.1926
     1162     0.00000     0.6558E+01     2.000     7   7.1931
     1163     0.00000     0.5475E+01     2.000     7   7.1943
     1164     0.00000     0.3808E+01     2.000     6   7.1982
     1165     0.00000     0.3245E+01     2.000     5   7.2035
     1166     0.00000     0.3286E+01     2.000     5   7.2035
     1167     0.00000     0.4215E+01     2.000     6   7.2179
     1168     0.00000     0.4161E+01     2.000     6   7.2186
     1169     0.00000     0.5460E+01     2.000     6   7.2193
     1170     0.00000     0.6751E+01     2.000     5   7.2245
     1171     0.00000     0.1365E+02     2.000     7   7.2246
     1172     0.00000     0.3371E+01     2.000     6   7.2294
     1173     0.00000     0.6854E+01     2.000     7   7.2326
     1174     0.00000     0.9049E+01     2.000     7   7.2338
     1175     0.00000     0.5338E+01     2.000     7   7.2352
     1176     0.00000     0.1365E+02     2.000     7   7.2394
     1177     0.00000     0.5379E+01     2.000     7   7.2406
     1179     0.00000     0.7092E+01     2.000     7   7.2457
     1180     0.00000     0.9417E+01     2.000     7   7.2481
     1181     0.00000     0.9534E+01     2.000     7   7.2526
     1182     0.00000     0.5323E+01     2.000     7   7.2604
     1183     0.00000     0.3556E+01     2.000     7   7.2616
     1184     0.00000     0.4193E+01     2.000     6   7.2671
     1185     0.00000     0.1297E+02     2.000     7   7.2756
     1186     0.00000     0.6437E+01     2.000     7   7.2831
     1187     0.00000     0.8829E+01     2.000     7   7.2844
     1189     0.00000     0.7487E+01     2.000     6   7.3024
     1190     0.00000     0.3429E+01     2.000     6   7.3106
     1191     0.00000     0.1063E+02     2.000     7   7.3282
     1192     0.00000     0.4561E+01     2.000     7   7.3287
     1193     0.00000     0.1099E+02     2.000     7   7.3331
     1194     0.00000     0.3019E+01     2.000     5   7.3719
     1195     0.00000     0.1029E+02     2.000     7   7.3748
     1196     0.00000     0.7644E+01     2.000     7   7.4283
     1197     0.00000     0.8014E+01     2.000     7   7.4426
     1198     0.00000     0.5841E+01     2.000     7   7.4692
     1199     0.00000     0.4570E+01     2.000     5   7.4728
     1200     0.00000     0.8103E+01     2.000     7   7.4910
     1201     0.00000     0.4291E+01     2.000     7   7.5045
     1202     0.00000     0.6074E+01     2.000     6   7.5069
     1203     0.00000     0.4197E+01     2.000     7   7.5203
     1204     0.00000     0.3222E+01     2.000     5   7.5334
     1205     0.00000     0.4395E+01     2.000     6   7.5478
     1206     0.00000     0.3041E+02     2.000     7   7.5534
     1207     0.00000     0.4008E+01     2.000     7   7.5543
     1208     0.00000     0.3136E+02     2.000     7   7.5759
     1209     0.00000     0.3533E+01     2.000     6   7.5838
     1210     0.00000     0.5247E+01     2.000     6   7.5962
     1211     0.00000     0.2914E+02     2.000     7   7.6032
     1212     0.00000     0.6179E+01     2.000     7   7.6071
     1213     0.00000     0.6240E+01     2.000     7   7.6167
     1214     0.00000     0.6441E+01     2.000     7   7.6245
     1215     0.00000     0.4125E+01     2.000     6   7.6423
     1216     0.00000     0.5057E+01     2.000     6   7.6597
     1217     0.00000     0.5031E+01     2.000     7   7.6723
     1218     0.00000     0.3748E+01     2.000     6   7.6886
     1219     0.00000     0.3551E+01     2.000     6   7.7047
     1220     0.00000     0.3861E+01     2.000     6   7.7048
     1221     0.00000     0.3497E+01     2.000     6   7.7544
     1222     0.00000     0.8488E+01     2.000     7   7.7722
     1223     0.00000     0.4119E+01     2.000     6   7.8048
     1224     0.00000     0.7074E+01     2.000     7   7.9287
     1225     0.00000     0.4467E+01     2.000     7   7.9854
     1226     0.00000     0.3494E+01     2.000     7   8.2164
