# # Once                                                         FEFF 10.0.0 
# # POT  SCF 100  9.0000   0, core-hole, FOLP (folp(0)= 1.150)
# # Abs   Z=30 Rmt= 1.384 Rnm= 1.529 K  shell
# #   RGRID 0.0100
# # Pot 1 Z= 6 Rmt= 0.899 Rnm= 1.123
# # Pot 2 Z= 6 Rmt= 0.924 Rnm= 1.165
# # Pot 3 Z= 1 Rmt= 0.551 Rnm= 0.958
# # Pot 4 Z= 1 Rmt= 0.573 Rnm= 0.961
# # Pot 5 Z= 7 Rmt= 1.045 Rnm= 1.283
# # Pot 6 Z=16 Rmt= 1.255 Rnm= 1.472
# # Gam_ch=1.897E+00 H-L exch Vi= 0.000E+00 Vr= 0.000E+00
# # Mu=-6.940E+00eV kf=1.964E+00 Vint=-1.269E+01eV Rs_int= 1.846
# # PATH  Rmax= 9.000,  Keep_limit= 0.00, Heap_limit 0.00  Pwcrit= 2.50%
#  S02=1.000  Temp=  10.00  Debye_temp= 315.00  Global_sig2= 0.00000
#  Energy zero shift, vr, vi    0.00000E+00   0.00000E+00
#  Curved wave amplitude ratio filter   4.000%
#     file         sig2 tot  cw amp ratio   deg  nlegs   reff  inp sig2
#           1       0.00297    100.00      1.00     2   2.3526
#           2       0.00303     99.08      1.00     2   2.3608
#           3       0.00309     98.24      1.00     2   2.3685
#           4       0.00311     98.13      1.00     2   2.3695
#           5       0.02766     12.48      1.00     2   3.0761
#           6       0.02604     12.29      1.00     2   3.0939
#           7       0.02614     11.65      1.00     2   3.1565
#           8       0.02875     11.07      1.00     2   3.2172
#           9       0.00590     38.49      1.00     2   3.2979
#          10       0.00638     37.52      1.00     2   3.3288
#          11       0.00606     36.99      1.00     2   3.3462
#          12       0.03225      9.92      1.00     2   3.3512
#          13       0.00595     36.04      1.00     2   3.3778
#          14       0.00414     43.81      2.00     3   3.7388
#          15       0.01360     15.26      2.00     3   3.7489
#          16       0.02761      7.34      1.00     2   3.7556
#          17       0.00428     42.89      2.00     3   3.7623
#          18       0.01281     15.00      2.00     3   3.7663
#          19       0.00425     42.81      2.00     3   3.7703
#          20       0.00420     42.76      2.00     3   3.7831
#          21       0.01388     11.57      2.00     3   3.8036
#          22       0.01280     13.77      2.00     3   3.8133
#          23       0.00966     25.13      1.00     2   3.8463
#          24       0.03716      6.66      1.00     2   3.8766
#          25       0.03683      6.45      1.00     2   3.9210
#          26       0.01635      7.83      2.00     3   3.9229
#          27       0.03632      6.43      1.00     2   3.9248
#          28       0.01607      7.76      2.00     3   3.9341
#          29       0.01610      7.67      2.00     3   3.9621
#          30       0.01647      7.59      2.00     3   3.9880
#          31       0.01723     14.67      2.00     3   4.1451
#          32       0.01667      5.44      1.00     2   4.1670
#          33       0.01620      5.43      1.00     2   4.1678
#          34       0.02463      8.40      1.00     4   4.1689
#          35       0.00448     15.34      1.00     4   4.1798
#          37       0.02352      8.28      1.00     4   4.1863
#          38       0.00449     13.54      1.00     4   4.1883
#          40       0.00946     19.63      1.00     2   4.1942
#          41       0.00456     14.24      1.00     4   4.1944
#          42       0.00452     14.58      1.00     4   4.1957
#          43       0.01576      5.29      1.00     2   4.2083
#          44       0.00975      4.05      2.00     4   4.2185
#          45       0.00424      8.93      2.00     3   4.2286
#          46       0.00910     19.13      1.00     2   4.2320
#          47       0.00940     19.01      1.00     2   4.2408
#          49       0.00420      9.35      2.00     3   4.2484
#          50       0.02302      7.82      1.00     4   4.2487
#          51       0.01252      5.13      1.00     2   4.2539
#          52       0.00417      9.63      2.00     3   4.2584
#          53       0.00435      9.54      2.00     3   4.2781
#          54       0.01245     17.99      2.00     3   4.2946
#          55       0.01201     17.44      2.00     3   4.3037
#          56       0.02502      7.25      1.00     4   4.3094
#          57       0.01094     21.06      2.00     3   4.3226
#          58       0.00610     17.73      2.00     3   4.3302
#          59       0.01178     17.25      2.00     3   4.3397
#          60       0.01699      5.80      2.00     3   4.3489
#          61       0.03068      4.78      1.00     2   4.3589
#          62       0.00428     11.69      2.00     3   4.3643
#          63       0.00440     11.55      2.00     3   4.3686
#          64       0.01112     23.79      1.00     4   4.3912
#          65       0.01165     16.61      1.00     4   4.4222
#          66       0.01103     15.63      1.00     4   4.4396
#          67       0.03206      6.98      1.00     4   4.4440
#          68       0.01276      8.17      2.00     3   4.4663
#          69       0.01268      8.11      2.00     3   4.4689
#          70       0.01101     15.70      1.00     4   4.4711
#          71       0.01268      8.66      2.00     3   4.4831
#          72       0.01182      9.45      2.00     3   4.4972
#          74       0.00555     15.33      2.00     3   4.5059
#          76       0.00610     18.08      2.00     3   4.5199
#          77       0.00598     18.32      2.00     3   4.5464
#          79       0.00944     21.35      2.00     4   4.5659
#          80       0.00593     17.35      2.00     3   4.5681
#          81       0.01932      8.12      2.00     3   4.5821
#          82       0.00960     15.20      2.00     4   4.5939
#          83       0.00955     14.64      2.00     4   4.6048
#          84       0.01304      4.93      2.00     3   4.6056
#          85       0.00953     15.84      2.00     4   4.6145
#          87       0.01863      7.74      2.00     3   4.6248
#          88       0.01923      7.86      2.00     3   4.6276
#          89       0.01726      6.23      2.00     4   4.6283
#          90       0.01132      5.71      2.00     4   4.6290
#          91       0.01488     14.37      1.00     2   4.6368
#          92       0.01641      5.98      2.00     4   4.6472
#          93       0.01765      8.56      2.00     3   4.6490
#          94       0.00548     15.22      2.00     3   4.6843
#          95       0.01695      6.95      2.00     4   4.6840
#          96       0.01644      5.83      2.00     4   4.6944
#          97       0.00542     15.55      2.00     3   4.6961
#          98       0.00544     15.57      2.00     3   4.7016
#          99       0.00594      9.06      1.00     4   4.7053
#         100       0.01617     16.94      2.00     3   4.7067
#         101       0.01170      6.01      2.00     3   4.7136
#         105       0.00606      8.90      1.00     4   4.7217
#         106       0.00465      6.24      2.00     4   4.7221
#         108       0.01022     13.11      2.00     4   4.7281
#         109       0.01014     13.01      2.00     4   4.7278
#         110       0.00472      6.10      2.00     4   4.7293
#         112       0.01138      6.01      2.00     3   4.7370
#         113       0.00619      8.74      1.00     4   4.7370
#         116       0.00622      8.72      1.00     4   4.7390
#         117       0.01404      4.77      1.00     4   4.7406
#         119       0.01003     13.47      2.00     4   4.7449
#         121       0.00948     14.96      2.00     4   4.7635
#         124       0.00497      7.46      2.00     4   4.7711
#         125       0.01132      5.64      2.00     3   4.7744
#         128       0.02159      6.86      1.00     4   4.7766
#         133       0.01185     37.11      2.00     5   4.8322
#         134       0.01253      5.14      2.00     4   4.8359
#         135       0.01504     13.75      2.00     3   4.8426
#         136       0.01955      8.59      2.00     5   4.8423
#         137       0.00641      8.55      1.00     4   4.8456
#         138       0.00955     26.95      2.00     5   4.8557
#         139       0.01838      8.35      2.00     5   4.8596
#         140       0.00650      9.30      1.00     4   4.8609
#         141       0.00939     25.97      2.00     5   4.8637
#         142       0.02375      4.06      2.00     3   4.8653
#         143       0.00935     27.25      2.00     5   4.8764
#         144       0.00645      8.27      1.00     4   4.8954
#         145       0.01990      9.34      2.00     5   4.8970
#         146       0.01851      8.12      2.00     5   4.9065
#         147       0.01199      6.68      2.00     4   4.9078
#         149       0.01551      4.37      1.00     4   4.9390
#         150       0.01192      6.68      2.00     4   4.9392
#         151       0.01233      6.38      2.00     4   4.9399
#         152       0.01275     13.94      1.00     4   4.9416
#         154       0.00518      9.21      2.00     4   4.9533
#         155       0.01188      6.45      2.00     4   4.9548
#         156       0.01202      6.31      2.00     4   4.9665
#         157       0.00511      9.97      2.00     4   4.9706
#         158       0.00515      9.31      2.00     4   4.9733
#         159       0.00500      7.39      2.00     4   4.9898
#         160       0.01194      5.99      2.00     4   5.0035
#         161       0.00957     16.74      2.00     5   5.0069
#         162       0.00504      8.47      2.00     4   5.0100
#         163       0.00501      9.10      2.00     4   5.0106
#         166       0.00959     13.21      2.00     5   5.0197
#         168       0.00964     11.79      2.00     5   5.0274
#         170       0.00495      8.55      2.00     4   5.0288
#         171       0.00963     11.57      2.00     5   5.0289
#         173       0.01607      7.70      2.00     3   5.0320
#         174       0.02072      5.27      2.00     4   5.0326
#         175       0.01450      6.78      2.00     4   5.0393
#         177       0.01369      6.94      2.00     4   5.0514
#         178       0.01533      7.47      2.00     3   5.0667
#         179       0.01615      7.27      2.00     3   5.0676
#         181       0.01064      6.01      2.00     5   5.0700
#         183       0.02301      5.30      2.00     3   5.0768
#         184       0.02327      5.59      2.00     3   5.0821
#         185       0.02282      5.68      2.00     3   5.0832
#         186       0.01626      4.24      2.00     4   5.0895
#         188       0.01371      6.46      2.00     4   5.1017
#         189       0.01394      4.79      2.00     3   5.1022
#         190       0.00702      6.29      1.00     4   5.1251
#         191       0.01353      5.80      2.00     4   5.1329
#         192       0.01575      4.71      2.00     3   5.1349
#         195       0.01211      4.34      2.00     4   5.1553
#         196       0.00698      6.18      1.00     4   5.1560
#         197       0.01563      4.72      2.00     3   5.1581
#         198       0.01464     10.37      2.00     3   5.1601
#         201       0.00709      6.19      1.00     4   5.1711
#         202       0.01574      4.50      2.00     3   5.1722
#         204       0.01157      4.73      2.00     4   5.1938
#         205       0.01428     10.16      2.00     3   5.1989
#         207       0.01149      9.94      2.00     4   5.2011
#         208       0.00697      6.18      1.00     4   5.2053
#         209       0.01443     10.24      2.00     3   5.2138
#         210       0.02285      4.36      2.00     5   5.2379
#         211       0.02002      7.59      2.00     5   5.2404
#         212       0.00567      5.49      2.00     5   5.2550
#         213       0.01488      5.57      2.00     3   5.2617
#         214       0.01253      9.15      2.00     5   5.2656
#         216       0.00978     16.14      1.00     6   5.2731
#         218       0.01779      6.31      2.00     6   5.2758
#         219       0.00552     15.39      2.00     5   5.2790
#         220       0.01242      9.23      2.00     5   5.2810
#         221       0.00912      4.75      1.00     6   5.2805
#         222       0.00975     12.53      1.00     6   5.2816
#         224       0.01728      6.30      2.00     6   5.2838
#         225       0.00549     16.72      2.00     5   5.2850
#         226       0.01654      4.54      1.00     4   5.2872
#         227       0.00949      4.75      1.00     6   5.2868
#         228       0.00975     11.48      1.00     6   5.2878
#         229       0.00956      4.41      1.00     6   5.2886
#         230       0.01239      9.46      1.00     4   5.2897
#         231       0.00998     11.74      1.00     6   5.2892
#         232       0.01461      5.59      2.00     3   5.2902
#         233       0.01199      7.68      2.00     3   5.2919
#         234       0.00559     15.57      2.00     5   5.3006
#         236       0.01754      6.38      2.00     6   5.3118
#         237       0.01451      5.44      2.00     3   5.3171
#         238       0.01286      5.47      2.00     5   5.3198
#         240       0.01596      4.36      1.00     4   5.3251
#         241       0.01257      8.55      2.00     4   5.3265
#         242       0.01213      9.28      1.00     4   5.3277
#         244       0.01239      8.69      2.00     5   5.3308
#         245       0.01209      6.63      2.00     4   5.3320
#         246       0.02429      5.15      2.00     3   5.3330
#         247       0.01664      4.12      1.00     4   5.3338
#         248       0.01246      9.56      1.00     4   5.3363
#         250       0.01933      6.77      2.00     6   5.3379
#         251       0.01195      6.13      2.00     5   5.3412
#         252       0.01202      6.97      2.00     4   5.3415
#         253       0.01208      6.66      2.00     4   5.3483
#         256       0.01270      6.61      2.00     4   5.3577
#         258       0.01187      6.33      2.00     5   5.3601
#         259       0.01372      6.56      2.00     4   5.3619
#         261       0.01159      6.19      2.00     5   5.3634
#         265       0.01254      6.56      2.00     4   5.3812
#         266       0.02273     12.59      2.00     5   5.3881
#         267       0.01146      5.66      2.00     4   5.3901
#         269       0.01146     10.36      2.00     4   5.3913
#         270       0.01266      6.28      2.00     4   5.3949
#         271       0.02141     12.24      2.00     5   5.3971
#         272       0.00701      5.40      2.00     3   5.4029
#         275       0.02229     14.40      2.00     5   5.4159
#         276       0.01131      5.61      2.00     4   5.4165
#         277       0.01130     10.42      2.00     4   5.4189
#         279       0.01198      6.64      2.00     5   5.4229
#         280       0.01168     19.42      2.00     5   5.4235
#         281       0.01083     19.55      2.00     5   5.4255
#         282       0.02860      4.32      2.00     4   5.4287
#         283       0.00485      4.58      2.00     5   5.4307
#         284       0.01644      4.26      2.00     4   5.4329
#         285       0.02144     12.09      2.00     5   5.4330
#         286       0.00489      6.09      2.00     5   5.4341
#         288       0.00493      6.24      2.00     5   5.4347
#         290       0.01127      5.19      2.00     4   5.4383
#         291       0.01127     10.34      2.00     4   5.4396
#         292       0.00488      5.29      2.00     5   5.4435
#         295       0.00651      6.11      2.00     3   5.4593
#         298       0.02681      4.14      2.00     4   5.4624
#         299       0.00638      8.08      2.00     3   5.4686
#         301       0.00623      7.07      2.00     3   5.4818
#         302       0.02038      5.16      2.00     6   5.4835
#         303       0.02283     18.94      1.00     6   5.4846
#         304       0.01265      8.26      2.00     4   5.4858
#         305       0.01140      6.32      2.00     4   5.4857
#         307       0.01631      7.23      2.00     5   5.4927
#         309       0.02195      7.93      2.00     3   5.4963
#         310       0.00651      8.07      2.00     3   5.4975
#         311       0.02206      6.46      2.00     5   5.4981
#         312       0.01136      6.04      2.00     4   5.5022
#         313       0.01125      6.27      2.00     4   5.5040
#         316       0.01237      8.23      2.00     4   5.5133
#         318       0.02378     13.50      1.00     6   5.5157
#         321       0.01114      6.14      2.00     4   5.5300
#         322       0.02250     12.73      1.00     6   5.5329
#         324       0.01030      4.48      2.00     4   5.5369
#         325       0.01232      8.08      2.00     4   5.5411
#         327       0.01240      4.11      2.00     4   5.5431
#         329       0.01851      5.72      2.00     5   5.5598
#         330       0.01766      5.70      2.00     5   5.5623
#         331       0.02246     12.78      1.00     6   5.5644
#         333       0.00788     12.38      2.00     5   5.5660
#         335       0.01147      5.34      2.00     5   5.5761
#         336       0.01792      6.05      2.00     5   5.5764
#         338       0.01241      5.28      2.00     4   5.5802
#         339       0.01191      5.40      2.00     4   5.5888
#         340       0.00797     12.24      2.00     5   5.5895
#         341       0.01794      6.48      2.00     5   5.5906
#         342       0.01130      5.39      2.00     5   5.5911
#         343       0.00803     12.40      2.00     5   5.5952
#         344       0.01047     13.00      2.00     5   5.6012
#         345       0.00800     12.69      2.00     5   5.6106
#         346       0.01174     13.89      2.00     5   5.6133
#         347       0.01222      9.02      2.00     5   5.6129
#         348       0.01069     17.09      2.00     5   5.6154
#         349       0.01177      5.09      2.00     4   5.6267
#         350       0.00533      9.09      2.00     4   5.6294
#         351       0.01238      4.92      2.00     5   5.6308
#         353       0.01235      8.87      2.00     5   5.6395
#         354       0.01138     13.36      2.00     5   5.6398
#         355       0.01127      5.22      2.00     5   5.6407
#         356       0.00536     10.05      2.00     4   5.6422
#         357       0.01030      8.17      2.00     5   5.6421
#         358       0.01050     17.08      2.00     5   5.6421
#         359       0.00528      8.91      2.00     4   5.6446
#         360       0.00934      4.89      2.00     4   5.6505
#         361       0.01113      5.90      2.00     4   5.6502
#         363       0.01907      6.40      1.00     4   5.6513
#         364       0.01179      5.59      2.00     5   5.6560
#         365       0.01183      5.20      2.00     5   5.6577
#         366       0.00695      6.88      2.00     4   5.6587
#         367       0.01848     16.76      2.00     6   5.6593
#         368       0.01140     13.28      2.00     5   5.6614
#         369       0.01207      8.22      2.00     5   5.6611
#         370       0.01101      6.05      2.00     4   5.6630
#         371       0.01053     17.07      2.00     5   5.6636
#         372       0.01104      6.09      2.00     4   5.6745
#         373       0.01172      5.24      2.00     5   5.6756
#         375       0.01401      8.69      2.00     5   5.6777
#         376       0.02117      5.01      2.00     5   5.6776
#         378       0.00735      6.93      2.00     4   5.6814
#         380       0.01080      7.43      2.00     5   5.6850
#         381       0.01971     12.19      2.00     6   5.6874
#         382       0.01340      4.42      2.00     4   5.6952
#         383       0.00572      4.12      1.00     6   5.6959
#         384       0.00992      4.72      2.00     4   5.6973
#         385       0.01874     11.75      2.00     6   5.6982
#         387       0.01193     10.18      2.00     6   5.6991
#         388       0.00556      5.50      2.00     4   5.7004
#         390       0.01200     10.23      2.00     6   5.7051
#         391       0.00606      8.09      1.00     6   5.7059
#         392       0.01902      6.33      1.00     6   5.7078
#         393       0.01426     11.02      2.00     5   5.7078
#         394       0.01902      6.33      1.00     6   5.7078
#         395       0.00603      8.22      1.00     6   5.7091
#         396       0.00828      8.83      1.00     4   5.7109
#         398       0.03258      4.12      2.00     4   5.7120
#         399       0.00603      7.57      1.00     6   5.7125
#         400       0.00699      5.58      2.00     4   5.7147
#         401       0.01331      4.45      2.00     4   5.7143
#         402       0.00960      4.68      2.00     4   5.7157
#         403       0.01141      5.70      2.00     5   5.7158
#         404       0.01029      4.06      2.00     4   5.7168
#         405       0.01103      9.42      2.00     5   5.7170
#         409       0.02093      4.88      2.00     5   5.7205
#         410       0.02102      5.28      2.00     5   5.7212
#         412       0.01395      4.36      2.00     6   5.7218
#         413       0.01325      4.46      2.00     4   5.7224
#         414       0.01668     13.39      2.00     6   5.7224
#         415       0.02119      4.96      2.00     5   5.7230
#         416       0.01365     10.92      2.00     5   5.7247
#         417       0.10357     11.23      2.00     5   5.7277
#         419       0.01021      4.17      2.00     4   5.7309
#         420       0.01147      5.79      2.00     5   5.7309
#         421       0.01105      9.60      2.00     5   5.7334
#         422       0.01025      4.31      2.00     4   5.7348
#         424       0.01215     10.04      2.00     6   5.7360
#         425       0.00953      4.64      2.00     4   5.7387
#         426       0.02790      6.27      2.00     5   5.7417
#         428       0.02108      4.61      2.00     5   5.7443
#         430       0.00800      8.80      1.00     4   5.7467
#         431       0.00706      4.35      2.00     4   5.7473
#         433       0.00800      8.49      1.00     4   5.7584
#         434       0.01368     10.48      2.00     5   5.7581
#         435       0.01245      7.16      2.00     6   5.7607
#         436       0.01124      5.26      2.00     5   5.7656
#         437       0.01102      9.30      2.00     5   5.7668
#         438       0.01109      7.24      2.00     5   5.7675
#         439       0.01713      5.22      2.00     5   5.7700
#         440       0.02287      4.61      2.00     5   5.7774
#         441       0.02067      5.49      2.00     6   5.7773
#         443       0.01054     11.22      2.00     5   5.7798
#         445       0.01049     11.58      2.00     5   5.7918
#         446       0.01049     11.94      2.00     5   5.7970
#         448       0.01700      4.99      2.00     5   5.8030
#         449       0.01090      5.91      2.00     5   5.8051
#         450       0.01104      6.30      2.00     5   5.8048
#         452       0.01224      4.73      2.00     5   5.8057
#         454       0.02269      4.46      2.00     5   5.8074
#         455       0.01222      4.55      2.00     5   5.8090
#         457       0.01178      9.74      2.00     5   5.8114
#         459       0.01705      5.00      2.00     5   5.8176
#         460       0.01185      9.90      2.00     5   5.8184
#         463       0.01805     10.43      2.00     6   5.8212
#         464       0.01843     10.55      2.00     6   5.8215
#         465       0.02259      4.45      2.00     5   5.8233
#         466       0.01050      8.12      2.00     5   5.8248
#         473       0.01804     10.78      2.00     6   5.8382
#         474       0.01080      7.67      2.00     5   5.8387
#         475       0.01041      8.21      2.00     5   5.8430
#         476       0.01047      8.36      2.00     5   5.8448
#         477       0.01060     15.52      2.00     5   5.8463
#         479       0.01172      9.41      2.00     5   5.8572
#         480       0.01017      4.66      2.00     5   5.8607
#         482       0.00990     16.09      2.00     6   5.8664
#         485       0.01050      4.92      2.00     5   5.8795
#         486       0.01024      6.11      2.00     5   5.8815
#         487       0.01020      6.49      2.00     5   5.8831
#         488       0.01049      5.04      2.00     5   5.8899
#         489       0.00921      5.29      2.00     4   5.8921
#         490       0.01015      6.46      2.00     5   5.9003
#         492       0.01044      5.16      2.00     5   5.9015
#         493       0.01872     21.89      2.00     6   5.9074
#         495       0.01795      5.48      2.00     5   5.9115
#         498       0.01123      7.70      2.00     5   5.9192
#         501       0.01878     33.03      2.00     7   5.9255
#         502       0.01379      4.98      2.00     5   5.9264
#         504       0.01802      6.48      2.00     6   5.9286
#         506       0.01377      5.15      2.00     5   5.9343
#         508       0.05953      7.96      2.00     7   5.9351
#         509       0.03344      7.89      2.00     7   5.9357
#         510       0.02512      9.42      2.00     5   5.9379
#         511       0.01112      7.83      2.00     5   5.9375
#         512       0.01252      4.97      1.00     6   5.9386
#         513       0.02020     22.37      2.00     6   5.9390
#         514       0.01101      4.04      1.00     6   5.9389
#         515       0.01113      8.38      1.00     6   5.9411
#         516       0.01111      7.80      2.00     5   5.9463
#         517       0.01381      5.09      2.00     5   5.9481
#         519       0.01924     24.04      2.00     7   5.9491
#         520       0.01029      6.17      2.00     5   5.9521
#         521       0.05259      7.77      2.00     7   5.9521
#         522       0.03143      7.68      2.00     7   5.9530
#         523       0.01091      4.07      1.00     6   5.9537
#         524       0.01267      5.02      1.00     6   5.9540
#         525       0.01886     22.05      2.00     6   5.9543
#         527       0.02159      4.17      2.00     4   5.9564
#         528       0.01094      8.49      1.00     6   5.9566
#         529       0.01891     23.14      2.00     7   5.9571
#         531       0.01885     24.22      2.00     7   5.9696
#         532       0.01027      5.20      2.00     5   5.9877
#         533       0.01238      4.58      1.00     6   5.9883
#         534       0.01878     21.28      2.00     6   5.9886
#         536       0.05357      8.63      2.00     7   5.9892
#         537       0.01100      8.27      1.00     6   5.9908
#         538       0.03339      8.66      2.00     7   5.9903
#         539       0.05240      7.56      2.00     7   5.9987
#         540       0.03154      7.49      2.00     7   5.9998
#         541       0.01725      9.64      2.00     6   6.0012
#         543       0.01572      5.03      2.00     6   6.0011
#         544       0.01795      4.51      2.00     6   6.0033
#         545       0.01032      5.06      2.00     5   6.0056
#         546       0.00866      5.75      1.00     6   6.0069
#         547       0.01342      6.01      2.00     6   6.0153
#         548       0.00874      5.74      1.00     6   6.0158
#         549       0.00885      5.67      1.00     6   6.0193
#         550       0.00876      5.62      1.00     6   6.0230
#         551       0.01541      5.04      2.00     6   6.0321
#         552       0.01699      9.28      2.00     6   6.0326
#         554       0.01823      7.51      2.00     6   6.0330
#         555       0.02766      5.51      2.00     6   6.0343
#         556       0.01797      4.48      2.00     6   6.0349
#         558       0.01024      5.09      2.00     5   6.0367
#         559       0.01220     22.47      2.00     5   6.0366
#         560       0.02612     11.09      1.00     6   6.0369
#         563       0.01353      5.92      2.00     6   6.0460
#         565       0.01698      9.27      2.00     6   6.0481
#         567       0.01607      4.87      2.00     6   6.0482
#         568       0.01008     15.56      2.00     6   6.0488
#         570       0.01812      4.43      2.00     6   6.0503
#         571       0.01816      7.35      2.00     6   6.0596
#         572       0.01235     23.02      2.00     5   6.0612
#         573       0.01123      4.10      2.00     5   6.0622
#         577       0.01008     15.89      2.00     6   6.0662
#         579       0.01004     16.14      2.00     6   6.0688
#         580       0.00941      4.94      2.00     4   6.0781
#         584       0.01060      8.36      2.00     6   6.0821
#         585       0.01069     10.96      2.00     6   6.0831
#         586       0.01331      9.85      2.00     6   6.0851
#         587       0.01219     21.58      2.00     5   6.0856
#         589       0.00929      4.97      2.00     4   6.0969
#         590       0.01785      6.90      2.00     6   6.0965
#         592       0.01456      6.68      2.00     5   6.0988
#         595       0.01770     15.28      2.00     7   6.1002
#         596       0.01277      5.12      2.00     6   6.1030
#         599       0.01290      5.41      2.00     6   6.1037
#         600       0.01090     10.35      2.00     6   6.1035
#         601       0.01075     10.43      2.00     6   6.1040
#         602       0.01290     11.07      2.00     6   6.1055
#         603       0.01254     11.72      2.00     6   6.1063
#         605       0.01072      9.63      2.00     6   6.1107
#         607       0.01770     12.04      2.00     7   6.1130
#         608       0.01174      8.78      2.00     6   6.1186
#         609       0.01070      9.81      2.00     6   6.1195
#         611       0.01811     10.86      2.00     7   6.1208
#         612       0.01261      5.09      2.00     6   6.1218
#         615       0.01072     10.61      2.00     6   6.1221
#         616       0.01771     10.63      2.00     7   6.1223
#         617       0.00928      4.94      2.00     4   6.1238
#         618       0.01268     11.71      2.00     6   6.1243
#         620       0.03034      5.53      2.00     5   6.1250
#         621       0.00987      6.45      2.00     6   6.1260
#         622       0.01016      5.84      2.00     6   6.1260
#         625       0.02181      4.15      2.00     6   6.1278
#         626       0.00941      7.25      2.00     3   6.1292
#         627       0.02119      4.72      2.00     6   6.1324
#         628       0.01077     10.06      2.00     6   6.1320
#         630       0.01746      4.39      2.00     6   6.1359
#         631       0.01878      5.34      2.00     6   6.1359
#         634       0.01428      6.55      2.00     5   6.1395
#         635       0.01201     10.04      2.00     6   6.1413
#         636       0.02032      4.75      2.00     6   6.1445
#         637       0.01417      6.42      2.00     5   6.1451
#         638       0.01517      7.08      2.00     6   6.1452
#         640       0.01185     10.03      2.00     6   6.1488
#         643       0.00997      8.10      2.00     6   6.1505
#         644       0.01026      8.96      2.00     6   6.1505
#         645       0.01738      4.36      2.00     6   6.1510
#         646       0.01853      5.37      2.00     6   6.1510
#         649       0.00998      8.36      2.00     6   6.1575
#         650       0.01027      9.41      2.00     6   6.1575
#         652       0.02920      5.36      2.00     5   6.1598
#         653       0.03030      5.24      2.00     5   6.1606
#         657       0.01060      9.26      2.00     6   6.1634
#         658       0.01185     10.06      2.00     6   6.1634
#         661       0.01015      4.36      2.00     6   6.1708
#         662       0.01003      8.33      2.00     6   6.1721
#         663       0.01029      9.25      2.00     6   6.1721
#         665       0.02261      4.42      2.00     6   6.1829
#         666       0.02202      4.46      2.00     6   6.1834
#         669       0.02010      4.41      2.00     6   6.1947
#         672       0.01733      4.05      2.00     6   6.2010
#         674       0.01023      7.18      2.00     4   6.2071
#         677       0.01374      7.65      2.00     6   6.2184
#         678       0.01291      4.77      2.00     5   6.2188
#         681       0.01693      8.48      2.00     6   6.2425
#         683       0.01746      8.17      2.00     6   6.2449
#         685       0.02164      6.74      2.00     6   6.2495
#         688       0.02405      7.18      2.00     5   6.2556
#         691       0.01663      8.28      2.00     6   6.2625
#         692       0.01935      6.68      2.00     6   6.2644
#         693       0.01042      4.99      2.00     6   6.2655
#         694       0.01041      4.53      2.00     6   6.2692
#         696       0.01039      4.34      2.00     6   6.2752
#         697       0.01536      5.76      2.00     6   6.2796
#         701       0.02355      7.02      2.00     5   6.2946
#         704       0.01913      8.11      2.00     6   6.2965
#         705       0.01952      6.60      2.00     6   6.2986
#         707       0.00977      5.19      2.00     6   6.3056
#         708       0.01006      4.62      2.00     6   6.3067
#         709       0.00982      5.04      2.00     6   6.3072
#         710       0.02428      7.07      2.00     5   6.3093
#         711       0.00976      4.61      2.00     6   6.3149
#         713       0.06738      6.92      2.00     7   6.3332
#         714       0.03561      6.76      2.00     7   6.3358
#         715       0.01056      4.50      2.00     5   6.3471
#         718       0.01101      8.71      2.00     7   6.3478
#         720       0.01318     17.84      2.00     7   6.3483
#         721       0.01509     16.84      2.00     7   6.3483
#         722       0.01046     12.76      2.00     7   6.3503
#         724       0.01858      9.55      2.00     7   6.3587
#         725       0.05254      8.28      2.00     7   6.3585
#         726       0.02411      6.15      2.00     7   6.3591
#         727       0.02932      8.69      2.00     7   6.3591
#         730       0.01367     15.92      1.00     6   6.3623
#         731       0.02620      4.36      2.00     7   6.3638
#         732       0.01062      4.47      2.00     5   6.3713
#         735       0.01142     10.03      2.00     7   6.3724
#         736       0.01359     19.42      2.00     7   6.3725
#         737       0.01606     19.09      2.00     7   6.3725
#         738       0.05232      8.34      2.00     7   6.3734
#         739       0.01853      9.56      2.00     7   6.3741
#         741       0.01050     16.29      2.00     7   6.3745
#         742       0.02357      6.24      2.00     7   6.3744
#         743       0.02714      8.40      2.00     7   6.3744
#         745       0.01393     16.83      1.00     6   6.3756
#         747       0.00909      4.90      2.00     3   6.3773
#         749       0.01102     10.06      2.00     7   6.3778
#         751       0.01362     19.64      2.00     7   6.3784
#         752       0.01542     19.22      2.00     7   6.3784
#         753       0.01051     17.06      2.00     7   6.3807
#         754       0.02835      4.58      2.00     6   6.3827
#         755       0.02530      7.59      1.00     6   6.3852
#         758       0.01541      7.20      2.00     6   6.3931
#         759       0.01172     10.05      2.00     7   6.3939
#         760       0.01348     19.67      2.00     7   6.3939
#         762       0.01539     19.03      2.00     7   6.3939
#         764       0.01037      4.38      2.00     5   6.3956
#         765       0.01048     16.86      2.00     7   6.3961
#         766       0.00677      4.83      2.00     4   6.4116
#         767       0.01847      6.72      2.00     7   6.4125
#         769       0.01375     15.33      1.00     6   6.4129
#         770       0.02831      9.50      2.00     7   6.4131
#         774       0.02758      4.44      2.00     6   6.4208
#         775       0.01547      6.11      2.00     6   6.4212
#         777       0.02477      7.45      1.00     6   6.4233
#         778       0.04966      7.86      2.00     7   6.4229
#         779       0.01820      8.87      2.00     7   6.4238
#         780       0.01726      7.63      2.00     6   6.4245
#         781       0.02329      5.87      2.00     7   6.4241
#         782       0.02720      8.12      2.00     7   6.4241
#         784       0.02788      5.35      2.00     6   6.4250
#         787       0.02878      4.38      2.00     6   6.4293
#         788       0.01537      6.01      2.00     6   6.4297
#         789       0.02546      7.66      1.00     6   6.4318
#         790       0.02745      5.59      2.00     6   6.4346
#         793       0.00928      4.70      2.00     3   6.4380
#         795       0.02736      5.36      2.00     6   6.4413
#         796       0.01549      6.19      2.00     6   6.4420
#         801       0.02218      5.44      2.00     6   6.4507
#         805       0.01726      7.65      2.00     6   6.4540
#         806       0.02376     10.26      2.00     6   6.4577
#         807       0.01058      4.70      2.00     5   6.4639
#         810       0.01022     16.52      2.00     6   6.4701
#         811       0.01059      5.59      2.00     5   6.4717
#         812       0.01749      7.34      2.00     6   6.4724
#         813       0.01068      4.69      2.00     5   6.4738
#         817       0.02232      5.40      2.00     6   6.4743
#         822       0.03491     11.47      2.00     7   6.4815
#         823       0.02289      4.12      2.00     5   6.4834
#         824       0.02179      4.71      2.00     6   6.4831
#         827       0.01007     17.39      2.00     6   6.4853
#         830       0.01931      8.32      2.00     6   6.4868
#         833       0.02173      5.16      2.00     6   6.4879
#         835       0.03292     11.16      2.00     7   6.4905
#         836       0.01027     16.66      2.00     6   6.4909
#         841       0.03403     13.05      2.00     7   6.5092
#         842       0.02089      4.67      2.00     6   6.5096
#         843       0.03619      6.32      2.00     5   6.5109
#         847       0.01950      8.35      2.00     6   6.5146
#         849       0.02375      5.97      2.00     7   6.5156
#         850       0.02138      4.50      2.00     7   6.5162
#         851       0.02670      4.47      2.00     7   6.5182
#         852       0.02200      4.79      2.00     7   6.5182
#         853       0.02006      4.31      2.00     7   6.5183
#         854       0.02235      7.78      2.00     7   6.5188
#         855       0.02164     17.73      2.00     7   6.5208
#         856       0.01426      5.40      2.00     7   6.5230
#         857       0.00787     15.42      2.00     6   6.5253
#         862       0.01005      6.45      2.00     7   6.5260
#         863       0.03294     11.02      2.00     7   6.5263
#         866       0.00800     14.28      2.00     6   6.5268
#         871       0.01113      9.78      2.00     7   6.5274
#         874       0.01113      9.26      2.00     7   6.5281
#         875       0.01010      9.96      2.00     7   6.5295
#         876       0.01014      9.73      2.00     7   6.5304
#         877       0.01075      4.02      2.00     5   6.5318
#         881       0.01939      8.29      2.00     6   6.5350
#         883       0.01095      8.27      2.00     7   6.5373
#         884       0.01010      8.65      2.00     7   6.5390
#         885       0.01092      7.90      2.00     7   6.5436
#         886       0.01093      7.57      2.00     7   6.5442
#         887       0.01017      4.02      2.00     4   6.5468
#         888       0.00773     14.68      2.00     6   6.5464
#         892       0.01197      5.22      2.00     5   6.5525
#         894       0.01196      5.84      2.00     5   6.5620
#         895       0.00667      4.66      2.00     4   6.5642
#         896       0.01012      4.26      2.00     7   6.5669
#         897       0.01231      8.58      2.00     7   6.5686
#         900       0.01174      4.82      2.00     5   6.5752
#         902       0.01035      7.39      2.00     7   6.5773
#         905       0.01038      7.34      2.00     7   6.5816
#         906       0.01034      6.87      2.00     7   6.5840
#         907       0.05734      6.37      2.00     7   6.5855
#         908       0.03090      6.41      2.00     7   6.5860
#         911       0.01237      4.52      2.00     5   6.5909
#         912       0.04586      6.18      2.00     7   6.5909
#         913       0.00709      4.44      2.00     4   6.5931
#         923       0.01670     10.67      2.00     7   6.6593
#         925       0.03871      5.89      1.00     6   6.6659
#         926       0.02983      4.02      2.00     7   6.6695
#         927       0.03599      5.08      2.00     6   6.6724
#         928       0.01175      6.96      2.00     6   6.6728
#         932       0.01749      9.18      2.00     7   6.6829
#         936       0.01208      7.04      2.00     6   6.6858
#         937       0.01664      9.16      2.00     7   6.6886
#         939       0.02135     11.33      2.00     7   6.6965
#         940       0.01690      9.34      2.00     7   6.7038
#         943       0.02437      8.16      2.00     7   6.7059
#         944       0.01966      4.44      2.00     7   6.7087
#         945       0.02790      4.67      2.00     7   6.7084
#         946       0.02235      5.11      2.00     7   6.7084
#         947       0.02286      5.58      2.00     7   6.7088
#         949       0.02142     15.32      2.00     7   6.7109
#         951       0.01025      6.34      2.00     6   6.7228
#         952       0.01200      6.74      2.00     6   6.7228
#         953       0.02856      4.34      2.00     7   6.7241
#         955       0.02464      8.02      2.00     7   6.7326
#         959       0.01948      4.43      2.00     7   6.7349
#         960       0.01257      6.46      2.00     6   6.7356
#         961       0.02106      5.46      2.00     7   6.7355
#         962       0.02742      4.60      2.00     7   6.7352
#         964       0.02200      5.07      2.00     7   6.7352
#         965       0.01885      7.00      2.00     7   6.7374
#         966       0.01011      7.68      2.00     6   6.7379
#         967       0.02105     15.28      2.00     7   6.7378
#         968       0.01362      4.78      2.00     6   6.7439
#         970       0.03264      4.98      2.00     7   6.7491
#         973       0.03397      4.64      2.00     7   6.7507
#         975       0.01199      8.33      2.00     6   6.7521
#         978       0.03804      4.83      2.00     7   6.7540
#         980       0.02407      7.44      2.00     7   6.7540
#         982       0.03089      8.02      2.00     7   6.7566
#         983       0.02771      4.42      2.00     7   6.7565
#         984       0.02245      4.92      2.00     7   6.7565
#         985       0.01974      4.35      2.00     7   6.7569
#         986       0.02211      5.46      2.00     7   6.7568
#         987       0.02112     15.29      2.00     7   6.7590
#         988       0.03279      4.68      2.00     7   6.7685
#         991       0.01906      5.71      2.00     7   6.7705
#         993       0.01127      7.64      2.00     7   6.7711
#         994       0.02179      7.17      2.00     7   6.7710
#         995       0.01246      6.27      2.00     6   6.7749
#         996       0.02078      5.70      2.00     7   6.7759
#         999       0.01592     15.60      2.00     7   6.7824
#        1001       0.01055      5.43      2.00     6   6.7937
#        1002       0.01134     26.19      2.00     7   6.7958
#        1003       0.01579     15.74      2.00     7   6.7957
#        1004       0.01128     28.49      2.00     7   6.7997
#        1005       0.01941      6.15      2.00     7   6.8011
#        1006       0.02965     10.11      2.00     7   6.8012
#        1007       0.02275      5.02      2.00     7   6.8012
#        1009       0.02373      8.67      2.00     6   6.8064
#        1010       0.01188      5.03      2.00     6   6.8081
#        1011       0.02169      5.94      2.00     7   6.8086
#        1012       0.02296      5.33      2.00     7   6.8088
#        1020       0.02032      8.63      2.00     7   6.8125
#        1021       0.01851      5.99      2.00     7   6.8175
#        1023       0.02836     10.01      2.00     7   6.8180
#        1024       0.02305      4.74      2.00     7   6.8180
#        1025       0.01148     26.62      2.00     7   6.8181
#        1026       0.02079      5.84      2.00     7   6.8219
#        1028       0.02325      5.41      2.00     7   6.8240
#        1034       0.02001      8.78      2.00     7   6.8291
#        1039       0.01590      9.70      2.00     7   6.8359
#        1041       0.01207      4.26      2.00     6   6.8406
#        1042       0.02267      8.63      2.00     6   6.8424
#        1044       0.01568     14.60      2.00     7   6.8483
#        1045       0.01873      5.79      2.00     7   6.8514
#        1046       0.02281      4.75      2.00     7   6.8514
#        1047       0.02392      8.52      2.00     6   6.8538
#        1052       0.02270      4.92      2.00     7   6.8586
#        1059       0.02008      8.51      2.00     7   6.8623
#        1062       0.02689      7.25      2.00     6   6.8745
#        1063       0.02149      9.90      2.00     7   6.8753
#        1066       0.02140     10.24      2.00     7   6.8875
#        1069       0.02140     10.56      2.00     7   6.8925
#        1070       0.02641      7.33      2.00     6   6.8959
#        1077       0.01901      5.70      2.00     7   6.9048
#        1080       0.01848      7.95      2.00     6   6.9081
#        1081       0.01871      5.74      2.00     7   6.9112
#        1084       0.02680      7.01      2.00     6   6.9124
#        1089       0.00870      5.86      2.00     5   6.9204
#        1090       0.01861      6.94      2.00     7   6.9203
#        1094       0.01861      8.09      2.00     6   6.9337
#        1095       0.01865      7.02      2.00     7   6.9387
#        1096       0.03296      7.80      2.00     7   6.9391
#        1097       0.01885      7.16      2.00     7   6.9403
#        1098       0.01943     15.06      2.00     7   6.9416
#        1100       0.01063     11.02      2.00     7   6.9494
#        1103       0.01934      5.46      2.00     7   6.9506
#        1105       0.01075     10.79      2.00     7   6.9516
#        1108       0.01867      7.82      2.00     6   6.9571
#        1109       0.01069      9.65      2.00     7   6.9603
#        1113       0.02265      5.38      2.00     7   6.9770
#        1114       0.02216      5.73      2.00     7   6.9788
#        1117       0.01529      6.57      2.00     6   6.9874
#        1121       0.02222      5.71      2.00     7   6.9958
#        1123       0.02138      7.20      2.00     6   7.0025
#        1124       0.00718      4.27      2.00     5   7.0142
#        1125       0.01174      4.92      2.00     6   7.0283
#        1126       0.02115      7.31      2.00     6   7.0281
#        1127       0.02296      5.59      2.00     7   7.0455
#        1128       0.02126      6.96      2.00     6   7.0586
#        1130       0.02487      4.06      2.00     7   7.0812
#        1133       0.01623      4.19      2.00     7   7.0929
#        1135       0.01643      4.25      2.00     7   7.1059
#        1136       0.01595      8.62      2.00     7   7.1063
#        1137       0.00914      5.13      2.00     7   7.1063
#        1138       0.01534      8.90      2.00     7   7.1099
#        1139       0.00914      5.22      2.00     7   7.1099
#        1141       0.01653      8.59      2.00     7   7.1281
#        1142       0.00929      5.18      2.00     7   7.1281
#        1144       0.03451     11.10      2.00     7   7.1297
#        1145       0.02198     11.80      2.00     7   7.1301
#        1146       0.01930     16.67      2.00     7   7.1321
#        1147       0.00670      5.45      2.00     6   7.1441
#        1149       0.03404     11.11      2.00     7   7.1543
#        1150       0.01932     11.62      2.00     7   7.1545
#        1151       0.01925     16.95      2.00     7   7.1568
#        1153       0.00690      6.16      2.00     6   7.1589
#        1155       0.01277      6.99      2.00     7   7.1707
#        1156       0.01415      5.37      2.00     6   7.1736
#        1157       0.01285      6.35      2.00     7   7.1745
#        1158       0.03454     10.31      2.00     7   7.1786
#        1159       0.02016     11.26      2.00     7   7.1789
#        1160       0.01949     16.43      2.00     7   7.1811
#        1161       0.01400      5.39      2.00     6   7.1926
#        1162       0.01268      6.56      2.00     7   7.1931
#        1163       0.03298      5.47      2.00     7   7.1943
#        1167       0.00698      4.22      2.00     6   7.2179
#        1168       0.01491      4.16      2.00     6   7.2186
#        1169       0.01401      5.46      2.00     6   7.2193
#        1170       0.01325      6.75      2.00     5   7.2245
#        1171       0.01816     13.65      2.00     7   7.2246
#        1173       0.02461      6.85      2.00     7   7.2326
#        1174       0.01893      9.05      2.00     7   7.2338
#        1175       0.03224      5.34      2.00     7   7.2352
#        1176       0.01723     13.65      2.00     7   7.2394
#        1177       0.03345      5.38      2.00     7   7.2406
#        1179       0.02509      7.09      2.00     7   7.2457
#        1180       0.01913      9.42      2.00     7   7.2481
#        1181       0.01634      9.53      2.00     7   7.2526
#        1182       0.03091      5.32      2.00     7   7.2604
#        1184       0.01475      4.19      2.00     6   7.2671
#        1185       0.01732     12.97      2.00     7   7.2756
#        1186       0.02420      6.44      2.00     7   7.2831
#        1187       0.01917      8.83      2.00     7   7.2844
#        1189       0.01342      7.49      2.00     6   7.3024
#        1191       0.01364     10.63      2.00     7   7.3282
#        1192       0.02953      4.56      2.00     7   7.3287
#        1193       0.01373     10.99      2.00     7   7.3331
#        1195       0.01358     10.29      2.00     7   7.3748
#        1196       0.01573      7.64      2.00     7   7.4283
#        1197       0.01330      8.01      2.00     7   7.4426
#        1198       0.01645      5.84      2.00     7   7.4692
#        1199       0.01335      4.57      2.00     5   7.4728
#        1200       0.01322      8.10      2.00     7   7.4910
#        1201       0.01565      4.29      2.00     7   7.5045
#        1202       0.01182      6.07      2.00     6   7.5069
#        1203       0.01545      4.20      2.00     7   7.5203
#        1205       0.01170      4.39      2.00     6   7.5478
#        1206       0.01956     30.41      2.00     7   7.5534
#        1207       0.01518      4.01      2.00     7   7.5543
#        1208       0.01981     31.36      2.00     7   7.5759
#        1210       0.01138      5.25      2.00     6   7.5962
#        1211       0.01955     29.14      2.00     7   7.6032
#        1212       0.01569      6.18      2.00     7   7.6071
#        1213       0.01593      6.24      2.00     7   7.6167
#        1214       0.01622      6.44      2.00     7   7.6245
#        1215       0.01316      4.12      2.00     6   7.6423
#        1216       0.01184      5.06      2.00     6   7.6597
#        1217       0.01760      5.03      2.00     7   7.6723
#        1222       0.01142      8.49      2.00     7   7.7722
#        1223       0.01209      4.12      2.00     6   7.8048
#        1224       0.01150      7.07      2.00     7   7.9287
#        1225       0.01407      4.47      2.00     7   7.9854
#   811/1066 paths used
#  xsedge+50, used to normalize mu           1.0000E+00
#  -----------------------------------------------------------------------
#  omega    e    k    mu    mu0     chi     @#
    9726.092   -204.449  -7.200 -2.78248E-06 -2.83384E-06  1.33177E-05
    9728.826   -201.716  -7.150 -6.21785E-06 -6.27999E-06  1.37170E-05
    9731.540   -199.001  -7.100 -9.65322E-06 -9.72614E-06  1.39534E-05
    9734.236   -196.305  -7.050 -1.30886E-05 -1.31723E-05  1.40917E-05
    9736.912   -193.629  -7.000 -1.65240E-05 -1.66184E-05  1.42670E-05
    9739.570   -190.971  -6.950 -1.99593E-05 -2.00646E-05  1.45936E-05
    9742.208   -188.333  -6.900 -2.33947E-05 -2.35107E-05  1.50873E-05
    9744.828   -185.714  -6.850 -2.67316E-05 -2.68705E-05  1.57314E-05
    9747.428   -183.113  -6.800 -2.99570E-05 -3.01325E-05  1.64092E-05
    9750.009   -180.532  -6.750 -3.31825E-05 -3.33945E-05  1.69465E-05
    9752.571   -177.970  -6.700 -3.64079E-05 -3.66564E-05  1.73456E-05
    9755.115   -175.427  -6.650 -3.96333E-05 -3.99184E-05  1.76992E-05
    9757.639   -172.903  -6.600 -4.28588E-05 -4.31804E-05  1.81354E-05
    9760.144   -170.398  -6.550 -4.60842E-05 -4.64423E-05  1.87400E-05
    9762.630   -167.912  -6.500 -4.93097E-05 -4.97043E-05  1.95025E-05
    9765.097   -165.445  -6.450 -5.23414E-05 -5.28450E-05  2.04867E-05
    9767.545   -162.997  -6.400 -5.52477E-05 -5.59072E-05  2.15220E-05
    9769.973   -160.568  -6.350 -5.81540E-05 -5.89694E-05  2.24253E-05
    9772.383   -158.158  -6.300 -6.10603E-05 -6.20316E-05  2.31987E-05
    9774.774   -155.767  -6.250 -6.39667E-05 -6.50938E-05  2.39260E-05
    9777.146   -153.396  -6.200 -6.68730E-05 -6.81560E-05  2.47292E-05
    9779.498   -151.043  -6.150 -6.97793E-05 -7.12182E-05  2.57024E-05
    9781.832   -148.709  -6.100 -7.26856E-05 -7.42803E-05  2.68590E-05
    9784.147   -146.395  -6.050 -7.53274E-05 -7.72919E-05  2.83558E-05
    9786.442   -144.099  -6.000 -7.71139E-05 -8.01398E-05  3.06276E-05
    9788.719   -141.823  -5.950 -7.89004E-05 -8.29877E-05  3.28390E-05
    9790.976   -139.565  -5.900 -8.06869E-05 -8.58356E-05  3.49479E-05
    9793.214   -137.327  -5.850 -8.24734E-05 -8.86834E-05  3.69919E-05
    9795.434   -135.108  -5.800 -8.42598E-05 -9.15313E-05  3.90748E-05
    9797.634   -132.907  -5.750 -8.60463E-05 -9.43792E-05  4.13186E-05
    9799.815   -130.726  -5.700 -8.78328E-05 -9.72271E-05  4.38050E-05
    9801.977   -128.564  -5.650 -8.96193E-05 -1.00075E-04  4.65333E-05
    9804.120   -126.421  -5.600 -7.90812E-05 -1.02866E-04  5.30584E-05
    9806.245   -124.297  -5.550 -3.01369E-05 -1.05482E-04  7.18563E-05
    9808.350   -122.192  -5.500  1.88075E-05 -1.08097E-04  9.19684E-05
    9810.436   -120.106  -5.450  6.77518E-05 -1.10712E-04  1.13281E-04
    9812.502   -118.039  -5.400  1.16696E-04 -1.13328E-04  1.35777E-04
    9814.550   -115.991  -5.350  1.65640E-04 -1.15943E-04  1.59535E-04
    9816.579   -113.962  -5.300  2.14585E-04 -1.18559E-04  1.84682E-04
    9818.589   -111.952  -5.250  2.63529E-04 -1.21174E-04  2.11308E-04
    9820.580   -109.962  -5.200  3.12474E-04 -1.23789E-04  2.39397E-04
    9822.551   -107.990  -5.150  3.61418E-04 -1.26405E-04  2.68792E-04
    9824.504   -106.037  -5.100  3.74287E-04 -1.28901E-04  2.72549E-04
    9826.437   -104.104  -5.050  3.45368E-04 -1.31260E-04  2.44841E-04
    9828.352   -102.189  -5.000  3.16449E-04 -1.33619E-04  2.16052E-04
    9830.247   -100.294  -4.950  2.87530E-04 -1.35978E-04  1.86238E-04
    9832.124    -98.417  -4.900  2.58611E-04 -1.38336E-04  1.55518E-04
    9833.981    -96.560  -4.850  2.29692E-04 -1.40695E-04  1.24059E-04
    9835.820    -94.722  -4.800  2.00773E-04 -1.43054E-04  9.20561E-05
    9837.639    -92.903  -4.750  1.71854E-04 -1.45413E-04  5.97006E-05
    9839.439    -91.102  -4.700  1.42935E-04 -1.47771E-04  2.71474E-05
    9841.220    -89.321  -4.650  1.14016E-04 -1.50130E-04 -5.50519E-06
    9842.982    -87.559  -4.600  8.50970E-05 -1.52489E-04 -3.82212E-05
    9844.725    -85.816  -4.550  6.61035E-05 -1.54660E-04 -4.82295E-05
    9846.449    -84.092  -4.500  5.25496E-05 -1.56728E-04 -4.51789E-05
    9848.154    -82.387  -4.450  3.89957E-05 -1.58796E-04 -4.15624E-05
    9849.840    -80.701  -4.400  2.54418E-05 -1.60864E-04 -3.75354E-05
    9851.507    -79.034  -4.350  1.18878E-05 -1.62932E-04 -3.31880E-05
    9853.155    -77.386  -4.300 -1.66607E-06 -1.65000E-04 -2.85046E-05
    9854.784    -75.758  -4.250 -1.52200E-05 -1.67067E-04 -2.33551E-05
    9856.393    -74.148  -4.200 -2.87739E-05 -1.69135E-04 -1.75206E-05
    9857.984    -72.557  -4.150 -4.23278E-05 -1.71203E-04 -1.07518E-05
    9859.556    -70.986  -4.100 -5.58817E-05 -1.73271E-04 -2.84287E-06
    9861.108    -69.433  -4.050 -6.94356E-05 -1.75339E-04  6.30037E-06
    9862.642    -67.899  -4.000 -8.29896E-05 -1.77407E-04  1.66192E-05
    9864.156    -66.385  -3.950 -9.21630E-05 -1.79348E-04  2.17903E-04
    9865.652    -64.890  -3.900 -9.38052E-05 -1.81069E-04  7.73273E-04
    9867.128    -63.413  -3.850 -9.54475E-05 -1.82790E-04  1.27003E-03
    9868.585    -61.956  -3.800 -9.70897E-05 -1.84512E-04  1.58234E-03
    9870.024    -60.518  -3.750 -9.87319E-05 -1.86233E-04  1.60904E-03
    9871.443    -59.098  -3.700 -1.00374E-04 -1.87954E-04  1.30045E-03
    9872.843    -57.698  -3.650 -1.02016E-04 -1.89675E-04  6.75975E-04
    9874.224    -56.317  -3.600 -1.03659E-04 -1.91397E-04 -1.72439E-04
    9875.586    -54.955  -3.550 -1.05301E-04 -1.93118E-04 -1.09289E-03
    9876.929    -53.612  -3.500 -1.06943E-04 -1.94839E-04 -1.90069E-03
    9878.253    -52.288  -3.450 -1.08585E-04 -1.96561E-04 -2.41519E-03
    9879.558    -50.983  -3.400 -1.10227E-04 -1.98282E-04 -2.49911E-03
    9880.844    -49.697  -3.350 -1.11870E-04 -2.00003E-04 -2.09175E-03
    9882.111    -48.430  -3.300 -1.13512E-04 -2.01725E-04 -1.22873E-03
    9883.359    -47.183  -3.250 -1.15154E-04 -2.03446E-04 -4.28358E-05
    9884.587    -45.954  -3.200 -1.14928E-04 -2.04789E-04  1.32017E-03
    9885.797    -44.744  -3.150 -1.14244E-04 -2.06039E-04  3.20768E-03
    9886.988    -43.554  -3.100 -1.13561E-04 -2.07289E-04  5.32656E-03
    9888.159    -42.382  -3.050 -1.12877E-04 -2.08540E-04  7.23663E-03
    9889.312    -41.230  -3.000 -1.12194E-04 -2.09790E-04  8.48002E-03
    9890.445    -40.096  -2.950 -1.11510E-04 -2.11040E-04  8.66120E-03
    9891.560    -38.982  -2.900 -1.10827E-04 -2.12290E-04  7.51893E-03
    9892.655    -37.886  -2.850 -1.10144E-04 -2.13541E-04  4.97985E-03
    9893.731    -36.810  -2.800 -1.09460E-04 -2.14791E-04  1.18657E-03
    9894.789    -35.753  -2.750 -1.08777E-04 -2.16041E-04 -3.50322E-03
    9895.827    -34.715  -2.700 -1.08093E-04 -2.17291E-04 -8.54742E-03
    9896.846    -33.695  -2.650 -1.07410E-04 -2.18542E-04 -1.32783E-02
    9897.846    -32.695  -2.600 -1.06726E-04 -2.19792E-04 -1.69849E-02
    9898.827    -31.714  -2.550 -1.06043E-04 -2.21042E-04 -1.90111E-02
    9899.789    -30.752  -2.500 -1.05360E-04 -2.22293E-04 -1.88579E-02
    9900.732    -29.809  -2.450 -1.04676E-04 -2.23543E-04 -1.62749E-02
    9901.656    -28.885  -2.400 -1.03993E-04 -2.24793E-04 -1.13245E-02
    9902.561    -27.980  -2.350 -1.03309E-04 -2.26043E-04 -4.40459E-03
    9903.447    -27.095  -2.300 -1.02626E-04 -2.27294E-04  3.77739E-03
    9904.314    -26.228  -2.250 -1.04289E-04 -2.28049E-04  8.89516E-01
    9905.161    -25.380  -2.200 -1.06458E-04 -2.28698E-04  1.92006E+00
    9905.990    -24.551  -2.150 -1.08626E-04 -2.29347E-04  2.04308E+00
    9906.800    -23.742  -2.100 -1.10794E-04 -2.29996E-04  8.38339E-01
    9907.590    -22.951  -2.050 -1.12962E-04 -2.30645E-04 -1.36489E+00
    9908.362    -22.180  -2.000 -1.15130E-04 -2.31293E-04 -3.66574E+00
    9909.114    -21.427  -1.950 -1.17299E-04 -2.31942E-04 -5.07370E+00
    9909.848    -20.694  -1.900 -1.19467E-04 -2.32591E-04 -5.00133E+00
    9910.562    -19.979  -1.850 -1.21635E-04 -2.33240E-04 -3.49938E+00
    9911.257    -19.284  -1.800 -1.23803E-04 -2.33889E-04 -1.14838E+00
    9911.933    -18.608  -1.750 -1.25972E-04 -2.34538E-04  1.27258E+00
    9912.591    -17.951  -1.700 -1.28140E-04 -2.35187E-04  3.12136E+00
    9913.229    -17.312  -1.650 -1.30308E-04 -2.35836E-04  4.06791E+00
    9913.848    -16.693  -1.600 -1.35109E-04 -2.36327E-04  6.83634E+00
    9914.448    -16.093  -1.550 -1.44837E-04 -2.36530E-04 -1.46623E+01
    9915.029    -15.512  -1.500 -1.55956E-04 -2.36649E-04 -4.72598E-01
    9915.591    -14.950  -1.450 -1.68223E-04 -2.36675E-04  5.89208E+00
    9916.134    -14.407  -1.400 -1.81094E-04 -2.36600E-04  3.51333E+00
    9916.658    -13.883  -1.350 -1.93519E-04 -2.36412E-04  3.04285E+00
    9917.163    -13.379  -1.300 -2.03622E-04 -2.36096E-04  4.25383E+00
    9917.648    -12.893  -1.250 -2.08317E-04 -2.35639E-04  7.04437E+00
    9918.115    -12.426  -1.200 -2.04091E-04 -2.35020E-04  7.28588E+00
    9918.563    -11.978  -1.150 -1.89480E-04 -2.34215E-04  1.44603E+00
    9918.991    -11.550  -1.100 -1.65747E-04 -2.33200E-04 -5.73803E+00
    9919.401    -11.140  -1.050 -1.34656E-04 -2.31940E-04 -8.37962E+00
    9919.792    -10.750  -1.000 -9.81628E-05 -2.30394E-04 -3.83519E+00
    9920.163    -10.378  -0.950 -5.83692E-05 -2.28513E-04  4.20368E+00
    9920.515    -10.026  -0.900 -1.72953E-05 -2.26245E-04  9.07813E+00
    9920.849     -9.692  -0.850  2.33070E-05 -2.23510E-04  7.53010E+00
    9921.163     -9.378  -0.800  6.20816E-05 -2.20234E-04  1.46949E+00
    9921.458     -9.083  -0.750  9.81724E-05 -2.16315E-04 -4.68378E+00
    9921.735     -8.807  -0.700  1.31234E-04 -2.11645E-04 -7.63088E+00
    9921.992     -8.549  -0.650  1.61294E-04 -2.06118E-04 -6.87586E+00
    9922.230     -8.311  -0.600  1.88545E-04 -1.99593E-04 -3.95920E+00
    9922.449     -8.092  -0.550  2.13451E-04 -1.92019E-04 -7.12634E-01
    9922.649     -7.892  -0.500  2.36402E-04 -1.83392E-04  1.76758E+00
    9922.830     -7.711  -0.450  2.57691E-04 -1.73833E-04  3.19354E+00
    9922.992     -7.549  -0.400  2.77441E-04 -1.63614E-04  3.73110E+00
    9923.135     -7.406  -0.350  2.95425E-04 -1.53188E-04  3.68845E+00
    9923.259     -7.283  -0.300  3.11513E-04 -1.43120E-04  3.34787E+00
    9923.363     -7.178  -0.250  3.25364E-04 -1.33968E-04  2.90191E+00
    9923.449     -7.092  -0.200  3.36619E-04 -1.26249E-04  2.47147E+00
    9923.516     -7.025  -0.150  3.63814E-04 -1.01632E-04  2.11487E+00
    9923.563     -6.978  -0.100  4.45389E-04 -2.12144E-05  1.93982E+00
    9923.592     -6.949  -0.050  5.26965E-04  5.92028E-05  1.76129E+00
    9923.602     -6.940   0.000  6.08540E-04  1.39620E-04  1.58011E+00
    9923.611     -6.930   0.050  5.63173E-04  1.43968E-04  1.40949E+00
    9923.640     -6.902   0.100  5.16814E-04  1.47815E-04  1.23798E+00
    9923.687     -6.854   0.150  4.70159E-04  1.51662E-04  1.06623E+00
    9923.754     -6.787   0.200  3.74735E-04  1.58852E-04  7.19686E-01
    9923.840     -6.702   0.250  2.53057E-04  1.67755E-04  2.82894E-01
    9923.944     -6.597   0.300  1.12538E-04  1.77972E-04 -2.15732E-01
    9924.068     -6.473   0.350 -3.37187E-05  1.89106E-04 -7.30057E-01
    9924.211     -6.330   0.400 -1.71622E-04  2.00637E-04 -1.21194E+00
    9924.373     -6.168   0.450 -2.86138E-04  2.12012E-04 -1.61203E+00
    9924.554     -5.987   0.500 -3.61891E-04  2.22758E-04 -1.88156E+00
    9924.754     -5.787   0.550 -3.89923E-04  2.32568E-04 -1.99405E+00
    9924.973     -5.568   0.600 -3.68178E-04  2.41269E-04 -1.94525E+00
    9925.211     -5.330   0.650 -3.01904E-04  2.48811E-04 -1.75377E+00
    9925.468     -5.073   0.700 -2.02489E-04  2.55168E-04 -1.45619E+00
    9925.745     -4.797   0.750 -8.44839E-05  2.60436E-04 -1.09824E+00
    9926.040     -4.501   0.800  3.71183E-05  2.64669E-04 -7.26203E-01
    9926.354     -4.187   0.850  1.49343E-04  2.67937E-04 -3.79977E-01
    9926.688     -3.854   0.900  2.42677E-04  2.70324E-04 -8.90737E-02
    9927.040     -3.501   0.950  3.13098E-04  2.71888E-04  1.33714E-01
    9927.412     -3.130   1.000  3.58116E-04  2.72716E-04  2.79482E-01
    9927.802     -2.739   1.050  3.80407E-04  2.72877E-04  3.55403E-01
    9928.212     -2.330   1.100  3.83983E-04  2.72443E-04  3.72776E-01
    9928.640     -1.901   1.150  3.74020E-04  2.71489E-04  3.46860E-01
    9929.088     -1.453   1.200  3.55968E-04  2.70085E-04  2.94366E-01
    9929.555     -0.987   1.250  3.34646E-04  2.68300E-04  2.30578E-01
    9930.040     -0.501   1.300  3.14219E-04  2.66200E-04  1.69318E-01
    9930.545      0.004   1.350  2.97573E-04  2.63841E-04  1.20733E-01
    9931.069      0.528   1.400  2.86242E-04  2.61284E-04  9.07079E-02
    9931.612      1.071   1.450  2.80491E-04  2.58578E-04  8.08872E-02
    9932.174      1.633   1.500  2.79463E-04  2.55769E-04  8.88376E-02
    9932.755      2.214   1.550  2.81526E-04  2.52894E-04  1.09044E-01
    9933.355      2.814   1.600  2.84699E-04  2.49993E-04  1.34241E-01
    9933.974      3.433   1.650  2.87071E-04  2.47095E-04  1.57012E-01
    9934.612      4.071   1.700  2.87173E-04  2.44231E-04  1.71223E-01
    9935.270      4.728   1.750  2.84271E-04  2.41413E-04  1.73419E-01
    9935.946      5.405   1.800  2.78452E-04  2.38661E-04  1.63327E-01
    9936.641      6.100   1.850  2.70482E-04  2.35994E-04  1.43537E-01
    9937.356      6.814   1.900  2.61566E-04  2.33424E-04  1.18695E-01
    9938.089      7.548   1.950  2.52917E-04  2.30954E-04  9.38245E-02
    9938.841      8.300   2.000  2.45335E-04  2.28590E-04  7.24088E-02
    9939.613      9.072   2.050  2.39514E-04  2.26315E-04  5.77414E-02
    9940.404      9.862   2.100  2.35421E-04  2.24072E-04  5.02267E-02
    9941.213     10.672   2.150  2.32725E-04  2.21869E-04  4.86157E-02
    9942.042     11.501   2.200  2.30982E-04  2.19790E-04  5.07042E-02
    9942.890     12.348   2.250  2.30337E-04  2.18590E-04  5.37420E-02
    9943.756     13.215   2.300  2.30478E-04  2.18401E-04  5.56292E-02
    9944.642     14.101   2.350  2.31015E-04  2.19055E-04  5.53116E-02
    9945.547     15.006   2.400  2.31985E-04  2.20287E-04  5.42224E-02
    9946.471     15.930   2.450  2.32017E-04  2.20666E-04  5.27342E-02
    9947.414     16.873   2.500  2.31152E-04  2.20545E-04  4.94385E-02
    9948.376     17.835   2.550  2.29494E-04  2.20169E-04  4.36213E-02
    9949.357     18.816   2.600  2.27202E-04  2.19698E-04  3.52315E-02
    9950.357     19.816   2.650  2.24392E-04  2.19188E-04  2.45040E-02
    9951.376     20.835   2.700  2.21184E-04  2.18690E-04  1.17736E-02
    9952.415     21.873   2.750  2.17683E-04  2.18239E-04 -2.62781E-03
    9953.472     22.931   2.800  2.13993E-04  2.17869E-04 -1.83470E-02
    9954.548     24.007   2.850  2.10203E-04  2.17608E-04 -3.50512E-02
    9955.644     25.102   2.900  2.06335E-04  2.17425E-04 -5.24589E-02
    9956.758     26.217   2.950  2.02487E-04  2.17303E-04 -7.00049E-02
    9957.891     27.350   3.000  1.98841E-04  2.17238E-04 -8.67932E-02
    9959.044     28.503   3.050  1.95646E-04  2.17234E-04 -1.01648E-01
    9960.216     29.674   3.100  1.93178E-04  2.17282E-04 -1.13238E-01
    9961.406     30.865   3.150  1.91719E-04  2.17392E-04 -1.20307E-01
    9962.616     32.075   3.200  1.91475E-04  2.17547E-04 -1.21833E-01
    9963.845     33.303   3.250  1.92563E-04  2.17746E-04 -1.17321E-01
    9965.092     34.551   3.300  1.94979E-04  2.17994E-04 -1.06879E-01
    9966.359     35.818   3.350  1.98579E-04  2.18279E-04 -9.11831E-02
    9967.645     37.104   3.400  2.03098E-04  2.18598E-04 -7.14942E-02
    9968.950     38.409   3.450  2.08202E-04  2.18954E-04 -4.94209E-02
    9970.274     39.733   3.500  2.13512E-04  2.19335E-04 -2.66648E-02
    9971.617     41.076   3.550  2.18696E-04  2.19748E-04 -4.80043E-03
    9972.979     42.438   3.600  2.23459E-04  2.20174E-04  1.49309E-02
    9974.360     43.819   3.650  2.27625E-04  2.20614E-04  3.17620E-02
    9975.760     45.219   3.700  2.31126E-04  2.21069E-04  4.53933E-02
    9977.179     46.638   3.750  2.33972E-04  2.21532E-04  5.59624E-02
    9978.618     48.076   3.800  2.36240E-04  2.21995E-04  6.38572E-02
    9980.075     49.534   3.850  2.38028E-04  2.22457E-04  6.95783E-02
    9981.551     51.010   3.900  2.39430E-04  2.22912E-04  7.35756E-02
    9983.047     52.506   3.950  2.40502E-04  2.23356E-04  7.61511E-02
    9984.561     54.020   4.000  2.41266E-04  2.23786E-04  7.74108E-02
    9986.095     55.554   4.050  2.41698E-04  2.24199E-04  7.72945E-02
    9987.647     57.106   4.100  2.41748E-04  2.24595E-04  7.55830E-02
    9989.219     58.678   4.150  2.41339E-04  2.24959E-04  7.20184E-02
    9990.810     60.268   4.200  2.40419E-04  2.25295E-04  6.63616E-02
    9992.419     61.878   4.250  2.38953E-04  2.25608E-04  5.84575E-02
    9994.048     63.507   4.300  2.36931E-04  2.25880E-04  4.83331E-02
    9995.696     65.155   4.350  2.34411E-04  2.26126E-04  3.61880E-02
    9997.363     66.822   4.400  2.31464E-04  2.26325E-04  2.24189E-02
    9999.049     68.507   4.450  2.28233E-04  2.26492E-04  7.59014E-03
   10000.754     70.212   4.500  2.24871E-04  2.26621E-04 -7.62092E-03
   10002.478     71.936   4.550  2.21558E-04  2.26713E-04 -2.24526E-02
   10004.221     73.680   4.600  2.18461E-04  2.26767E-04 -3.61657E-02
   10005.983     75.442   4.650  2.15743E-04  2.26783E-04 -4.80730E-02
   10007.764     77.223   4.700  2.13535E-04  2.26766E-04 -5.76213E-02
   10009.564     79.023   4.750  2.11920E-04  2.26706E-04 -6.44194E-02
   10011.384     80.842   4.800  2.10956E-04  2.26618E-04 -6.82706E-02
   10013.222     82.681   4.850  2.10644E-04  2.26500E-04 -6.91633E-02
   10015.079     84.538   4.900  2.10940E-04  2.26350E-04 -6.72746E-02
   10016.956     86.414   4.950  2.11781E-04  2.26179E-04 -6.29171E-02
   10018.851     88.310   5.000  2.13061E-04  2.25980E-04 -5.65071E-02
   10020.766     90.224   5.050  2.14680E-04  2.25760E-04 -4.85183E-02
   10022.699     92.158   5.100  2.16530E-04  2.25521E-04 -3.94207E-02
   10024.652     94.111   5.150  2.18511E-04  2.25269E-04 -2.96638E-02
   10026.624     96.082   5.200  2.20535E-04  2.25004E-04 -1.96415E-02
   10028.614     98.073   5.250  2.22536E-04  2.24733E-04 -9.67193E-03
   10030.624    100.083   5.300  2.24451E-04  2.24455E-04 -1.57583E-05
   10032.653    102.112   5.350  2.26243E-04  2.24175E-04  9.12374E-03
   10034.701    104.159   5.400  2.27873E-04  2.23894E-04  1.75789E-02
   10036.768    106.226   5.450  2.29311E-04  2.23615E-04  2.51960E-02
   10038.854    108.312   5.500  2.30525E-04  2.23339E-04  3.18233E-02
   10040.959    110.417   5.550  2.31487E-04  2.23072E-04  3.73026E-02
   10043.083    112.541   5.600  2.32165E-04  2.22821E-04  4.14689E-02
   10045.226    114.684   5.650  2.32517E-04  2.22574E-04  4.41643E-02
   10047.388    116.847   5.700  2.32524E-04  2.22343E-04  4.52631E-02
   10049.569    119.028   5.750  2.32170E-04  2.22128E-04  4.46829E-02
   10051.769    121.228   5.800  2.31455E-04  2.21928E-04  4.24203E-02
   10053.989    123.447   5.850  2.30401E-04  2.21747E-04  3.85564E-02
   10056.227    125.686   5.900  2.29043E-04  2.21580E-04  3.32642E-02
   10058.485    127.943   5.950  2.27447E-04  2.21437E-04  2.68012E-02
   10060.761    130.220   6.000  2.25677E-04  2.21308E-04  1.94916E-02
   10063.057    132.515   6.050  2.23816E-04  2.21194E-04  1.17021E-02
   10065.371    134.830   6.100  2.21958E-04  2.21103E-04  3.81278E-03
   10067.705    137.163   6.150  2.20177E-04  2.21030E-04 -3.80902E-03
   10070.057    139.516   6.200  2.18543E-04  2.20971E-04 -1.08351E-02
   10072.429    141.888   6.250  2.17116E-04  2.20923E-04 -1.69921E-02
   10074.820    144.279   6.300  2.15949E-04  2.20894E-04 -2.20711E-02
   10077.230    146.688   6.350  2.15069E-04  2.20879E-04 -2.59325E-02
   10079.659    149.117   6.400  2.14483E-04  2.20871E-04 -2.85052E-02
   10082.106    151.565   6.450  2.14202E-04  2.20878E-04 -2.97811E-02
   10084.573    154.032   6.500  2.14205E-04  2.20888E-04 -2.98113E-02
   10087.059    156.518   6.550  2.14471E-04  2.20905E-04 -2.86959E-02
   10089.564    159.023   6.600  2.14964E-04  2.20924E-04 -2.65756E-02
   10092.089    161.547   6.650  2.15651E-04  2.20949E-04 -2.36223E-02
   10094.632    164.090   6.700  2.16476E-04  2.20969E-04 -2.00271E-02
   10097.194    166.653   6.750  2.17405E-04  2.20991E-04 -1.59865E-02
   10099.775    169.234   6.800  2.18385E-04  2.21008E-04 -1.16920E-02
   10102.376    171.834   6.850  2.19375E-04  2.21016E-04 -7.31836E-03
   10104.995    174.454   6.900  2.20343E-04  2.21020E-04 -3.01410E-03
   10107.633    177.092   6.950  2.21255E-04  2.21008E-04  1.10070E-03
   10110.291    179.749   7.000  2.22098E-04  2.20991E-04  4.93564E-03
   10112.967    182.426   7.050  2.22847E-04  2.20959E-04  8.42305E-03
   10115.663    185.122   7.100  2.23493E-04  2.20913E-04  1.15134E-02
   10118.377    187.836   7.150  2.24023E-04  2.20851E-04  1.41643E-02
   10121.111    190.570   7.200  2.24430E-04  2.20774E-04  1.63333E-02
   10123.864    193.323   7.250  2.24699E-04  2.20679E-04  1.79756E-02
   10126.636    196.094   7.300  2.24825E-04  2.20569E-04  1.90418E-02
   10129.426    198.885   7.350  2.24792E-04  2.20441E-04  1.94820E-02
   10132.236    201.695   7.400  2.24586E-04  2.20291E-04  1.92554E-02
   10135.065    204.524   7.450  2.24218E-04  2.20131E-04  1.83391E-02
   10137.913    207.372   7.500  2.23673E-04  2.19947E-04  1.67388E-02
   10140.780    210.239   7.550  2.22975E-04  2.19752E-04  1.44960E-02
   10143.666    213.125   7.600  2.22138E-04  2.19543E-04  1.16902E-02
   10146.571    216.030   7.650  2.21188E-04  2.19317E-04  8.43864E-03
   10149.496    218.954   7.700  2.20157E-04  2.19075E-04  4.88864E-03
   10152.439    221.897   7.750  2.19091E-04  2.18824E-04  1.20627E-03
   10155.401    224.860   7.800  2.18022E-04  2.18560E-04 -2.43422E-03
   10158.382    227.841   7.850  2.16993E-04  2.18285E-04 -5.86653E-03
   10161.383    230.841   7.900  2.16040E-04  2.18007E-04 -8.94118E-03
   10164.402    233.861   7.950  2.15183E-04  2.17716E-04 -1.15347E-02
   10167.441    236.899   8.000  2.14455E-04  2.17427E-04 -1.35556E-02
   10170.498    239.957   8.050  2.13862E-04  2.17132E-04 -1.49431E-02
   10173.575    243.033   8.100  2.13413E-04  2.16837E-04 -1.56695E-02
   10176.670    246.129   8.150  2.13108E-04  2.16541E-04 -1.57345E-02
   10179.785    249.244   8.200  2.12943E-04  2.16246E-04 -1.51631E-02
   10182.919    252.377   8.250  2.12908E-04  2.15953E-04 -1.40030E-02
   10186.071    255.530   8.300  2.12992E-04  2.15666E-04 -1.23208E-02
   10189.243    258.702   8.350  2.13171E-04  2.15382E-04 -1.01989E-02
   10192.434    261.893   8.400  2.13433E-04  2.15108E-04 -7.73510E-03
   10195.644    265.103   8.450  2.13752E-04  2.14841E-04 -5.03843E-03
   10198.873    268.332   8.500  2.14104E-04  2.14584E-04 -2.22676E-03
   10202.121    271.580   8.550  2.14457E-04  2.14332E-04  5.77745E-04
   10205.388    274.847   8.600  2.14795E-04  2.14095E-04  3.25318E-03
   10208.674    278.133   8.650  2.15089E-04  2.13867E-04  5.68373E-03
   10211.979    281.438   8.700  2.15315E-04  2.13647E-04  7.76661E-03
   10215.303    284.762   8.750  2.15460E-04  2.13440E-04  9.41655E-03
   10218.647    288.105   8.800  2.15509E-04  2.13244E-04  1.05722E-02
   10222.009    291.468   8.850  2.15454E-04  2.13057E-04  1.11994E-02
   10225.390    294.849   8.900  2.15296E-04  2.12881E-04  1.12934E-02
   10228.791    298.250   8.950  2.15033E-04  2.12710E-04  1.08779E-02
   10232.210    301.669   9.000  2.14687E-04  2.12551E-04  1.00040E-02
   10235.649    305.107   9.050  2.14263E-04  2.12398E-04  8.74371E-03
   10239.106    308.565   9.100  2.13790E-04  2.12259E-04  7.18481E-03
   10242.583    312.042   9.150  2.13277E-04  2.12123E-04  5.42272E-03
   10246.079    315.537   9.200  2.12743E-04  2.11987E-04  3.55362E-03
   10249.593    319.052   9.250  2.12213E-04  2.11859E-04  1.66779E-03
   10253.127    322.586   9.300  2.11701E-04  2.11734E-04 -1.55246E-04
   10256.680    326.139   9.350  2.11216E-04  2.11609E-04 -1.84965E-03
   10260.252    329.710   9.400  2.10774E-04  2.11487E-04 -3.36407E-03
   10263.843    333.301   9.450  2.10376E-04  2.11363E-04 -4.65995E-03
   10267.453    336.911   9.500  2.10033E-04  2.11242E-04 -5.71068E-03
   10271.082    340.540   9.550  2.09740E-04  2.11115E-04 -6.49877E-03
   10274.730    344.188   9.600  2.09504E-04  2.10987E-04 -7.01367E-03
   10278.397    347.856   9.650  2.09318E-04  2.10850E-04 -7.25087E-03
   10282.083    351.542   9.700  2.09187E-04  2.10709E-04 -7.21209E-03
   10285.788    355.247   9.750  2.09106E-04  2.10562E-04 -6.90560E-03
   10289.512    358.971   9.800  2.09075E-04  2.10412E-04 -6.34719E-03
   10293.256    362.714   9.850  2.09076E-04  2.10246E-04 -5.56136E-03
   10297.018    366.477   9.900  2.09113E-04  2.10076E-04 -4.58151E-03
   10300.800    370.258   9.950  2.09173E-04  2.09898E-04 -3.44893E-03
   10304.600    374.059  10.000  2.09251E-04  2.09715E-04 -2.21194E-03
   10308.419    377.878  10.050  2.09325E-04  2.09518E-04 -9.22845E-04
   10312.258    381.717  10.100  2.09387E-04  2.09311E-04  3.64116E-04
   10316.116    385.574  10.150  2.09432E-04  2.09099E-04  1.59606E-03
   10319.992    389.451  10.200  2.09441E-04  2.08872E-04  2.72388E-03
   10323.888    393.347  10.250  2.09413E-04  2.08641E-04  3.70408E-03
   10327.803    397.261  10.300  2.09340E-04  2.08402E-04  4.50062E-03
   10331.737    401.195  10.350  2.09213E-04  2.08155E-04  5.08597E-03
   10335.689    405.148  10.400  2.09035E-04  2.07904E-04  5.44206E-03
   10339.661    409.120  10.450  2.08800E-04  2.07646E-04  5.56054E-03
   10343.652    413.111  10.500  2.08515E-04  2.07387E-04  5.44325E-03
   10347.662    417.121  10.550  2.08176E-04  2.07120E-04  5.10209E-03
   10351.691    421.150  10.600  2.07799E-04  2.06857E-04  4.55840E-03
   10355.739    425.198  10.650  2.07382E-04  2.06589E-04  3.84230E-03
   10359.807    429.265  10.700  2.06937E-04  2.06321E-04  2.99109E-03
   10363.893    433.352  10.750  2.06474E-04  2.06052E-04  2.04690E-03
   10367.998    437.457  10.800  2.06003E-04  2.05786E-04  1.05485E-03
   10372.122    441.581  10.850  2.05539E-04  2.05527E-04  6.00407E-05
   10376.266    445.724  10.900  2.05085E-04  2.05268E-04 -8.94420E-04
   10380.428    449.887  10.950  2.04648E-04  2.05010E-04 -1.76976E-03
   10384.610    454.068  11.000  2.04242E-04  2.04760E-04 -2.53314E-03
   10388.810    458.269  11.050  2.03868E-04  2.04514E-04 -3.15835E-03
   10393.030    462.488  11.100  2.03534E-04  2.04275E-04 -3.62663E-03
   10397.268    466.727  11.150  2.03236E-04  2.04037E-04 -3.92625E-03
   10401.526    470.985  11.200  2.02981E-04  2.03807E-04 -4.05244E-03
   10405.803    475.261  11.250  2.02765E-04  2.03581E-04 -4.00706E-03
   10410.098    479.557  11.300  2.02592E-04  2.03365E-04 -3.79783E-03
   10414.413    483.872  11.350  2.02457E-04  2.03156E-04 -3.43809E-03
   10418.747    488.206  11.400  2.02355E-04  2.02953E-04 -2.94668E-03
   10423.100    492.559  11.450  2.02275E-04  2.02751E-04 -2.34690E-03
   10427.472    496.931  11.500  2.02221E-04  2.02559E-04 -1.66660E-03
   10431.863    501.322  11.550  2.02180E-04  2.02370E-04 -9.36530E-04
   10436.273    505.732  11.600  2.02145E-04  2.02184E-04 -1.89517E-04
   10440.702    510.161  11.650  2.02114E-04  2.02004E-04  5.40765E-04
   10445.150    514.609  11.700  2.02073E-04  2.01826E-04  1.22181E-03
   10449.617    519.076  11.750  2.02017E-04  2.01648E-04  1.82399E-03
   10454.104    523.562  11.800  2.01946E-04  2.01478E-04  2.32175E-03
   10458.609    528.068  11.850  2.01847E-04  2.01303E-04  2.69544E-03
   10463.133    532.592  11.900  2.01723E-04  2.01132E-04  2.93213E-03
   10467.677    537.136  11.950  2.01571E-04  2.00961E-04  3.02598E-03
   10472.239    541.698  12.000  2.01384E-04  2.00784E-04  2.97856E-03
   10476.821    546.279  12.050  2.01169E-04  2.00606E-04  2.79812E-03
   10481.421    550.880  12.100  2.00929E-04  2.00427E-04  2.49927E-03
   10486.041    555.500  12.150  2.00669E-04  2.00248E-04  2.10147E-03
   10490.680    560.138  12.200  2.00386E-04  2.00060E-04  1.62775E-03
   10495.337    564.796  12.250  2.00090E-04  1.99869E-04  1.10334E-03
   10500.014    569.473  12.300  1.99781E-04  1.99670E-04  5.54343E-04
   10504.710    574.169  12.350  1.99472E-04  1.99471E-04  6.23188E-06
   10509.425    578.883  12.400  1.99160E-04  1.99263E-04 -5.17119E-04
   10514.159    583.617  12.450  1.98853E-04  1.99051E-04 -9.94516E-04
   10518.912    588.370  12.500  1.98551E-04  1.98832E-04 -1.40805E-03
   10523.684    593.142  12.550  1.98255E-04  1.98602E-04 -1.74326E-03
   10528.475    597.933  12.600  1.97976E-04  1.98371E-04 -1.98969E-03
   10533.285    602.743  12.650  1.97700E-04  1.98126E-04 -2.14106E-03
   10538.114    607.573  12.700  1.97446E-04  1.97882E-04 -2.19483E-03
   10542.962    612.421  12.750  1.97199E-04  1.97625E-04 -2.15255E-03
   10547.829    617.288  12.800  1.96966E-04  1.97366E-04 -2.01938E-03
   10552.716    622.174  12.850  1.96750E-04  1.97106E-04 -1.80403E-03
   10557.621    627.080  12.900  1.96536E-04  1.96836E-04 -1.51859E-03
   10562.545    632.004  12.950  1.96333E-04  1.96565E-04 -1.17775E-03
   10567.489    636.948  13.000  1.96130E-04  1.96287E-04 -7.98233E-04
   10572.451    641.910  13.050  1.95927E-04  1.96006E-04 -3.98356E-04
   10577.433    646.892  13.100  1.95721E-04  1.95720E-04  3.36031E-06
   10582.434    651.892  13.150  1.95514E-04  1.95438E-04  3.88765E-04
   10587.453    656.912  13.200  1.95296E-04  1.95151E-04  7.41224E-04
   10592.492    661.951  13.250  1.95067E-04  1.94863E-04  1.04644E-03
   10597.550    667.008  13.300  1.94827E-04  1.94575E-04  1.29282E-03
   10602.626    672.085  13.350  1.94580E-04  1.94294E-04  1.47224E-03
   10607.722    677.181  13.400  1.94314E-04  1.94006E-04  1.58008E-03
   10612.837    682.296  13.450  1.94040E-04  1.93726E-04  1.61528E-03
   10617.971    687.430  13.500  1.93753E-04  1.93447E-04  1.57993E-03
   10623.124    692.583  13.550  1.93455E-04  1.93169E-04  1.47909E-03
   10628.296    697.755  13.600  1.93153E-04  1.92898E-04  1.32030E-03
   10633.487    702.946  13.650  1.92844E-04  1.92629E-04  1.11287E-03
   10638.697    708.156  13.700  1.92530E-04  1.92363E-04  8.67759E-04
   10643.927    713.385  13.750  1.92218E-04  1.92103E-04  5.96510E-04
   10649.175    718.634  13.800  1.91907E-04  1.91847E-04  3.11296E-04
   10654.442    723.901  13.850  1.91600E-04  1.91595E-04  2.41009E-05
   10659.729    729.187  13.900  1.91299E-04  1.91348E-04 -2.53494E-04
   10665.034    734.493  13.950  1.91010E-04  1.91108E-04 -5.10777E-04
   10670.358    739.817  14.000  1.90728E-04  1.90869E-04 -7.37970E-04
   10675.702    745.161  14.050  1.90454E-04  1.90631E-04 -9.27007E-04
   10681.065    750.523  14.100  1.90196E-04  1.90400E-04 -1.07120E-03
   10686.446    755.905  14.150  1.89949E-04  1.90172E-04 -1.16570E-03
   10691.847    761.305  14.200  1.89715E-04  1.89945E-04 -1.20770E-03
   10697.266    766.725  14.250  1.89497E-04  1.89725E-04 -1.19630E-03
   10702.705    772.164  14.300  1.89282E-04  1.89498E-04 -1.13296E-03
   10708.163    777.622  14.350  1.89084E-04  1.89278E-04 -1.02119E-03
   10713.640    783.099  14.400  1.88894E-04  1.89058E-04 -8.66632E-04
   10719.136    788.594  14.450  1.88711E-04  1.88839E-04 -6.76679E-04
   10724.651    794.109  14.500  1.88533E-04  1.88620E-04 -4.60590E-04
   10730.185    799.643  14.550  1.88357E-04  1.88400E-04 -2.28638E-04
   10735.738    805.196  14.600  1.88180E-04  1.88178E-04  8.04053E-06
   10741.310    810.769  14.650  1.87997E-04  1.87952E-04  2.38070E-04
   10746.901    816.360  14.700  1.87808E-04  1.87724E-04  4.50669E-04
   10752.511    821.970  14.750  1.87614E-04  1.87494E-04  6.36026E-04
   10758.140    827.599  14.800  1.87410E-04  1.87262E-04  7.85845E-04
   10763.789    833.247  14.850  1.87190E-04  1.87023E-04  8.93989E-04
   10769.456    838.915  14.900  1.86960E-04  1.86781E-04  9.56486E-04
   10775.143    844.601  14.950  1.86716E-04  1.86534E-04  9.72061E-04
   10780.848    850.307  15.000  1.86459E-04  1.86283E-04  9.41801E-04
   10786.572    856.031  15.050  1.86186E-04  1.86024E-04  8.69086E-04
   10792.316    861.775  15.100  1.85906E-04  1.85765E-04  7.59333E-04
   10798.079    867.537  15.150  1.85620E-04  1.85504E-04  6.19482E-04
   10803.860    873.319  15.200  1.85319E-04  1.85234E-04  4.57573E-04
   10809.661    879.120  15.250  1.85016E-04  1.84963E-04  2.82198E-04
   10815.481    884.939  15.300  1.84704E-04  1.84685E-04  1.02015E-04
   10821.320    890.778  15.350  1.84391E-04  1.84405E-04 -7.45620E-05
   10827.177    896.636  15.400  1.84073E-04  1.84118E-04 -2.40097E-04
   10833.054    902.513  15.450  1.83763E-04  1.83834E-04 -3.87882E-04
   10838.950    908.409  15.500  1.83451E-04  1.83545E-04 -5.12604E-04
   10844.865    914.324  15.550  1.83143E-04  1.83255E-04 -6.10197E-04
   10850.799    920.258  15.600  1.82835E-04  1.82959E-04 -6.78007E-04
   10856.752    926.211  15.650  1.82536E-04  1.82667E-04 -7.14811E-04
   10862.725    932.183  15.700  1.82237E-04  1.82368E-04 -7.20542E-04
   10868.716    938.174  15.750  1.81950E-04  1.82077E-04 -6.96501E-04
   10874.726    944.185  15.800  1.81662E-04  1.81780E-04 -6.44998E-04
   10880.755    950.214  15.850  1.81385E-04  1.81489E-04 -5.69177E-04
   10886.804    956.262  15.900  1.81107E-04  1.81193E-04 -4.73247E-04
   10892.871    962.330  15.950  1.80838E-04  1.80903E-04 -3.61681E-04
   10898.957    968.416  16.000  1.80571E-04  1.80614E-04 -2.39628E-04
   10905.063    974.522  16.050  1.80305E-04  1.80325E-04 -1.12367E-04
   10911.188    980.646  16.100  1.80047E-04  1.80044E-04  1.48310E-05
   10917.331    986.790  16.150  1.79789E-04  1.79765E-04  1.36731E-04
   10923.494    992.953  16.200  1.79530E-04  1.79485E-04  2.48603E-04
   10929.675    999.134  16.250  1.79269E-04  1.79207E-04  3.46108E-04
   10935.876   1005.335  16.300  1.79013E-04  1.78936E-04  4.25778E-04
   10942.096   1011.555  16.350  1.78754E-04  1.78667E-04  4.84745E-04
   10948.335   1017.794  16.400  1.78493E-04  1.78400E-04  5.21258E-04
   10954.593   1024.051  16.450  1.78236E-04  1.78140E-04  5.34536E-04
   10960.870   1030.328  16.500  1.77974E-04  1.77881E-04  5.24828E-04
   10967.166   1036.624  16.550  1.77710E-04  1.77622E-04  4.93392E-04
   10973.481   1042.939  16.600  1.77444E-04  1.77365E-04  4.42517E-04
   10979.815   1049.274  16.650  1.77180E-04  1.77113E-04  3.75278E-04
   10986.168   1055.627  16.700  1.76915E-04  1.76863E-04  2.95347E-04
   10992.540   1061.999  16.750  1.76650E-04  1.76613E-04  2.06754E-04
   10998.931   1068.390  16.800  1.76384E-04  1.76364E-04  1.13843E-04
   11005.342   1074.800  16.850  1.76118E-04  1.76115E-04  2.07588E-05
   11011.771   1081.230  16.900  1.75853E-04  1.75865E-04 -6.83609E-05
   11018.220   1087.678  16.950  1.75589E-04  1.75616E-04 -1.50185E-04
   11024.687   1094.146  17.000  1.75327E-04  1.75366E-04 -2.21719E-04
   11031.173   1100.632  17.050  1.75068E-04  1.75117E-04 -2.80601E-04
   11037.679   1107.138  17.100  1.74810E-04  1.74867E-04 -3.25202E-04
   11044.204   1113.662  17.150  1.74547E-04  1.74609E-04 -3.54498E-04
   11050.747   1120.206  17.200  1.74294E-04  1.74358E-04 -3.68138E-04
   11057.310   1126.769  17.250  1.74036E-04  1.74100E-04 -3.66271E-04
   11063.892   1133.350  17.300  1.73779E-04  1.73840E-04 -3.49702E-04
   11070.493   1139.951  17.350  1.73516E-04  1.73572E-04 -3.19585E-04
   11077.112   1146.571  17.400  1.73255E-04  1.73303E-04 -2.77530E-04
   11083.751   1153.210  17.450  1.73000E-04  1.73039E-04 -2.25578E-04
   11090.409   1159.868  17.500  1.72733E-04  1.72761E-04 -1.66137E-04
   11097.086   1166.545  17.550  1.72472E-04  1.72490E-04 -1.01715E-04
   11103.782   1173.241  17.600  1.72197E-04  1.72203E-04 -3.52524E-05
   11110.497   1179.956  17.650  1.71928E-04  1.71922E-04  3.03185E-05
   11117.231   1186.690  17.700  1.71656E-04  1.71640E-04  9.22029E-05
   11123.985   1193.443  17.750  1.71376E-04  1.71350E-04  1.47696E-04
   11130.757   1200.216  17.800  1.71088E-04  1.71055E-04  1.94458E-04
   11137.548   1207.007  17.850  1.70802E-04  1.70762E-04  2.30485E-04
   11144.359   1213.817  17.900  1.70507E-04  1.70463E-04  2.54524E-04
   11151.188   1220.647  17.950  1.70210E-04  1.70165E-04  2.65818E-04
   11158.036   1227.495  18.000  1.69918E-04  1.69873E-04  2.64341E-04
   11164.904   1234.363  18.050  1.69609E-04  1.69566E-04  2.50813E-04
   11171.790   1241.249  18.100  1.69304E-04  1.69266E-04  2.26486E-04
   11178.696   1248.155  18.150  1.68999E-04  1.68966E-04  1.93005E-04
   11185.621   1255.079  18.200  1.68692E-04  1.68667E-04  1.52628E-04
   11192.564   1262.023  18.250  1.68385E-04  1.68367E-04  1.07694E-04
   11199.527   1268.986  18.300  1.68078E-04  1.68067E-04  6.05649E-05
   11206.509   1275.968  18.350  1.67770E-04  1.67768E-04  1.36409E-05
   11213.510   1282.968  18.400  1.67464E-04  1.67469E-04 -3.09687E-05
   11220.530   1289.988  18.450  1.67158E-04  1.67170E-04 -7.13596E-05
   11227.569   1297.027  18.500  1.66861E-04  1.66879E-04 -1.06129E-04
   11234.627   1304.085  18.550  1.66561E-04  1.66583E-04 -1.34170E-04
   11241.704   1311.162  18.600  1.66268E-04  1.66294E-04 -1.54797E-04
   11248.800   1318.258  18.650  1.65977E-04  1.66005E-04 -1.67700E-04
   11255.915   1325.374  18.700  1.65695E-04  1.65724E-04 -1.72978E-04
   11263.049   1332.508  18.750  1.65408E-04  1.65436E-04 -1.70972E-04
   11270.202   1339.661  18.800  1.65129E-04  1.65156E-04 -1.62167E-04
   11277.375   1346.833  18.850  1.64853E-04  1.64877E-04 -1.47403E-04
   11284.566   1354.025  18.900  1.64585E-04  1.64606E-04 -1.27657E-04
   11291.776   1361.235  18.950  1.64314E-04  1.64331E-04 -1.03835E-04
   11299.006   1368.465  19.000  1.64047E-04  1.64059E-04 -7.70999E-05
   11306.254   1375.713  19.050  1.63781E-04  1.63789E-04 -4.86135E-05
   11313.522   1382.981  19.100  1.63519E-04  1.63522E-04 -1.94841E-05
   11320.808   1390.267  19.150  1.63256E-04  1.63254E-04  9.14883E-06
   11328.114   1397.573  19.200  1.62992E-04  1.62986E-04  3.61600E-05
   11335.439   1404.898  19.250  1.62735E-04  1.62725E-04  6.04908E-05
   11342.783   1412.241  19.300  1.62471E-04  1.62457E-04  8.12320E-05
   11350.145   1419.604  19.350  1.62211E-04  1.62195E-04  9.76795E-05
   11357.527   1426.986  19.400  1.61946E-04  1.61928E-04  1.09157E-04
   11364.928   1434.387  19.450  1.61680E-04  1.61661E-04  1.15433E-04
   11372.348   1441.807  19.500  1.61417E-04  1.61399E-04  1.16354E-04
   11379.787   1449.246  19.550  1.61148E-04  1.61130E-04  1.12162E-04
   11387.245   1456.704  19.600  1.60878E-04  1.60862E-04  1.03254E-04
   11394.722   1464.181  19.650  1.60608E-04  1.60593E-04  9.03521E-05
   11402.218   1471.677  19.700  1.60331E-04  1.60319E-04  7.42816E-05
   11409.733   1479.192  19.750  1.60057E-04  1.60048E-04  5.60369E-05
   11417.268   1486.726  19.800  1.59777E-04  1.59771E-04  3.66586E-05
   11424.821   1494.280  19.850  1.59498E-04  1.59495E-04  1.71183E-05
   11432.393   1501.852  19.900  1.59219E-04  1.59220E-04 -1.68076E-06
   11439.985   1509.443  19.950  1.58943E-04  1.58946E-04 -1.89123E-05
