# r  chir_mag  chir_re  chir_im
0.000000000000000000e+00 5.424186240206572973e-02 -5.424186240206572973e-02 0.000000000000000000e+00
3.067961575771282340e-02 5.658383451216619786e-02 -5.658361734179367247e-02 1.567693135702535195e-04
6.135923151542564680e-02 6.253583848400259826e-02 -6.243049805355019299e-02 3.628223764175185235e-03
9.203884727313846326e-02 6.986143140503027482e-02 -6.878018568480452621e-02 1.224359649464002754e-02
1.227184630308512936e-01 7.654686841460561775e-02 -7.216024963830358629e-02 2.554058410100787727e-02
1.533980787885641239e-01 8.128260018531752173e-02 -7.018087862136483668e-02 4.100616257124575087e-02
1.840776945462769265e-01 8.347374948577357401e-02 -6.257202145655801906e-02 5.525042066856799411e-02
2.147573103039897569e-01 8.320688590267853735e-02 -5.122640273909334629e-02 6.556860166294209424e-02
2.454369260617025872e-01 8.125976334584937566e-02 -3.922775753832006412e-02 7.116412142040551281e-02
2.761165418194154175e-01 7.909043322875541904e-02 -2.931478440223909965e-02 7.345706258599275784e-02
3.067961575771282479e-01 7.861054889265206569e-02 -2.249928585365455064e-02 7.532197908498940164e-02
3.374757733348410782e-01 8.149625161517289051e-02 -1.749610709508909664e-02 7.959601286396662811e-02
3.681553890925538530e-01 8.826627574887069283e-02 -1.125626753998439609e-02 8.754559883651474861e-02
3.988350048502666834e-01 9.801596175278956546e-02 -3.868325323302597733e-04 9.801519840777876691e-02
4.295146206079795137e-01 1.090442572212503569e-01 1.717719733487522646e-02 1.076828395086838613e-01
4.601942363656923440e-01 1.195995112592287829e-01 4.101823275701563243e-02 1.123456615759490795e-01
4.908738521234051744e-01 1.282809857538288190e-01 6.815093835310892523e-02 1.086805452119411070e-01
5.215534678811180047e-01 1.341943881370921410e-01 9.408224773282512776e-02 9.569046174529545479e-02
5.522330836388308350e-01 1.370274495190930697e-01 1.145689213680775725e-01 7.516970252876392644e-02
5.829126993965436654e-01 1.371130545700255110e-01 1.272941053186731064e-01 5.095292420108339659e-02
6.135923151542564957e-01 1.354741074732983275e-01 1.327024588222142920e-01 2.726336769779739988e-02
6.442719309119693261e-01 1.337788287631695439e-01 1.336010304594336395e-01 6.894902858121452864e-03
6.749515466696821564e-01 1.340596807518178724e-01 1.336902651227476757e-01 -9.945401685641586456e-03
7.056311624273949867e-01 1.380776542056523504e-01 1.356849095417042572e-01 -2.559382569283522382e-02
7.363107781851077061e-01 1.465514133538461106e-01 1.398879089429707623e-01 -4.368855327855317161e-02
7.669903939428205364e-01 1.588456051521084378e-01 1.438889478231689667e-01 -6.728964980203790136e-02
7.976700097005333667e-01 1.733794897250466871e-01 1.435493240594004072e-01 -9.723188273095823009e-02
8.283496254582461971e-01 1.883373179504326533e-01 1.348327196891909441e-01 -1.314955627919757175e-01
8.590292412159590274e-01 2.022348830995599200e-01 1.156249300139384484e-01 -1.659211363918548510e-01
8.897088569736718577e-01 2.142660713804249162e-01 8.665784233925002966e-02 -1.959601176410828427e-01
9.203884727313846881e-01 2.245171701377965956e-01 5.104533972319643537e-02 -2.186374464249611627e-01
9.510680884890975184e-01 2.340868905778267228e-01 1.258867020348513645e-02 -2.337481502020995749e-01
9.817477042468103487e-01 2.450405555396220625e-01 -2.637495249354736976e-02 -2.436169857381248471e-01
1.012427320004523068e+00 2.600491069600350813e-01 -6.651597905110859243e-02 -2.513984139997391676e-01
1.043106935762236009e+00 2.816481729956403779e-01 -1.115765096823015251e-01 -2.586046709533635357e-01
1.073786551519948729e+00 3.113776422204883598e-01 -1.667027010887225658e-01 -2.629947633024552478e-01
1.104466167277661670e+00 3.493110053176962104e-01 -2.355839171050727321e-01 -2.579116058603989625e-01
1.135145783035374389e+00 3.942158063581109873e-01 -3.175456094342398727e-01 -2.336041264866971501e-01
1.165825398793087331e+00 4.440958950484652501e-01 -4.058785558413054440e-01 -1.802325217797101919e-01
1.196505014550800050e+00 4.967537399176921165e-01 -4.882558582566366989e-01 -9.149040933501820239e-02
1.227184630308512991e+00 5.502145085852226947e-01 -5.492502218215293830e-01 3.256070156920518044e-02
1.257864246066225711e+00 6.030179308592105158e-01 -5.740733641317939950e-01 1.845816825476683243e-01
1.288543861823938652e+00 6.544175995000276469e-01 -5.521196756273968331e-01 3.513207342592757909e-01
1.319223477581651371e+00 7.045008120604898672e-01 -4.789756239712305019e-01 5.166272794145312375e-01
1.349903093339364313e+00 7.542097477414934081e-01 -3.562553810487021910e-01 6.647664605424457029e-01
1.380582709097077032e+00 8.052265611953061120e-01 -1.896536571642314650e-01 7.825735142327844285e-01
1.411262324854789973e+00 8.596919012754904443e-01 1.349889141594240276e-02 8.595859148736724187e-01
1.441941940612502693e+00 9.197672634419262749e-01 2.455811354687261472e-01 8.863756115786020073e-01
1.472621556370215412e+00 9.871187819980833389e-01 4.978211646997773854e-01 8.523952004500827684e-01
1.503301172127928353e+00 1.062455968770846360e+00 7.572787230867461528e-01 7.452124671104911613e-01
1.533980787885641073e+00 1.145255649766280026e+00 1.003072783282735747e+00 5.526802825857005663e-01
1.564660403643354014e+00 1.233730118138401055e+00 1.204185050758786346e+00 2.683810126123910011e-01
1.595340019401066733e+00 1.325007308306845211e+00 1.321153076065356480e+00 -1.009896859565244526e-01
1.626019635158779675e+00 1.415437392245831205e+00 1.312832388617587442e+00 -5.290880179746262346e-01
1.656699250916492394e+00 1.500940088802107608e+00 1.147452009789596605e+00 -9.675613858578143711e-01
1.687378866674205335e+00 1.577336230642562898e+00 8.151082081646251476e-01 -1.350402974478486007e+00
1.718058482431918055e+00 1.640637447822155037e+00 3.374893108383180129e-01 -1.605550435291981604e+00
1.748738098189630996e+00 1.687286588106307716e+00 -2.293275702646540570e-01 -1.671629413452615509e+00
1.779417713947343715e+00 1.714349251552775621e+00 -8.015201320346991842e-01 -1.515440145384383319e+00
1.810097329705056657e+00 1.719658405527291878e+00 -1.283277067893574097e+00 -1.144737960722513659e+00
1.840776945462769376e+00 1.701913464139912735e+00 -1.588217301553777050e+00 -6.116169082570866999e-01
1.871456561220482318e+00 1.660734549356161605e+00 -1.660728998517134514e+00 -4.293822246988381226e-03
1.902136176978195037e+00 1.596672623197439744e+00 -1.490921083096522270e+00 5.714173515448115470e-01
1.932815792735907978e+00 1.511176843551651050e+00 -1.118384453961077218e+00 1.016302939887961720e+00
1.963495408493620697e+00 1.406521659371662514e+00 -6.231475646979468541e-01 1.260948171374475457e+00
1.994175024251333417e+00 1.285697589299051202e+00 -1.060753952245070131e-01 1.281314286838852068e+00
2.024854640009046136e+00 1.152271116034419896e+00 3.357843953488758859e-01 1.102260207340987730e+00
2.055534255766759077e+00 1.010220528282197439e+00 6.318695821420032832e-01 7.882171952745334886e-01
2.086213871524472019e+00 8.637557829231904405e-01 7.524631562946632046e-01 4.241146672214096136e-01
2.116893487282184960e+00 7.171316169046041411e-01 7.111419253124358075e-01 9.249279986644429186e-02
2.147573103039897457e+00 5.744646634611405567e-01 5.554951058519430607e-01 -1.464064101740771562e-01
2.178252718797610399e+00 4.395689689460651195e-01 3.498489305776812386e-01 -2.661326816344800616e-01
2.208932334555323340e+00 3.158374116129049614e-01 1.558779755735584527e-01 -2.746913309615515719e-01
2.239611950313036282e+00 2.062579904439245382e-01 1.706946608169922566e-02 -2.055504608354157547e-01
2.270291566070748779e+00 1.140627687767849507e-01 -4.886720361816470487e-02 -1.030645993130868410e-01
2.300971181828461720e+00 4.920287730223635997e-02 -4.860326391062628343e-02 -7.658059287635403389e-03
2.331650797586174662e+00 5.476898201590275905e-02 -4.835511474765452448e-03 5.455510260127545419e-02
2.362330413343887603e+00 9.318238006476689539e-02 5.498415120619314089e-02 7.523097148561326553e-02
2.393010029101600100e+00 1.242559124336673343e-01 1.084552431454416099e-01 6.063820585230360327e-02
2.423689644859313042e+00 1.455539616003106163e-01 1.434794341279299890e-01 2.448688873404911495e-02
2.454369260617025983e+00 1.593345576483404247e-01 1.581192338395474573e-01 -1.964202512438125575e-02
2.485048876374738480e+00 1.687546575304954832e-01 1.564827486081865060e-01 -6.317660822062169668e-02
2.515728492132451422e+00 1.767709207681433248e-01 1.434205792806561575e-01 -1.033368079051130151e-01
2.546408107890164363e+00 1.852850746622317080e-01 1.208446394057352685e-01 -1.404533090371551107e-01
2.577087723647877304e+00 1.946356273699846595e-01 8.728243638462043763e-02 -1.739678238654269182e-01
2.607767339405589802e+00 2.037099491230293380e-01 4.048386001144620161e-02 -1.996466890541409023e-01
2.638446955163302743e+00 2.105450177787177024e-01 -1.866784726120906956e-02 -2.097157981413720618e-01
2.669126570921015684e+00 2.130087921197760248e-01 -8.333800560068921337e-02 -1.960293915279681942e-01
2.699806186678728626e+00 2.092930448672729593e-01 -1.408874646237091577e-01 -1.547717704935800687e-01
2.730485802436441123e+00 1.981884727502786214e-01 -1.764234787228973478e-01 -9.029632819998455184e-02
2.761165418194154064e+00 1.792207170614888434e-01 -1.785108681467950376e-01 -1.593534993377273765e-02
2.791845033951867006e+00 1.527461952445118010e-01 -1.446303028929828982e-01 4.912713757953481725e-02
2.822524649709579947e+00 1.201722379233937377e-01 -8.385001879555355198e-02 8.608449985625792056e-02
2.853204265467292444e+00 8.490682886025913145e-02 -1.518731829137106790e-02 8.353750624852240847e-02
2.883883881225005386e+00 5.708572533047152897e-02 3.813011788497532029e-02 4.248381040565834404e-02
2.914563496982718327e+00 6.102926896728642220e-02 5.655889919661389459e-02 -2.292733286600641407e-02
2.945243112740430824e+00 9.480514380428134436e-02 3.134641673926524125e-02 -8.947299843728709345e-02
2.975922728498143766e+00 1.362528531608012961e-01 -3.192306492787832378e-02 -1.324604013283567916e-01
3.006602344255856707e+00 1.765483850005904742e-01 -1.148149620269431487e-01 -1.341150876712546569e-01
3.037281960013569648e+00 2.120013463933423381e-01 -1.921174223075771126e-01 -8.964076594096015427e-02
3.067961575771282146e+00 2.404422919645964052e-01 -2.402850647722045430e-01 -8.693872129591405373e-03
3.098641191528995087e+00 2.605244456396736408e-01 -2.451275069304264254e-01 8.823543574966348502e-02
3.129320807286708028e+00 2.716089811859001557e-01 -2.059308738002089967e-01 1.770985993076315823e-01
3.160000423044420970e+00 2.737905390009697792e-01 -1.346099601916095345e-01 2.384143826694498369e-01
3.190680038802133467e+00 2.679728419935800687e-01 -5.042584554550461756e-02 2.631856343859541592e-01
3.221359654559846408e+00 2.559787242730868217e-01 2.750580193412346594e-02 2.544966367959266007e-01
3.252039270317559350e+00 2.406780815676647367e-01 8.691379163625810589e-02 2.244369215848867061e-01
3.282718886075272291e+00 2.260286015359851686e-01 1.257054955393119011e-01 1.878484950792238539e-01
3.313398501832984788e+00 2.166870115916126605e-01 1.508047838828338039e-01 1.555994156497879366e-01
3.344078117590697730e+00 2.166820673002919362e-01 1.732186973687164788e-01 1.301783437112842556e-01
3.374757733348410671e+00 2.274536456353580816e-01 2.015758374207331227e-01 1.053676548137293389e-01
3.405437349106123612e+00 2.470861188490289517e-01 2.369555575744937415e-01 7.002580854540166322e-02
3.436116964863836110e+00 2.716226405981085334e-01 2.712458981851419426e-01 1.430110496517096250e-02
3.466796580621549051e+00 2.968532702580077287e-01 2.897829766703737264e-01 -6.440256590331948361e-02
3.497476196379261992e+00 3.192508646383017124e-01 2.772469652521058481e-01 -1.582884545088518724e-01
3.528155812136974490e+00 3.361837124057275306e-01 2.244387205264013474e-01 -2.502933263500423666e-01
3.558835427894687431e+00 3.458597909624795408e-01 1.331731954924209871e-01 -3.191925672802351510e-01
3.589515043652400372e+00 3.472257915447080068e-01 1.724476585567321502e-02 -3.467973015529850489e-01
3.620194659410113314e+00 3.398776661406563981e-01 -1.010528557253405207e-01 -3.245075473559482782e-01
3.650874275167825811e+00 3.239845937801382747e-01 -1.976462404590583199e-01 -2.567138107684923676e-01
3.681553890925538752e+00 3.002193684433580589e-01 -2.541945428928189532e-01 -1.597397995242250124e-01
3.712233506683251694e+00 2.696920429593947510e-01 -2.636629450330679192e-01 -5.670669671301091508e-02
3.742913122440964635e+00 2.338913416544432244e-01 -2.319866926962406706e-01 2.978815390009077052e-02
3.773592738198677132e+00 1.946520491297831779e-01 -1.753424833440669905e-01 8.452475238153091264e-02
3.804272353956390074e+00 1.542006141095738636e-01 -1.141670737263639629e-01 1.036518628319273577e-01
3.834951969714103015e+00 1.154345236188056983e-01 -6.619936483390100046e-02 9.456623783723597243e-02
3.865631585471815956e+00 8.287560484385252113e-02 -4.106041552985748022e-02 7.198894467034387679e-02
3.896311201229528454e+00 6.443950721223846989e-02 -3.817643303449125280e-02 5.191348621041682460e-02
3.926990816987241395e+00 6.668992453744269910e-02 -4.850881826023843019e-02 4.576505856879198308e-02
3.957670432744954336e+00 8.203022092159745204e-02 -5.912491384621040846e-02 5.686124960923987642e-02
3.988350048502666834e+00 9.940993545924808883e-02 -5.867043577321463810e-02 8.025032856127733982e-02
4.019029664260379775e+00 1.135630404127966619e-01 -4.163000635353586443e-02 1.056574972200413770e-01
4.049709280018092272e+00 1.225272744313123524e-01 -9.898936725261854586e-03 1.221267539537320007e-01
4.080388895775805658e+00 1.257394565778565398e-01 2.866256884433685675e-02 1.224290328628725166e-01
4.111068511533518155e+00 1.233710671183465973e-01 6.383995788572453811e-02 1.055693136241232649e-01
4.141748127291231540e+00 1.160937555084912143e-01 8.722976062573790934e-02 7.660762970645809689e-02
4.172427743048944038e+00 1.049994238852031136e-01 9.527895848807424461e-02 4.412254622811771776e-02
4.203107358806656535e+00 9.161276526195084868e-02 9.010743959923568636e-02 1.653928921723673076e-02
4.233786974564369920e+00 7.800011916069787832e-02 7.799215617301209769e-02 -1.114524368311361211e-03
4.264466590322082418e+00 6.690679194620091641e-02 6.633004019266805495e-02 -8.766103842144240543e-03
4.295146206079794915e+00 6.137353255871577651e-02 6.043595870889757055e-02 -1.068669236350392772e-02
4.325825821837508300e+00 6.287708051890619765e-02 6.148864833709206945e-02 -1.314052435249206223e-02
4.356505437595220798e+00 6.973407273147498586e-02 6.637282960788408459e-02 -2.138897822621332878e-02
4.387185053352934183e+00 7.875025981719302459e-02 6.934367795468109053e-02 -3.732368884492640038e-02
4.417864669110646680e+00 8.733652951571019285e-02 6.470804706509129811e-02 -5.865609970728063310e-02
4.448544284868359178e+00 9.391532530207928609e-02 4.936170428837023672e-02 -7.989687400857972688e-02
4.479223900626072563e+00 9.765537245157399071e-02 2.415852885634904232e-02 -9.461996222865758088e-02
4.509903516383785060e+00 9.822929974188782110e-02 -6.373836946997871525e-03 -9.802229098707461452e-02
4.540583132141497558e+00 9.567195390970514857e-02 -3.576156193630623814e-02 -8.873687763707081844e-02
4.571262747899210943e+00 9.029995392391756970e-02 -5.798212755805687291e-02 -6.922538958000062914e-02
4.601942363656923440e+00 8.266480372527318377e-02 -6.954448780816169240e-02 -4.468818625138402945e-02
4.632621979414635938e+00 7.352983362812109958e-02 -7.046038147682928687e-02 -2.102310813174070384e-02
4.663301595172349323e+00 6.387007285746719443e-02 -6.381287049422906810e-02 -2.702548076337709521e-03
4.693981210930061820e+00 5.488368328637262261e-02 -5.420646771945373393e-02 8.595204968974156506e-03
4.724660826687775206e+00 4.793447491304374253e-02 -4.580485350680767176e-02 1.412902262752485129e-02
4.755340442445487703e+00 4.419789312406107590e-02 -4.076998438257049134e-02 1.706640354763955258e-02
4.786020058203200200e+00 4.392772751392964858e-02 -3.869056668744745575e-02 2.080108876819271660e-02
4.816699673960913586e+00 4.613011987331994135e-02 -3.714378204082907642e-02 2.735557375070481537e-02
4.847379289718626083e+00 4.926177698929486148e-02 -3.306605162897327532e-02 3.651518727616078624e-02
4.878058905476338580e+00 5.202273699601116935e-02 -2.430584653926223804e-02 4.599555400868635818e-02
4.908738521234051966e+00 5.358440765356781849e-02 -1.070302849664900476e-02 5.250460860328031582e-02
4.939418136991764463e+00 5.351436442279201844e-02 5.724032397713988037e-03 5.320735524986473786e-02
4.970097752749476960e+00 5.166366473398042308e-02 2.151454158021331303e-02 4.697082875933109719e-02
5.000777368507190346e+00 4.808367598441202345e-02 3.308255973138521377e-02 3.489389828885920003e-02
5.031456984264902843e+00 4.297015084005211677e-02 3.806247398918015390e-02 1.994196422220780723e-02
5.062136600022616229e+00 3.662577165558145859e-02 3.615212116450165769e-02 5.871225142505190689e-03
5.092816215780328726e+00 2.944021350359294145e-02 2.915240582562445004e-02 -4.106507727404617135e-03
5.123495831538041223e+00 2.190559028010745021e-02 2.023252332338717693e-02 -8.396420992811872569e-03
5.154175447295754608e+00 1.475945283631833332e-02 1.274407201605104629e-02 -7.445137774226204090e-03
5.184855063053467106e+00 9.673318647960421623e-03 9.054130645779343706e-03 -3.405262385505434912e-03
5.215534678811179603e+00 9.853427369248348583e-03 9.822670970623803913e-03 7.779241119266248027e-04
5.246214294568892988e+00 1.416591985964739918e-02 1.394775028061800981e-02 2.476600003931353749e-03
5.276893910326605486e+00 1.913663467608500701e-02 1.913473800189449681e-02 2.694222054578735977e-04
5.307573526084318871e+00 2.351906639056858955e-02 2.282157480251566922e-02 -5.685262299767260448e-03
5.338253141842031368e+00 2.693505538187703982e-02 2.309144097379280114e-02 -1.386659879633886025e-02
5.368932757599743866e+00 2.927201481294646954e-02 1.925189332700532815e-02 -2.205029375167063752e-02
5.399612373357457251e+00 3.054201858920249993e-02 1.192056624514849054e-02 -2.811965504586103060e-02
5.430291989115169748e+00 3.083733229731850517e-02 2.657509236022308641e-03 -3.072260906686961890e-02
5.460971604872882246e+00 3.030850543766260008e-02 -6.657335260647979230e-03 -2.956831731925502540e-02
5.491651220630595631e+00 2.914804329393844845e-02 -1.444070554162654556e-02 -2.531944808492764959e-02
5.522330836388308128e+00 2.757442060374292250e-02 -1.980025720332240571e-02 -1.919110435369474760e-02
5.553010452146020626e+00 2.581367090316521659e-02 -2.260919468630185475e-02 -1.245672192568407846e-02
5.583690067903734011e+00 2.407633696585387631e-02 -2.330118005059120950e-02 -6.060116330836571620e-03
5.614369683661446508e+00 2.252931068976574136e-02 -2.252471222304104972e-02 -4.551696663642441714e-04
5.645049299419159894e+00 2.126735561477975656e-02 -2.082447446618165485e-02 4.317600960354301722e-03
5.675728915176872391e+00 2.029636453109139038e-02 -1.847404901156855100e-02 8.405470022378748116e-03
5.706408530934584888e+00 1.954097545253826243e-02 -1.549798538205236775e-02 1.190219184580697254e-02
5.737088146692298274e+00 1.887647498970719540e-02 -1.183296780451156306e-02 1.470721526919470910e-02
5.767767762450010771e+00 1.816946589383317337e-02 -7.524176145011662875e-03 1.653832712840099667e-02
5.798447378207723268e+00 1.731001627890844594e-02 -2.851239179366699648e-03 1.707357896628939470e-02
5.829126993965436654e+00 1.622847389879178426e-02 1.677729369186048468e-03 1.614151756333761720e-02
5.859806609723149151e+00 1.489972529655748251e-02 5.459761039087462908e-03 1.386336262632329765e-02
5.890486225480861648e+00 1.334076026192515529e-02 7.996637031711438179e-03 1.067846808063884281e-02
5.921165841238575034e+00 1.160670859813717724e-02 9.072640876986726166e-03 7.238982801423208754e-03
5.951845456996287531e+00 9.789666910476835238e-03 8.835395436411881687e-03 4.215846973066876731e-03
5.982525072754000917e+00 8.025158945747429273e-03 7.747406677325751993e-03 2.093051810309133013e-03
