# r  chir_mag  chir_re  chir_im
0.000000000000000000e+00 2.552341525469208039e-04 2.552341525469208039e-04 0.000000000000000000e+00
3.067961575771282340e-02 2.400498567148682053e-02 -8.903652294667097761e-03 -2.229269640272250538e-02
6.135923151542564680e-02 4.640944702321186943e-02 -3.248531592589785910e-02 -3.314424568752342981e-02
9.203884727313846326e-02 6.571258770460745857e-02 -6.041202855169514052e-02 -2.585596621874527642e-02
1.227184630308512936e-01 8.059646519645773111e-02 -8.058658819237497772e-02 -1.261747073066459696e-03
1.533980787885641239e-01 9.001004596035402927e-02 -8.390280013754672361e-02 3.259031302187710699e-02
1.840776945462769265e-01 9.323675763387098692e-02 -6.803785218211920449e-02 6.374906779335128004e-02
2.147573103039897569e-01 8.994670136861249166e-02 -3.844743030023167751e-02 8.131546095548608521e-02
2.454369260617025872e-01 8.023477255413340170e-02 -6.122785027660376973e-03 8.000081393535053709e-02
2.761165418194154175e-01 6.465947669255860120e-02 1.699735893620297339e-02 6.238539665137515788e-02
3.067961575771282479e-01 4.437331619364764945e-02 2.308076490667607464e-02 3.789814614653576330e-02
3.374757733348410782e-01 2.227406162603618248e-02 1.181364720501491827e-02 1.888310252675393444e-02
3.681553890925538530e-01 1.793806408453011217e-02 -9.298495957669208195e-03 1.533988644110244499e-02
3.988350048502666834e-01 4.138113512060828669e-02 -2.794704802314804462e-02 3.051820523330127724e-02
4.295146206079795137e-01 6.742225086445539917e-02 -3.217677308136440012e-02 5.924875682830770679e-02
4.601942363656923440e-01 9.114274044174978939e-02 -1.557293446519206204e-02 8.980246570877108148e-02
4.908738521234051744e-01 1.103885503084415937e-01 1.971304737390490794e-02 1.086141234022238861e-01
5.215534678811180047e-01 1.235254225666471001e-01 6.346004992960410651e-02 1.059780735963854192e-01
5.522330836388308350e-01 1.293119756647113094e-01 1.013244928448612525e-01 8.034260513602077547e-02
5.829126993965436654e-01 1.269536268208257546e-01 1.207092075839860945e-01 3.932569856223339100e-02
6.135923151542564957e-01 1.161916242603062421e-01 1.161497213924915645e-01 -3.120219334401526032e-03
6.442719309119693261e-01 9.744469121445656357e-02 9.191272570253856966e-02 -3.236539355253841704e-02
6.749515466696821564e-01 7.221488550246116245e-02 6.057571639993305362e-02 -3.931376693689447172e-02
7.056311624273949867e-01 4.524550886128344412e-02 3.799891592892332831e-02 -2.456091326362062205e-02
7.363107781851077061e-01 3.667105266935309638e-02 3.664572616677787276e-02 1.362665618558214732e-03
7.669903939428205364e-01 6.389133366574722972e-02 5.999991879438158066e-02 2.195705495405662552e-02
7.976700097005333667e-01 1.027598911994857395e-01 1.004953475705208099e-01 2.145414542717476170e-02
8.283496254582461971e-01 1.422531240274586273e-01 1.420020567647543031e-01 -8.447909217731027626e-03
8.590292412159590274e-01 1.781778781648195031e-01 1.660304163749190820e-01 -6.466264072622042447e-02
8.897088569736718577e-01 2.076936429746276958e-01 1.591956943329506380e-01 -1.333918297270184072e-01
9.203884727313846881e-01 2.286227335963093299e-01 1.188322427686123867e-01 -1.953132161315014048e-01
9.510680884890975184e-01 2.394946148950216624e-01 5.428913149136698618e-02 -2.332602854444532359e-01
9.817477042468103487e-01 2.397997371710289816e-01 -1.682724538619715174e-02 -2.392086072030170374e-01
1.012427320004523068e+00 2.304375162815078260e-01 -7.605649525353812279e-02 -2.175243858507333317e-01
1.043106935762236009e+00 2.145007955690516055e-01 -1.120745664199496588e-01 -1.828930913444692385e-01
1.073786551519948729e+00 1.985166134014839656e-01 -1.257905938020695835e-01 -1.535759496383368450e-01
1.104466167277661670e+00 1.931439560928288057e-01 -1.301343285415221263e-01 -1.427222628402302351e-01
1.135145783035374389e+00 2.092138798940970379e-01 -1.442999085358052103e-01 -1.514859199295429948e-01
1.165825398793087331e+00 2.490530873529883948e-01 -1.846351186485853668e-01 -1.671445879521023248e-01
1.196505014550800050e+00 3.058871041538614444e-01 -2.559927607611873213e-01 -1.674354410675971405e-01
1.227184630308512991e+00 3.708382962119825543e-01 -3.474293299855637507e-01 -1.296684333335927086e-01
1.257864246066225711e+00 4.364331980336541572e-01 -4.345061932498843205e-01 -4.096711331515718452e-02
1.288543861823938652e+00 4.968332735347188445e-01 -4.877081761276955696e-01 9.478415811421982140e-02
1.319223477581651371e+00 5.475970350576544465e-01 -4.837588145204752554e-01 2.565929113940572659e-01
1.349903093339364313e+00 5.857236886182064506e-01 -4.150792884099575031e-01 4.132570915805328648e-01
1.380582709097077032e+00 6.100079385112735508e-01 -2.930797921487372504e-01 5.349896452089766274e-01
1.411262324854789973e+00 6.216810049233199020e-01 -1.433629915668572230e-01 6.049250569545537859e-01
1.441941940612502693e+00 6.253024211165508772e-01 5.615479643390378778e-03 6.252772059195785825e-01
1.472621556370215412e+00 6.296335944207090973e-01 1.357644210252010875e-01 6.148223200298066349e-01
1.503301172127928353e+00 6.475162691821864103e-01 2.484142293529358059e-01 5.979696392883210310e-01
1.533980787885641073e+00 6.930538304409377126e-01 3.643322083577508197e-01 5.895639522918786346e-01
1.564660403643354014e+00 7.760615017493580625e-01 5.132743053020162316e-01 5.820832775593208774e-01
1.595340019401066733e+00 8.980400243056255727e-01 7.161829036897057188e-01 5.418098686046889378e-01
1.626019635158779675e+00 1.053252506872658589e+00 9.669304172324233448e-01 4.175959907186265752e-01
1.656699250916492394e+00 1.232418675391726337e+00 1.221866742060234490e+00 1.609268656918595164e-01
1.687378866674205335e+00 1.425428791325312750e+00 1.403498004987229653e+00 -2.490794835710255783e-01
1.718058482431918055e+00 1.622483851259205467e+00 1.419808820916401704e+00 -7.852367538805612446e-01
1.748738098189630996e+00 1.814438439763121469e+00 1.194655161202874183e+00 -1.365644865073407210e+00
1.779417713947343715e+00 1.992917494573180237e+00 6.995812093279137889e-01 -1.866093853944955194e+00
1.810097329705056657e+00 2.150418295504247013e+00 -2.455275185502489230e-02 -2.150278123410024556e+00
1.840776945462769376e+00 2.280439053533313221e+00 -8.655323707431764602e-01 -2.109799988642433011e+00
1.871456561220482318e+00 2.377622439743388494e+00 -1.660799794795857709e+00 -1.701420732087551624e+00
1.902136176978195037e+00 2.437892438871268830e+00 -2.237198813446426904e+00 -9.686387420600123255e-01
1.932815792735907978e+00 2.458565274089956176e+00 -2.458257601748764287e+00 -3.889434927386533486e-02
1.963495408493620697e+00 2.438420070816694984e+00 -2.264377494904125765e+00 9.047027148922524020e-01
1.994175024251333417e+00 2.377719859208731190e+00 -1.692741116154037107e+00 1.669784190414190350e+00
2.024854640009046136e+00 2.278177975807377020e+00 -8.697990703729056028e-01 2.105598363086423674e+00
2.055534255766759077e+00 2.142868908672362682e+00 2.210814134459988117e-02 2.142754859950379398e+00
2.086213871524472019e+00 1.976086182941928504e+00 7.940445506454609781e-01 1.809533048607913308e+00
2.116893487282184960e+00 1.783153022843017466e+00 1.300566667767833140e+00 1.219902063923766544e+00
2.147573103039897457e+00 1.570194261897134735e+00 1.475335828760582446e+00 5.374888021810441119e-01
2.178252718797610399e+00 1.343880379933392488e+00 1.341914265737901069e+00 -7.266759235745506862e-02
2.208932334555323340e+00 1.111156957182268812e+00 9.976697796967395337e-01 -4.892083341219951031e-01
2.239611950313036282e+00 8.789765426469422493e-01 5.774269650108212470e-01 -6.627049589387147277e-01
2.270291566070748779e+00 6.540603914799898444e-01 2.096704053016479052e-01 -6.195428289017639312e-01
2.300971181828461720e+00 4.427638593555863755e-01 -2.029626837535258160e-02 -4.422984248688764941e-01
2.331650797586174662e+00 2.514346796285726882e-01 -8.915531090846764983e-02 -2.350972748815635949e-01
2.362330413343887603e+00 9.247285048761261228e-02 -3.211729342171423113e-02 -8.671624726986210119e-02
2.393010029101600100e+00 9.053279048024129305e-02 7.921641300533091568e-02 -4.382859868519763114e-02
2.423689644859313042e+00 1.967338998716817167e-01 1.681050315849749732e-01 -1.022004193461820559e-01
2.454369260617025983e+00 2.825519934502866981e-01 1.812837608798986144e-01 -2.167298480689048845e-01
2.485048876374738480e+00 3.412420619063669669e-01 1.053033798707318086e-01 -3.245879588060979204e-01
2.515728492132451422e+00 3.732367479188957171e-01 -3.372362327947107941e-02 -3.717100849183105349e-01
2.546408107890164363e+00 3.806591463146718479e-01 -1.849218863952964698e-01 -3.327240322023941599e-01
2.577087723647877304e+00 3.666441224879009031e-01 -2.949261566471703677e-01 -2.178221170594291101e-01
2.607767339405589802e+00 3.350620032692800399e-01 -3.285914128512846255e-01 -6.553037032719731536e-02
2.638446955163302743e+00 2.903310620557011390e-01 -2.806419101820944451e-01 7.437905514146191110e-02
2.669126570921015684e+00 2.373196254601684929e-01 -1.749157456530784638e-01 1.603904191377471811e-01
2.699806186678728626e+00 1.814796153453575034e-01 -5.284111786008249129e-02 1.736164365755610006e-01
2.730485802436441123e+00 1.296926140778859038e-01 4.336163053784439919e-02 1.222290601430565254e-01
2.761165418194154064e+00 9.288386966561693048e-02 8.587148640884327555e-02 3.540481698858443521e-02
2.791845033951867006e+00 8.533304349670359223e-02 6.934177801700731891e-02 -4.973375246098355601e-02
2.822524649709579947e+00 1.028884937124212862e-01 9.678371269396324542e-03 -1.024322764951686587e-01
2.853204265467292444e+00 1.262463028086347749e-01 -6.485217042686455824e-02 -1.083158573975870897e-01
2.883883881225005386e+00 1.448791097797370586e-01 -1.258011281429219641e-01 -7.186120377879308407e-02
2.914563496982718327e+00 1.553051123365077335e-01 -1.548847785549798961e-01 -1.141855025080385291e-02
2.945243112740430824e+00 1.569966490546432503e-01 -1.487487652782422676e-01 5.021705529583760097e-02
2.975922728498143766e+00 1.509835594602188524e-01 -1.171016218147985649e-01 9.530606169400419880e-02
3.006602344255856707e+00 1.394258119846210342e-01 -7.598109775992145654e-02 1.169035064947504254e-01
3.037281960013569648e+00 1.254919262647106459e-01 -3.968217735836269272e-02 1.190527125173005962e-01
3.067961575771282146e+00 1.131980730129901053e-01 -1.497636586773963205e-02 1.122029955003423368e-01
3.098641191528995087e+00 1.065661391437804362e-01 1.860630314348145332e-04 1.065659767118938700e-01
3.129320807286708028e+00 1.075555659063793107e-01 1.352033061694291743e-02 1.067023918075413191e-01
3.160000423044420970e+00 1.145236033991964275e-01 3.281323244597197236e-02 1.097221377479633553e-01
3.190680038802133467e+00 1.236060295875381354e-01 6.082274133083321460e-02 1.076059695713853376e-01
3.221359654559846408e+00 1.310627240183832587e-01 9.313812038343752264e-02 9.221023890305890536e-02
3.252039270317559350e+00 1.342575814958334446e-01 1.199268276915835679e-01 6.035440488434613837e-02
3.282718886075272291e+00 1.316621408835375318e-01 1.306273399446901129e-01 1.647475040815042299e-02
3.313398501832984788e+00 1.226437722893957555e-01 1.192977305332985904e-01 -2.845252837583399017e-02
3.344078117590697730e+00 1.072783051583117986e-01 8.806921566957097436e-02 -6.125722821828018944e-02
3.374757733348410671e+00 8.620375788784020998e-02 4.704917300584589984e-02 -7.223200947953306583e-02
3.405437349106123612e+00 6.049811314984764044e-02 1.063069931783283337e-02 -5.955677901553774189e-02
3.436116964863836110e+00 3.159046587734859468e-02 -8.235175355313669940e-03 -3.049818717916132071e-02
3.466796580621549051e+00 3.564851780797581929e-03 -3.358406219111457688e-03 1.195523268903275716e-03
3.497476196379261992e+00 3.020156481860582567e-02 2.204354388171136936e-02 2.064501612078601181e-02
3.528155812136974490e+00 5.920244644993655214e-02 5.648846312710678608e-02 1.771957107819212285e-02
3.558835427894687431e+00 8.515630047282043980e-02 8.468285105888019582e-02 -8.967176074818259540e-03
3.589515043652400372e+00 1.067209176591627645e-01 9.344931107788509439e-02 -5.154202678477500660e-02
3.620194659410113314e+00 1.228797313203211228e-01 7.673048649593290638e-02 -9.597843930514687871e-02
3.650874275167825811e+00 1.329583308249937534e-01 3.771361047962305812e-02 -1.274974561328960365e-01
3.681553890925538752e+00 1.366504859492751189e-01 -1.265772187355613219e-02 -1.360629905122797689e-01
3.712233506683251694e+00 1.340291306643401348e-01 -6.004898376027300450e-02 -1.198245693336605633e-01
3.742913122440964635e+00 1.255441504058257551e-01 -9.213736722873357154e-02 -8.527625262215790536e-02
3.773592738198677132e+00 1.120180077660624107e-01 -1.029022322210105811e-01 -4.426245212153109843e-02
3.804272353956390074e+00 9.466860396525166033e-02 -9.422114038128127922e-02 -9.193545669682902030e-03
3.834951969714103015e+00 7.524430118047559235e-02 -7.435199757925355091e-02 1.155358455687217553e-02
3.865631585471815956e+00 5.653123511700573756e-02 -5.413328892167748596e-02 1.629010664103743358e-02
3.896311201229528454e+00 4.369251365226632655e-02 -4.256440012844737997e-02 9.864461007014442562e-03
3.926990816987241395e+00 4.354475089210802646e-02 -4.353285011640991436e-02 1.017983790603619546e-03
3.957670432744954336e+00 5.486856533491225180e-02 -5.484833820711068619e-02 -1.489717365790296918e-03
3.988350048502666834e+00 7.014493670734615882e-02 -6.972731858860041487e-02 7.642852093388776205e-03
4.019029664260379775e+00 8.481999938619770585e-02 -7.989193321010559790e-02 2.849054762244147485e-02
4.049709280018092272e+00 9.694733091436308348e-02 -7.889741731249906576e-02 5.633810888587221372e-02
4.080388895775805658e+00 1.057375816584123079e-01 -6.436589959549839091e-02 8.388961285064815143e-02
4.111068511533518155e+00 1.110150793629461063e-01 -3.839594243329320922e-02 1.041638106571589339e-01
4.141748127291231540e+00 1.130216977774060327e-01 -6.239596184568170674e-03 1.128493314465833786e-01
4.172427743048944038e+00 1.123186213601464617e-01 2.597270074435532525e-02 1.092743863871498272e-01
4.203107358806656535e+00 1.097037649649847263e-01 5.339782884836248578e-02 9.583103840496352832e-02
4.233786974564369920e+00 1.061089592133360460e-01 7.367518755734486779e-02 7.636149529525643187e-02
4.264466590322082418e+00 1.024560868868463481e-01 8.683362142446669762e-02 5.437988534814508501e-02
4.295146206079794915e+00 9.947345512029372172e-02 9.420549021465121631e-02 3.194203949321867270e-02
4.325825821837508300e+00 9.751895837653942745e-02 9.704916700263796492e-02 9.560670841489933569e-03
4.356505437595220798e+00 9.649755930592621156e-02 9.562006276032472551e-02 -1.298393429251347084e-02
4.387185053352934183e+00 9.593279306610397184e-02 8.912026096484300386e-02 -3.550605400522854893e-02
4.417864669110646680e+00 9.515516583663312378e-02 7.647175054403991534e-02 -5.662664526640513729e-02
4.448544284868359178e+00 9.350638415027746897e-02 5.743772808790440637e-02 -7.378584734865635542e-02
4.479223900626072563e+00 9.048482515925858338e-02 3.345344604853209280e-02 -8.407360187109594318e-02
4.509903516383785060e+00 8.581835854630059934e-02 7.684634870785691900e-03 -8.547360440793468073e-02
4.540583132141497558e+00 7.948509573039326537e-02 -1.578145691932857433e-02 -7.790267043415878556e-02
4.571262747899210943e+00 7.170751188787120867e-02 -3.328110124896967170e-02 -6.351641961575778261e-02
4.601942363656923440e+00 6.293983402835083563e-02 -4.285950273027178126e-02 -4.609214394265225001e-02
4.632621979414635938e+00 5.386303299856125271e-02 -4.491735727615762952e-02 -2.972637446999057409e-02
4.663301595172349323e+00 4.539033068623073153e-02 -4.192306382288511074e-02 -1.739939192925088474e-02
4.693981210930061820e+00 3.863327575439784445e-02 -3.731119503943067239e-02 -1.002021557876418660e-02
4.724660826687775206e+00 3.463269195039179321e-02 -3.404543665303502720e-02 -6.350716088356594784e-03
4.755340442445487703e+00 3.368129553033233359e-02 -3.346414170622718370e-02 -3.818492957585674537e-03
4.786020058203200200e+00 3.489182627995089658e-02 -3.489146853547148847e-02 1.580018622530376677e-04
4.816699673960913586e+00 3.680970846519391465e-02 -3.615314816848598511e-02 6.921308749078269179e-03
4.847379289718626083e+00 3.822360996502284503e-02 -3.473984263364097991e-02 1.594326480204273297e-02
4.878058905476338580e+00 3.839786901434390914e-02 -2.908748862639972191e-02 2.506619935793576170e-02
4.908738521234051966e+00 3.698831095101594996e-02 -1.940845606032962772e-02 3.148725107663894601e-02
4.939418136991764463e+00 3.392692210099224059e-02 -7.717760856506595407e-03 3.303743650177129454e-02
4.970097752749476960e+00 2.933962670366445716e-02 2.944027333096723483e-03 2.919154669030676538e-02
5.000777368507190346e+00 2.349140223261966809e-02 9.744014129845686781e-03 2.137522321502388287e-02
5.031456984264902843e+00 1.675304777838211925e-02 1.121321357197231292e-02 1.244702579952696765e-02
5.062136600022616229e+00 9.626305375564012112e-03 7.839637867623878986e-03 5.586218156152722263e-03
5.092816215780328726e+00 3.582251327972623724e-03 1.862860390224918171e-03 3.059783610534034300e-03
5.123495831538041223e+00 6.484834077213514313e-03 -3.625366804642515903e-03 5.376782359440055066e-03
5.154175447295754608e+00 1.261728472294082817e-02 -5.887759577135035297e-03 1.115930826447637109e-02
5.184855063053467106e+00 1.810554554831486640e-02 -3.559911379595094311e-03 1.775212129779237674e-02
5.215534678811179603e+00 2.248188997901717431e-02 2.914071760921347481e-03 2.229223099648919640e-02
5.246214294568892988e+00 2.555684630048411440e-02 1.156600900144606758e-02 2.278990628776338817e-02
5.276893910326605486e+00 2.726305062885332406e-02 1.974769406563753674e-02 1.879634296030490564e-02
5.307573526084318871e+00 2.763516443255052343e-02 2.516133493016201386e-02 1.142845299007326509e-02
5.338253141842031368e+00 2.680354208621881645e-02 2.665732297757082356e-02 2.795889847110928465e-03
5.368932757599743866e+00 2.499113672468003880e-02 2.450820303409667264e-02 -4.889263628722212776e-03
5.399612373357457251e+00 2.251494473452406511e-02 2.010355347754719940e-02 -1.013754772980491117e-02
5.430291989115169748e+00 1.979453927593096546e-02 1.524852976829082531e-02 -1.262165302374938791e-02
5.460971604872882246e+00 1.735787105346558654e-02 1.139084850738024401e-02 -1.309749051500521885e-02
5.491651220630595631e+00 1.578322501057744659e-02 9.096824773616816323e-03 -1.289798320562671533e-02
5.522330836388308128e+00 1.546293011900530534e-02 7.961740620808916563e-03 -1.325567403613270301e-02
5.553010452146020626e+00 1.630474690260685922e-02 6.941713779557399933e-03 -1.475321596672301595e-02
5.583690067903734011e+00 1.780937765749874765e-02 4.921711223041968196e-03 -1.711580238213792488e-02
5.614369683661446508e+00 1.943542501801428027e-02 1.256707788938462656e-03 -1.939475267086633245e-02
5.645049299419159894e+00 2.079978710489744850e-02 -3.937049206864459347e-03 -2.042377994279673259e-02
5.675728915176872391e+00 2.168775732229070302e-02 -9.835202030196742162e-03 -1.932944951869524849e-02
5.706408530934584888e+00 2.201226805596129266e-02 -1.524383794333619528e-02 -1.587971503915601434e-02
5.737088146692298274e+00 2.177757562623415868e-02 -1.905323758065407755e-02 -1.054689233146423842e-02
5.767767762450010771e+00 2.105274862895682719e-02 -2.061004245211223510e-02 -4.294691485563885761e-03
5.798447378207723268e+00 1.995083508777351772e-02 -1.987052077333897535e-02 1.788358156477369999e-03
5.829126993965436654e+00 1.861010346759991649e-02 -1.730742636055847272e-02 6.840244429011303577e-03
5.859806609723149151e+00 1.717503976622407336e-02 -1.364976699654798717e-02 1.042429143449700654e-02
5.890486225480861648e+00 1.577595504220551462e-02 -9.592726010647176921e-03 1.252439081066790416e-02
5.921165841238575034e+00 1.450816062214020305e-02 -5.604871127466175620e-03 1.338178404706620930e-02
5.951845456996287531e+00 1.341538147829759303e-02 -1.894776678048745982e-03 1.328089912425257056e-02
5.982525072754000917e+00 1.248517738245435126e-02 1.484647351861514064e-03 1.239659132632677657e-02
