# # Once                                                         FEFF 10.0.0 
# # POT  SCF 100  9.0000   0, core-hole, FOLP (folp(0)= 1.150)
# # Abs   Z=30 Rmt= 1.434 Rnm= 1.755 K  shell
# #   RGRID 0.0100
# # Pot 1 Z= 6 Rmt= 0.888 Rnm= 1.113
# # Pot 2 Z= 6 Rmt= 0.920 Rnm= 1.162
# # Pot 3 Z= 1 Rmt= 0.551 Rnm= 0.959
# # Pot 4 Z=16 Rmt= 1.176 Rnm= 1.450
# # Gam_ch=1.897E+00 H-L exch Vi= 0.000E+00 Vr= 0.000E+00
# # Mu=-7.015E+00eV kf=1.898E+00 Vint=-1.239E+01eV Rs_int= 1.910
# # PATH  Rmax= 9.000,  Keep_limit= 0.00, Heap_limit 0.00  Pwcrit= 2.50%
#  S02=1.000  Temp=  10.00  Debye_temp= 315.00  Global_sig2= 0.00000
#  Energy zero shift, vr, vi    0.00000E+00   0.00000E+00
#  Curved wave amplitude ratio filter   4.000%
#     file         sig2 tot  cw amp ratio   deg  nlegs   reff  inp sig2
#           1       0.00220    100.00      1.00     2   2.2762
#           2       0.02215     10.72      1.00     2   3.1378
#           3       0.00418     37.58      1.00     2   3.1756
#           4       0.02268     10.33      1.00     2   3.1821
#           5       0.00325     44.75      2.00     3   3.6188
#           6       0.01014     11.30      2.00     3   3.7051
#           7       0.01027     10.57      2.00     3   3.7281
#           8       0.01408      8.08      2.00     3   3.8769
#           9       0.01409      8.05      2.00     3   3.8925
#          11       0.00372     17.51      1.00     4   4.0620
#          14       0.01502      7.44      1.00     4   4.2347
#          15       0.01466      4.77      2.00     4   4.2577
#          16       0.01495      7.09      1.00     4   4.2806
#          17       0.00439      8.92      1.00     4   4.5523
#          18       0.00419     13.08      1.00     2   4.6009
#          19       0.00427     46.06      2.00     3   4.6428
#          20       0.00460     49.39      1.00     4   4.6847
#          23       0.00400     23.18      2.00     3   4.8092
#          24       0.00367     44.43      2.00     4   4.8512
#          28       0.00530      7.45      1.00     4   4.9614
#          29       0.00736      5.44      2.00     3   4.9653
#          31       0.00726      5.22      2.00     3   4.9867
#          32       0.00802     13.47      2.00     4   5.0072
#          33       0.00445     12.74      1.00     4   5.0176
#          34       0.00808     13.24      2.00     4   5.0286
#          35       0.00393     32.71      2.00     4   5.0860
#          36       0.02055      8.05      2.00     3   5.1038
#          37       0.02054      7.46      2.00     3   5.1048
#          38       0.00401     75.66      2.00     5   5.1279
#          39       0.01490      5.96      2.00     3   5.1435
#          40       0.01475      6.03      2.00     3   5.1551
#          43       0.01091      8.47      2.00     4   5.1724
#          44       0.01089      8.25      2.00     4   5.1953
#          45       0.01122     21.82      2.00     5   5.2143
#          46       0.02338      6.39      1.00     4   5.2332
#          47       0.01126     21.39      2.00     5   5.2373
#          50       0.02337      5.51      1.00     4   5.2571
#          53       0.01488      8.67      2.00     4   5.2846
#          54       0.01388      7.92      2.00     3   5.2923
#          55       0.00397     36.48      2.00     5   5.2944
#          56       0.01346      6.92      1.00     4   5.2959
#          57       0.01482      7.96      2.00     4   5.2958
#          58       0.01030      4.07      2.00     3   5.3219
#          59       0.01009      4.21      2.00     3   5.3329
#          62       0.01006      8.79      2.00     4   5.3638
#          63       0.00996      8.81      2.00     4   5.3748
#          64       0.00983      6.73      2.00     5   5.3807
#          65       0.01005      6.77      2.00     5   5.4037
#          66       0.00654     15.39      2.00     5   5.4046
#          67       0.00593      4.62      2.00     4   5.4518
#          68       0.01088      6.35      2.00     4   5.4623
#          69       0.01096      5.62      2.00     4   5.4742
#          70       0.00940      6.46      2.00     3   5.4906
#          71       0.00979      5.32      2.00     5   5.4910
#          72       0.00929     11.55      2.00     4   5.4943
#          73       0.01043     12.93      2.00     5   5.5042
#          74       0.00950      4.55      2.00     4   5.5129
#          75       0.00950      4.84      2.00     4   5.5136
#          76       0.01000      5.02      2.00     5   5.5139
#          77       0.01049     12.30      2.00     5   5.5161
#          78       0.01046      5.00      2.00     4   5.5303
#          79       0.00989      9.53      2.00     4   5.5326
#          80       0.00973     18.17      2.00     5   5.5362
#          81       0.01038      5.36      2.00     4   5.5412
#          82       0.00950     12.32      2.00     5   5.5548
#          83       0.00950     12.57      2.00     5   5.5556
#          84       0.00497     33.60      1.00     6   5.5712
#          85       0.01059      6.84      2.00     5   5.5746
#          86       0.01056      7.04      2.00     5   5.5746
#          88       0.01098      5.46      2.00     4   5.6314
#          89       0.01442     18.61      2.00     6   5.6575
#          90       0.01128      9.10      2.00     5   5.6707
#          91       0.01084     18.23      2.00     6   5.6805
#          92       0.01131      7.97      2.00     5   5.6826
#          93       0.00841      4.78      1.00     4   5.6926
#          94       0.00875      8.51      2.00     4   5.6990
#          95       0.00877     16.05      2.00     5   5.7026
#          97       0.00899      6.04      2.00     5   5.7212
#          98       0.00899      6.47      2.00     5   5.7220
#         100       0.01489      7.59      2.00     5   5.7278
#         102       0.00900      8.49      2.00     5   5.7332
#         103       0.00916      8.91      2.00     5   5.7333
#         104       0.00822     16.77      2.00     5   5.7345
#         105       0.01343      6.06      2.00     4   5.7355
#         106       0.01307     11.27      2.00     5   5.7391
#         107       0.01482      6.97      2.00     5   5.7390
#         109       0.01931      6.32      2.00     6   5.7668
#         110       0.00919     12.29      1.00     6   5.7752
#         111       0.00902     12.15      1.00     6   5.7752
#         112       0.00832     14.46      1.00     6   5.7765
#         113       0.01264     11.76      2.00     6   5.7816
#         114       0.01268     11.29      2.00     6   5.7833
#         115       0.00984      6.74      2.00     5   5.8070
#         117       0.00974      6.58      2.00     5   5.8180
#         119       0.00873      4.54      2.00     4   5.8298
#         121       0.00718      7.77      1.00     6   5.8478
#         124       0.00864      8.27      2.00     5   5.8717
#         131       0.00829      4.53      2.00     5   5.8997
#         132       0.00833      5.04      2.00     5   5.8997
#         133       0.00904     13.57      2.00     5   5.9010
#         135       0.00892      9.47      2.00     5   5.9375
#         136       0.00825     11.29      2.00     6   5.9416
#         137       0.00821     11.65      2.00     6   5.9417
#         138       0.00885     26.60      2.00     6   5.9429
#         139       0.01015     11.39      2.00     6   5.9474
#         140       0.00996     10.35      2.00     6   5.9477
#         141       0.00994     10.32      2.00     6   5.9534
#         142       0.01049     11.17      2.00     6   5.9593
#         143       0.00948     10.57      2.00     5   5.9758
#         144       0.00938     21.12      2.00     6   5.9794
#         145       0.00891     16.72      2.00     6   5.9794
#         146       0.00914     10.41      2.00     6   5.9980
#         147       0.00903      9.30      2.00     6   5.9980
#         148       0.00914     10.50      2.00     6   5.9988
#         149       0.00900      9.08      2.00     6   5.9988
#         154       0.01681      6.71      2.00     6   6.0338
#         155       0.00877      8.51      2.00     5   6.0381
#         160       0.01707      6.34      2.00     6   6.0687
#         161       0.01124      4.45      2.00     5   6.0746
#         164       0.01657      6.82      2.00     6   6.0851
#         165       0.01590      7.70      2.00     6   6.0851
#         168       0.01838      5.80      2.00     6   6.0908
#         169       0.01480      7.07      2.00     6   6.0977
#         172       0.01715      4.34      2.00     6   6.1042
#         173       0.02992     10.52      2.00     6   6.1041
#         174       0.01662      6.62      2.00     6   6.1073
#         175       0.01590      7.41      2.00     6   6.1073
#         178       0.00909     14.60      1.00     6   6.1093
#         179       0.00463     10.44      1.00     4   6.1100
#         180       0.01845      5.67      2.00     6   6.1121
#         181       0.01508      6.89      2.00     6   6.1190
#         183       0.01715      4.22      2.00     6   6.1271
#         184       0.02890     10.32      2.00     6   6.1272
#         186       0.00891     14.74      2.00     6   6.1458
#         188       0.00771      5.26      2.00     4   6.1519
#         189       0.01160     50.16      2.00     5   6.1520
#         191       0.00871      7.29      2.00     6   6.1764
#         192       0.00880      7.34      2.00     6   6.1765
#         193       0.00863     18.36      2.00     6   6.1777
#         197       0.00772     10.83      2.00     5   6.1938
#         198       0.01187     66.75      1.00     6   6.1939
#         199       0.01919      6.09      2.00     5   6.1943
#         200       0.01898      5.72      2.00     5   6.1952
#         205       0.00868     18.36      2.00     7   6.2184
#         206       0.00877     17.73      2.00     7   6.2185
#         207       0.00870     36.76      2.00     7   6.2197
#         208       0.01143      4.92      2.00     7   6.2249
#         210       0.01140      4.48      2.00     7   6.2265
#         214       0.01808      5.07      2.00     6   6.2629
#         218       0.03124      7.42      2.00     6   6.2693
#         219       0.01840      4.71      2.00     6   6.2858
#         222       0.03041      7.24      2.00     6   6.2939
#         223       0.01811     15.48      2.00     7   6.3048
#         224       0.01453      5.38      2.00     7   6.3047
#         225       0.01475      5.08      2.00     7   6.3060
#         226       0.03194     21.06      2.00     7   6.3112
#         227       0.01785      8.80      2.00     7   6.3129
#         228       0.00892      8.80      2.00     6   6.3149
#         229       0.00505     21.26      2.00     5   6.3184
#         230       0.01891      5.38      1.00     6   6.3237
#         231       0.01852     15.04      2.00     7   6.3277
#         232       0.01472      5.26      2.00     7   6.3278
#         233       0.01478      4.98      2.00     7   6.3290
#         234       0.01768      8.61      2.00     7   6.3342
#         235       0.01619      4.65      2.00     6   6.3356
#         236       0.03110     20.56      2.00     7   6.3358
#         237       0.01541      4.34      2.00     6   6.3557
#         238       0.00885      6.46      2.00     5   6.3602
#         239       0.00510     54.42      2.00     6   6.3603
#         240       0.01549      4.12      2.00     6   6.3676
#         242       0.01917      7.39      2.00     6   6.3751
#         243       0.01506      5.92      2.00     5   6.3840
#         244       0.00879     10.42      2.00     7   6.3848
#         245       0.00886     10.44      2.00     7   6.3849
#         246       0.01896      6.86      2.00     6   6.3862
#         247       0.00865     31.73      2.00     7   6.3861
#         249       0.01523      5.89      1.00     6   6.3877
#         250       0.01398      4.38      2.00     6   6.3897
#         251       0.01111      4.21      2.00     7   6.3913
#         254       0.01402      4.14      2.00     6   6.4017
#         256       0.01517      4.10      2.00     6   6.4062
#         257       0.01516      4.15      2.00     6   6.4070
#         262       0.01452      4.32      2.00     6   6.4204
#         263       0.01452      4.28      2.00     6   6.4205
#         264       0.00952     18.18      2.00     7   6.4226
#         268       0.00892      6.41      2.00     5   6.4286
#         274       0.01514      7.84      2.00     6   6.4543
#         275       0.01772      4.33      2.00     6   6.4556
#         277       0.01549      7.88      2.00     6   6.4653
#         278       0.01789      4.30      2.00     6   6.4665
#         279       0.00919     17.92      2.00     6   6.4706
#         282       0.00808     17.63      2.00     6   6.5164
#         283       0.00515     10.34      1.00     6   6.5268
#         284       0.00825     17.28      2.00     6   6.5378
#         286       0.02299      5.58      2.00     6   6.5528
#         288       0.01465      4.89      2.00     6   6.5561
#         289       0.02287      4.99      2.00     6   6.5646
#         292       0.01462      4.59      2.00     6   6.5682
#         293       0.01565      5.00      2.00     5   6.5823
#         296       0.01601     10.09      2.00     6   6.5860
#         297       0.01507      5.38      2.00     7   6.5946
#         298       0.00870     44.05      2.00     6   6.5952
#         299       0.02227     12.15      2.00     7   6.5947
#         300       0.01622      7.18      2.00     7   6.5960
#         303       0.01603      4.49      2.00     6   6.6041
#         307       0.02194     11.61      2.00     7   6.6066
#         308       0.01507      5.09      2.00     7   6.6066
#         310       0.01624      6.82      2.00     7   6.6079
#         315       0.01827      4.22      2.00     6   6.6220
#         320       0.01523      8.60      2.00     6   6.6243
#         321       0.01793      7.39      2.00     7   6.6267
#         322       0.01767      7.36      2.00     7   6.6266
#         323       0.01541     18.04      2.00     7   6.6279
#         324       0.01835      4.25      2.00     6   6.6330
#         325       0.00650      8.69      2.00     6   6.6370
#         326       0.00844     13.88      2.00     6   6.6370
#         327       0.00883    121.60      2.00     7   6.6371
#         328       0.01472      5.65      2.00     7   6.6453
#         329       0.01695     12.38      2.00     7   6.6452
#         330       0.01457      5.69      2.00     7   6.6460
#         331       0.01727     12.62      2.00     7   6.6461
#         332       0.01720      6.14      2.00     7   6.6465
#         333       0.01399      6.22      2.00     7   6.6473
#         334       0.02389      7.34      2.00     5   6.6526
#         336       0.01500      6.59      2.00     7   6.6607
#         337       0.01489      6.55      2.00     7   6.6607
#         338       0.02355      7.30      2.00     5   6.6643
#         339       0.01486      5.94      2.00     7   6.6638
#         340       0.01521      4.31      2.00     7   6.6651
#         341       0.01379     11.52      2.00     6   6.6815
#         344       0.01376     11.13      2.00     6   6.7045
#         345       0.01392     34.50      2.00     7   6.7235
#         346       0.01884      5.73      2.00     6   6.7287
#         347       0.01878      5.66      2.00     6   6.7443
#         348       0.01389     33.60      2.00     7   6.7464
#         350       0.01395      8.54      2.00     7   6.7612
#         351       0.01657      8.13      2.00     7   6.7624
#         353       0.01402      7.60      2.00     7   6.7730
#         354       0.01662      7.65      2.00     7   6.7743
#         359       0.01679      7.10      2.00     6   6.7907
#         362       0.01837     11.02      2.00     6   6.7937
#         363       0.01722     14.90      2.00     7   6.7944
#         364       0.01501      4.28      2.00     7   6.7989
#         365       0.02259      7.03      2.00     5   6.8015
#         366       0.00859      5.69      2.00     6   6.8034
#         367       0.00853     49.01      2.00     7   6.8035
#         368       0.01835     10.41      2.00     6   6.8049
#         369       0.02205     13.71      2.00     6   6.8051
#         370       0.01544      4.05      2.00     7   6.8108
#         371       0.01737      5.51      2.00     7   6.8129
#         372       0.01744      5.62      2.00     7   6.8137
#         375       0.01804      8.08      2.00     7   6.8236
#         376       0.01837      8.50      2.00     7   6.8238
#         378       0.01784      4.00      2.00     7   6.8250
#         379       0.01830      4.17      2.00     7   6.8250
#         380       0.01634      6.22      2.00     7   6.8250
#         381       0.01658      6.26      2.00     7   6.8250
#         382       0.01657     16.10      2.00     7   6.8263
#         383       0.01393      5.26      2.00     7   6.8272
#         384       0.01389      5.24      2.00     7   6.8271
#         385       0.01475     10.74      2.00     7   6.8309
#         388       0.02147      9.97      2.00     6   6.8436
#         389       0.02144     10.12      2.00     6   6.8451
#         391       0.01370      4.03      2.00     7   6.8637
#         392       0.01369      4.04      2.00     7   6.8636
#         393       0.00981      8.43      2.00     6   6.8718
#         394       0.01636     12.92      2.00     6   6.8730
#         395       0.01654     12.95      2.00     6   6.8840
#         398       0.01010     26.59      2.00     7   6.9138
#         399       0.00633      7.88      2.00     6   6.9609
#         402       0.01394      8.18      2.00     7   6.9634
#         403       0.01109      7.88      2.00     6   6.9715
#         404       0.01116      7.43      2.00     6   6.9834
#         406       0.01770      4.06      2.00     7   6.9914
#         407       0.01788      4.30      2.00     7   6.9915
#         408       0.01841     13.22      2.00     7   6.9927
#         411       0.01405      9.74      2.00     7   7.0001
#         412       0.01212      7.92      2.00     6   7.0034
#         413       0.01140      6.78      2.00     6   7.0034
#         414       0.01556     12.19      2.00     6   7.0034
#         415       0.01110     20.09      2.00     7   7.0134
#         416       0.01584      6.64      2.00     6   7.0220
#         417       0.01099      6.51      2.00     6   7.0220
#         418       0.01133      6.71      2.00     6   7.0220
#         419       0.01615      6.94      2.00     6   7.0228
#         420       0.01099      6.53      2.00     6   7.0228
#         421       0.01133      6.82      2.00     6   7.0228
#         422       0.01406      9.25      2.00     7   7.0231
#         423       0.01117     18.95      2.00     7   7.0253
#         424       0.01595      9.06      2.00     7   7.0292
#         425       0.01597     11.96      2.00     6   7.0417
#         426       0.01093      6.66      2.00     6   7.0418
#         427       0.01104      6.74      2.00     6   7.0419
#         428       0.01071      5.71      2.00     6   7.0419
#         429       0.01056      5.81      2.00     6   7.0418
#         430       0.01287      4.97      2.00     6   7.0452
#         431       0.01582     24.66      2.00     7   7.0454
#         432       0.01578     20.53      2.00     7   7.0454
#         433       0.01585     18.27      2.00     7   7.0640
#         434       0.01604     18.79      2.00     7   7.0640
#         435       0.01617     18.36      2.00     7   7.0647
#         436       0.01636     19.20      2.00     7   7.0647
#         437       0.00948      9.78      2.00     7   7.0802
#         438       0.01065     19.13      2.00     7   7.0838
#         439       0.01081     19.27      2.00     7   7.0838
#         440       0.00606      4.87      2.00     6   7.1273
#         441       0.01809      8.30      2.00     7   7.1298
#         442       0.00928      6.61      2.00     6   7.1699
#         443       0.01354     10.31      2.00     7   7.1798
#         444       0.01126      9.47      2.00     7   7.1917
#         445       0.01215      7.32      2.00     6   7.2018
#         446       0.01252      7.11      2.00     7   7.2118
#         447       0.00928     18.20      2.00     7   7.2118
#         448       0.01158      7.13      2.00     7   7.2304
#         449       0.01123      8.05      2.00     7   7.2304
#         450       0.01160      7.14      2.00     7   7.2312
#         451       0.01125      8.36      2.00     7   7.2312
#         452       0.01681     13.58      2.00     7   7.2424
#         453       0.01743     14.23      2.00     7   7.2425
#         454       0.01033     12.86      2.00     7   7.2424
#         455       0.01053     12.98      2.00     7   7.2425
#         456       0.00958     13.08      2.00     7   7.2437
#         457       0.01445     23.04      2.00     7   7.2437
#         458       0.01387     14.55      2.00     7   7.2489
#         459       0.01405     14.66      2.00     7   7.2505
#         460       0.00964      6.86      2.00     7   7.2502
#         461       0.00965      7.00      2.00     7   7.2502
#         462       0.01225      7.75      2.00     7   7.2855
#         464       0.01325      7.31      2.00     7   7.3220
#         465       0.01261      6.84      2.00     7   7.3782
#         466       0.00908     10.72      2.00     7   7.3808
#         467       0.00701      4.60      2.00     5   7.3842
#         468       0.01011     10.83      2.00     7   7.4101
#         469       0.01379      6.29      2.00     7   7.4101
#         470       0.01000      5.01      2.00     7   7.4153
#         471       0.01004      5.14      2.00     7   7.4170
#         472       0.01177      6.59      2.00     7   7.4519
#         473       0.01305      6.21      2.00     7   7.4885
#         474       0.00947      6.72      2.00     7   7.4885
#         475       0.00813      6.53      2.00     6   7.5926
#         476       0.00780      6.55      2.00     6   7.6610
#         477       0.01884     74.92      2.00     7   7.6611
#         478       0.00774     13.98      2.00     7   7.7030
#         479       0.02562      4.69      2.00     7   7.7512
#         480       0.02546      4.68      2.00     7   7.7612
#         481       0.01819      4.52      2.00     7   7.7629
#         482       0.01823      4.48      2.00     7   7.7738
#         483       0.00830     29.77      2.00     7   7.8276
#         484       0.01193      5.14      2.00     6   7.8603
#         485       0.00739      9.68      2.00     7   7.8694
#         486       0.00866      7.51      2.00     7   7.9378
#         487       0.01437      5.64      2.00     7   8.2776
#         488       0.01501      5.07      2.00     7   8.4760
#   353/ 424 paths used
#  xsedge+50, used to normalize mu           1.0000E+00
#  -----------------------------------------------------------------------
#  omega    e    k    mu    mu0     chi     @#
    9725.371   -204.524  -7.200 -2.31402E-06 -2.13369E-06  3.34934E-06
    9728.105   -201.791  -7.150 -5.05045E-06 -4.83286E-06  3.45087E-06
    9730.819   -199.076  -7.100 -7.78689E-06 -7.53202E-06  3.51039E-06
    9733.515   -196.380  -7.050 -1.05233E-05 -1.02312E-05  3.54446E-06
    9736.191   -193.704  -7.000 -1.32598E-05 -1.29303E-05  3.58794E-06
    9738.849   -191.047  -6.950 -1.59962E-05 -1.56295E-05  3.67066E-06
    9741.487   -188.408  -6.900 -1.87326E-05 -1.83287E-05  3.79699E-06
    9744.106   -185.789  -6.850 -2.14415E-05 -2.09596E-05  3.96573E-06
    9746.707   -183.188  -6.800 -2.41191E-05 -2.35134E-05  4.14691E-06
    9749.288   -180.607  -6.750 -2.67967E-05 -2.60671E-05  4.29158E-06
    9751.850   -178.045  -6.700 -2.94743E-05 -2.86209E-05  4.39996E-06
    9754.393   -175.502  -6.650 -3.21519E-05 -3.11747E-05  4.49629E-06
    9756.918   -172.978  -6.600 -3.48295E-05 -3.37284E-05  4.61453E-06
    9759.423   -170.473  -6.550 -3.75071E-05 -3.62822E-05  4.77772E-06
    9761.909   -167.987  -6.500 -4.01847E-05 -3.88359E-05  4.98336E-06
    9764.376   -165.520  -6.450 -4.30034E-05 -4.12945E-05  5.24229E-06
    9766.824   -163.072  -6.400 -4.59135E-05 -4.36914E-05  5.51085E-06
    9769.252   -160.643  -6.350 -4.88236E-05 -4.60882E-05  5.74404E-06
    9771.662   -158.233  -6.300 -5.17337E-05 -4.84851E-05  5.94213E-06
    9774.053   -155.842  -6.250 -5.46438E-05 -5.08820E-05  6.12750E-06
    9776.425   -153.471  -6.200 -5.75539E-05 -5.32789E-05  6.33308E-06
    9778.777   -151.118  -6.150 -6.04640E-05 -5.56758E-05  6.58452E-06
    9781.111   -148.784  -6.100 -6.33741E-05 -5.80727E-05  6.88568E-06
    9783.426   -146.470  -6.050 -6.69045E-05 -6.04298E-05  7.27592E-06
    9785.721   -144.174  -6.000 -7.24404E-05 -6.26584E-05  7.86637E-06
    9787.997   -141.898  -5.950 -7.79764E-05 -6.48870E-05  8.44086E-06
    9790.255   -139.640  -5.900 -8.35123E-05 -6.71157E-05  8.98729E-06
    9792.493   -137.402  -5.850 -8.90483E-05 -6.93443E-05  9.51545E-06
    9794.713   -135.183  -5.800 -9.45842E-05 -7.15729E-05  1.00536E-05
    9796.913   -132.982  -5.750 -1.00120E-04 -7.38015E-05  1.06356E-05
    9799.094   -130.801  -5.700 -1.05656E-04 -7.60301E-05  1.12847E-05
    9801.256   -128.639  -5.650 -1.11192E-04 -7.82588E-05  1.20012E-05
    9803.399   -126.496  -5.600 -1.44211E-04 -8.04430E-05  1.35210E-05
    9805.523   -124.372  -5.550 -2.62875E-04 -8.24889E-05  1.76210E-05
    9807.628   -122.267  -5.500 -3.81538E-04 -8.45349E-05  2.20192E-05
    9809.714   -120.181  -5.450 -5.00202E-04 -8.65808E-05  2.66879E-05
    9811.781   -118.114  -5.400 -6.18866E-04 -8.86268E-05  3.16260E-05
    9813.829   -116.066  -5.350 -7.37529E-04 -9.06727E-05  3.68604E-05
    9815.858   -114.037  -5.300 -8.56193E-04 -9.27187E-05  4.24327E-05
    9817.868   -112.027  -5.250 -9.74856E-04 -9.47646E-05  4.83782E-05
    9819.858   -110.037  -5.200 -1.09352E-03 -9.68105E-05  5.47040E-05
    9821.830   -108.065  -5.150 -1.21218E-03 -9.88565E-05  6.13794E-05
    9823.783   -106.112  -5.100 -1.26478E-03 -1.00809E-04  6.18289E-05
    9825.716   -104.179  -5.050 -1.24085E-03 -1.02653E-04  5.47060E-05
    9827.631   -102.264  -5.000 -1.21691E-03 -1.04497E-04  4.74497E-05
    9829.526   -100.369  -4.950 -1.19298E-03 -1.06341E-04  4.00697E-05
    9831.403    -98.492  -4.900 -1.16905E-03 -1.08185E-04  3.25928E-05
    9833.260    -96.635  -4.850 -1.14512E-03 -1.10029E-04  2.50608E-05
    9835.098    -94.797  -4.800 -1.12118E-03 -1.11874E-04  1.75229E-05
    9836.918    -92.978  -4.750 -1.09725E-03 -1.13718E-04  1.00262E-05
    9838.718    -91.177  -4.700 -1.07332E-03 -1.15562E-04  2.60664E-06
    9840.499    -89.396  -4.650 -1.04938E-03 -1.17406E-04 -4.71729E-06
    9842.261    -87.634  -4.600 -1.02545E-03 -1.19250E-04 -1.19459E-05
    9844.004    -85.891  -4.550 -9.86238E-04 -1.20946E-04 -1.41492E-05
    9845.728    -84.167  -4.500 -9.38648E-04 -1.22561E-04 -1.34445E-05
    9847.433    -82.462  -4.450 -8.91059E-04 -1.24175E-04 -1.25583E-05
    9849.119    -80.776  -4.400 -8.43470E-04 -1.25790E-04 -1.15382E-05
    9850.786    -79.109  -4.350 -7.95881E-04 -1.27405E-04 -1.04131E-05
    9852.434    -77.461  -4.300 -7.48292E-04 -1.29020E-04 -9.18101E-06
    9854.063    -75.833  -4.250 -7.00703E-04 -1.30634E-04 -7.80483E-06
    9855.672    -74.223  -4.200 -6.53114E-04 -1.32249E-04 -6.21964E-06
    9857.263    -72.632  -4.150 -6.05525E-04 -1.33864E-04 -4.34997E-06
    9858.835    -71.061  -4.100 -5.57936E-04 -1.35479E-04 -2.13231E-06
    9860.387    -69.508  -4.050 -5.10347E-04 -1.37093E-04  4.63594E-07
    9861.921    -67.974  -4.000 -4.62758E-04 -1.38708E-04  3.42155E-06
    9863.435    -66.460  -3.950 -4.32680E-04 -1.40222E-04  5.77899E-05
    9864.931    -64.965  -3.900 -4.32707E-04 -1.41562E-04  2.08109E-04
    9866.407    -63.488  -3.850 -4.32734E-04 -1.42902E-04  3.43408E-04
    9867.864    -62.031  -3.800 -4.32761E-04 -1.44242E-04  4.29282E-04
    9869.303    -60.593  -3.750 -4.32789E-04 -1.45582E-04  4.37830E-04
    9870.722    -59.173  -3.700 -4.32816E-04 -1.46922E-04  3.55061E-04
    9872.122    -57.773  -3.650 -4.32843E-04 -1.48262E-04  1.85813E-04
    9873.503    -56.392  -3.600 -4.32871E-04 -1.49602E-04 -4.51867E-05
    9874.865    -55.030  -3.550 -4.32898E-04 -1.50941E-04 -2.96661E-04
    9876.208    -53.687  -3.500 -4.32925E-04 -1.52281E-04 -5.18144E-04
    9877.532    -52.363  -3.450 -4.32953E-04 -1.53621E-04 -6.60058E-04
    9878.837    -51.058  -3.400 -4.32980E-04 -1.54961E-04 -6.84495E-04
    9880.123    -49.772  -3.350 -4.33007E-04 -1.56301E-04 -5.74411E-04
    9881.390    -48.505  -3.300 -4.33035E-04 -1.57641E-04 -3.39126E-04
    9882.637    -47.258  -3.250 -4.33062E-04 -1.58981E-04 -1.46666E-05
    9883.866    -46.029  -3.200 -4.37039E-04 -1.60017E-04  3.56049E-04
    9885.076    -44.819  -3.150 -4.41983E-04 -1.60978E-04  8.66402E-04
    9886.267    -43.629  -3.100 -4.46926E-04 -1.61939E-04  1.43833E-03
    9887.438    -42.457  -3.050 -4.51870E-04 -1.62900E-04  1.95390E-03
    9888.591    -41.305  -3.000 -4.56813E-04 -1.63861E-04  2.29051E-03
    9889.724    -40.171  -2.950 -4.61757E-04 -1.64822E-04  2.34217E-03
    9890.838    -39.057  -2.900 -4.66700E-04 -1.65783E-04  2.03872E-03
    9891.934    -37.961  -2.850 -4.71643E-04 -1.66744E-04  1.36015E-03
    9893.010    -36.885  -2.800 -4.76587E-04 -1.67705E-04  3.44032E-04
    9894.067    -35.828  -2.750 -4.81530E-04 -1.68666E-04 -9.14564E-04
    9895.106    -34.790  -2.700 -4.86474E-04 -1.69627E-04 -2.27116E-03
    9896.125    -33.770  -2.650 -4.91417E-04 -1.70588E-04 -3.54736E-03
    9897.125    -32.770  -2.600 -4.96361E-04 -1.71549E-04 -4.55264E-03
    9898.106    -31.789  -2.550 -5.01304E-04 -1.72510E-04 -5.11053E-03
    9899.068    -30.827  -2.500 -5.06248E-04 -1.73471E-04 -5.08590E-03
    9900.011    -29.884  -2.450 -5.11191E-04 -1.74432E-04 -4.40962E-03
    9900.935    -28.960  -2.400 -5.16135E-04 -1.75393E-04 -3.09605E-03
    9901.840    -28.055  -2.350 -5.21078E-04 -1.76354E-04 -1.24958E-03
    9902.726    -27.170  -2.300 -5.26021E-04 -1.77315E-04  9.42104E-04
    9903.592    -26.303  -2.250 -5.21986E-04 -1.77865E-04  2.28019E-01
    9904.440    -25.455  -2.200 -5.16020E-04 -1.78328E-04  4.47742E-01
    9905.269    -24.626  -2.150 -5.10054E-04 -1.78790E-04  3.61649E-01
    9906.078    -23.817  -2.100 -5.04088E-04 -1.79252E-04 -5.79206E-02
    9906.869    -23.026  -2.050 -4.98121E-04 -1.79715E-04 -5.79626E-01
    9907.641    -22.255  -2.000 -4.92155E-04 -1.80177E-04 -8.94005E-01
    9908.393    -21.502  -1.950 -4.86189E-04 -1.80639E-04 -8.46698E-01
    9909.126    -20.769  -1.900 -4.80222E-04 -1.81101E-04 -5.34297E-01
    9909.841    -20.054  -1.850 -4.74256E-04 -1.81564E-04 -1.92269E-01
    9910.536    -19.359  -1.800 -4.68290E-04 -1.82026E-04  1.88642E-02
    9911.212    -18.683  -1.750 -4.62324E-04 -1.82488E-04  1.37606E-01
    9911.870    -18.026  -1.700 -4.56357E-04 -1.82950E-04  3.24521E-01
    9912.508    -17.387  -1.650 -4.50391E-04 -1.83413E-04  6.53264E-01
    9913.127    -16.768  -1.600 -4.37772E-04 -1.83742E-04  1.44823E+00
    9913.727    -16.168  -1.550 -4.13119E-04 -1.83826E-04  8.84730E-01
    9914.308    -15.587  -1.500 -3.85638E-04 -1.83838E-04 -6.94665E+00
    9914.870    -15.025  -1.450 -3.55886E-04 -1.83773E-04  2.40279E+00
    9915.413    -14.482  -1.400 -3.24827E-04 -1.83620E-04  2.33870E+00
    9915.937    -13.958  -1.350 -2.94051E-04 -1.83372E-04  1.80177E+00
    9916.442    -13.454  -1.300 -2.66039E-04 -1.83016E-04  2.02751E+00
    9916.927    -12.968  -1.250 -2.44641E-04 -1.82540E-04  3.41036E+00
    9917.394    -12.501  -1.200 -2.35238E-04 -1.81928E-04  5.70693E+00
    9917.842    -12.053  -1.150 -2.42784E-04 -1.81160E-04  5.39031E+00
    9918.270    -11.625  -1.100 -2.67172E-04 -1.80215E-04  1.37943E+00
    9918.680    -11.215  -1.050 -3.05210E-04 -1.79067E-04 -3.12188E+00
    9919.070    -10.825  -1.000 -3.53348E-04 -1.77681E-04 -6.08679E+00
    9919.442    -10.453  -0.950 -4.08392E-04 -1.76018E-04 -6.35472E+00
    9919.794    -10.101  -0.900 -4.67491E-04 -1.74036E-04 -4.10885E+00
    9920.128     -9.767  -0.850 -5.28164E-04 -1.71673E-04 -9.25149E-01
    9920.442     -9.453  -0.800 -5.88176E-04 -1.68867E-04  1.64742E+00
    9920.737     -9.158  -0.750 -6.45694E-04 -1.65540E-04  3.35170E+00
    9921.014     -8.882  -0.700 -6.99335E-04 -1.61607E-04  4.39067E+00
    9921.271     -8.624  -0.650 -7.48113E-04 -1.56984E-04  4.79816E+00
    9921.509     -8.386  -0.600 -7.91228E-04 -1.51562E-04  4.41535E+00
    9921.728     -8.167  -0.550 -8.28559E-04 -1.45302E-04  3.25712E+00
    9921.928     -7.967  -0.500 -8.60026E-04 -1.38204E-04  1.62453E+00
    9922.109     -7.786  -0.450 -8.85923E-04 -1.30367E-04 -7.55404E-02
    9922.271     -7.624  -0.400 -9.06762E-04 -1.22011E-04 -1.53468E+00
    9922.414     -7.481  -0.350 -9.22830E-04 -1.13499E-04 -2.60081E+00
    9922.538     -7.358  -0.300 -9.35253E-04 -1.05288E-04 -3.29109E+00
    9922.642     -7.253  -0.250 -9.44679E-04 -9.78313E-05 -3.67978E+00
    9922.728     -7.167  -0.200 -9.51648E-04 -9.15580E-05 -3.85870E+00
    9922.795     -7.100  -0.150 -9.41935E-04 -7.19199E-05 -3.91651E+00
    9922.842     -7.053  -0.100 -8.82763E-04 -8.07722E-06 -3.92130E+00
    9922.871     -7.024  -0.050 -8.23590E-04  5.57655E-05 -3.91146E+00
    9922.880     -7.015   0.000 -7.65064E-04  1.18958E-04 -3.88732E+00
    9922.890     -7.005   0.050 -7.57996E-04  1.22316E-04 -3.85224E+00
    9922.919     -6.977   0.100 -7.48089E-04  1.25673E-04 -3.80514E+00
    9922.966     -6.929   0.150 -7.35402E-04  1.29030E-04 -3.74644E+00
    9923.033     -6.862   0.200 -7.02183E-04  1.35054E-04 -3.59366E+00
    9923.119     -6.777   0.250 -6.43949E-04  1.42542E-04 -3.33467E+00
    9923.223     -6.672   0.300 -5.52637E-04  1.51287E-04 -2.94157E+00
    9923.347     -6.548   0.350 -4.24576E-04  1.60963E-04 -2.40731E+00
    9923.490     -6.405   0.400 -2.61921E-04  1.71188E-04 -1.74966E+00
    9923.652     -6.243   0.450 -7.29358E-05  1.81570E-04 -1.00929E+00
    9923.833     -6.062   0.500  1.23768E-04  1.91742E-04 -2.64519E-01
    9924.033     -5.862   0.550  3.05614E-04  2.01459E-04  3.97764E-01
    9924.252     -5.643   0.600  4.49864E-04  2.10582E-04  8.97211E-01
    9924.490     -5.405   0.650  5.39736E-04  2.19033E-04  1.18163E+00
    9924.747     -5.148   0.700  5.68259E-04  2.26768E-04  1.23797E+00
    9925.024     -4.872   0.750  5.39800E-04  2.33801E-04  1.09310E+00
    9925.319     -4.576   0.800  4.68893E-04  2.40129E-04  8.06713E-01
    9925.633     -4.262   0.850  3.75824E-04  2.45747E-04  4.53710E-01
    9925.967     -3.929   0.900  2.81498E-04  2.50662E-04  1.06610E-01
    9926.319     -3.576   0.950  2.02980E-04  2.54861E-04 -1.78181E-01
    9926.690     -3.205   1.000  1.50811E-04  2.58365E-04 -3.67748E-01
    9927.081     -2.814   1.050  1.28373E-04  2.61175E-04 -4.53049E-01
    9927.491     -2.405   1.100  1.32181E-04  2.63317E-04 -4.47315E-01
    9927.919     -1.976   1.150  1.55510E-04  2.64814E-04 -3.73557E-01
    9928.367     -1.528   1.200  1.89574E-04  2.65711E-04 -2.61201E-01
    9928.834     -1.062   1.250  2.25970E-04  2.66035E-04 -1.38216E-01
    9929.319     -0.576   1.300  2.58221E-04  2.65844E-04 -2.64891E-02
    9929.824     -0.071   1.350  2.82336E-04  2.65185E-04  6.01101E-02
    9930.348      0.453   1.400  2.96804E-04  2.64113E-04  1.15712E-01
    9930.891      0.996   1.450  3.02142E-04  2.62673E-04  1.41254E-01
    9931.453      1.558   1.500  3.00234E-04  2.60926E-04  1.42368E-01
    9932.034      2.139   1.550  2.93474E-04  2.58917E-04  1.26766E-01
    9932.634      2.739   1.600  2.84202E-04  2.56695E-04  1.02268E-01
    9933.253      3.358   1.650  2.74271E-04  2.54296E-04  7.53060E-02
    9933.891      3.996   1.700  2.64914E-04  2.51774E-04  5.02477E-02
    9934.549      4.653   1.750  2.56714E-04  2.49151E-04  2.93436E-02
    9935.225      5.330   1.800  2.49841E-04  2.46460E-04  1.33144E-02
    9935.920      6.025   1.850  2.44238E-04  2.43712E-04  2.10162E-03
    9936.634      6.739   1.900  2.39752E-04  2.40870E-04 -4.53593E-03
    9937.368      7.473   1.950  2.36301E-04  2.37906E-04 -6.61474E-03
    9938.120      8.225   2.000  2.33862E-04  2.34903E-04 -4.36229E-03
    9938.892      8.997   2.050  2.32864E-04  2.32485E-04  1.61379E-03
    9939.682      9.787   2.100  2.33226E-04  2.30843E-04  1.02951E-02
    9940.492     10.597   2.150  2.34413E-04  2.29844E-04  1.99656E-02
    9941.321     11.426   2.200  2.36044E-04  2.29496E-04  2.88237E-02
    9942.168     12.273   2.250  2.37647E-04  2.29760E-04  3.48471E-02
    9943.035     13.140   2.300  2.39054E-04  2.30706E-04  3.69611E-02
    9943.921     14.026   2.350  2.39531E-04  2.31647E-04  3.49624E-02
    9944.826     14.931   2.400  2.38892E-04  2.31525E-04  3.27750E-02
    9945.750     15.855   2.450  2.37687E-04  2.30809E-04  3.07538E-02
    9946.693     16.798   2.500  2.36210E-04  2.29826E-04  2.87149E-02
    9947.655     17.760   2.550  2.34573E-04  2.28716E-04  2.65016E-02
    9948.636     18.741   2.600  2.32815E-04  2.27547E-04  2.39836E-02
    9949.636     19.741   2.650  2.30967E-04  2.26371E-04  2.10373E-02
    9950.655     20.760   2.700  2.29051E-04  2.25241E-04  1.75215E-02
    9951.693     21.798   2.750  2.27092E-04  2.24205E-04  1.33305E-02
    9952.751     22.856   2.800  2.25094E-04  2.23271E-04  8.44594E-03
    9953.827     23.932   2.850  2.23049E-04  2.22410E-04  2.96670E-03
    9954.922     25.027   2.900  2.21010E-04  2.21628E-04 -2.87525E-03
    9956.037     26.142   2.950  2.19050E-04  2.20924E-04 -8.72902E-03
    9957.170     27.275   3.000  2.17251E-04  2.20298E-04 -1.42082E-02
    9958.323     28.428   3.050  2.15688E-04  2.19755E-04 -1.89820E-02
    9959.494     29.599   3.100  2.14412E-04  2.19304E-04 -2.28331E-02
    9960.685     30.790   3.150  2.13416E-04  2.18916E-04 -2.56648E-02
    9961.895     31.999   3.200  2.12717E-04  2.18615E-04 -2.75080E-02
    9963.123     33.228   3.250  2.12284E-04  2.18392E-04 -2.84603E-02
    9964.371     34.476   3.300  2.12081E-04  2.18231E-04 -2.86287E-02
    9965.638     35.743   3.350  2.12095E-04  2.18145E-04 -2.81210E-02
    9966.924     37.029   3.400  2.12308E-04  2.18128E-04 -2.70082E-02
    9968.229     38.334   3.450  2.12703E-04  2.18171E-04 -2.53297E-02
    9969.553     39.658   3.500  2.13278E-04  2.18279E-04 -2.31149E-02
    9970.896     41.001   3.550  2.14013E-04  2.18433E-04 -2.03866E-02
    9972.258     42.363   3.600  2.14903E-04  2.18639E-04 -1.71901E-02
    9973.639     43.744   3.650  2.15931E-04  2.18890E-04 -1.35802E-02
    9975.039     45.144   3.700  2.17076E-04  2.19182E-04 -9.63907E-03
    9976.458     46.563   3.750  2.18311E-04  2.19506E-04 -5.45229E-03
    9977.897     48.001   3.800  2.19616E-04  2.19863E-04 -1.12411E-03
    9979.354     49.459   3.850  2.20955E-04  2.20242E-04  3.23428E-03
    9980.830     50.935   3.900  2.22294E-04  2.20641E-04  7.48352E-03
    9982.326     52.431   3.950  2.23593E-04  2.21052E-04  1.14708E-02
    9983.840     53.945   4.000  2.24817E-04  2.21477E-04  1.50406E-02
    9985.374     55.479   4.050  2.25920E-04  2.21902E-04  1.80430E-02
    9986.926     57.031   4.100  2.26869E-04  2.22324E-04  2.03619E-02
    9988.498     58.603   4.150  2.27650E-04  2.22746E-04  2.19135E-02
    9990.089     60.193   4.200  2.28238E-04  2.23153E-04  2.26696E-02
    9991.698     61.803   4.250  2.28633E-04  2.23542E-04  2.26426E-02
    9993.327     63.432   4.300  2.28846E-04  2.23916E-04  2.18851E-02
    9994.975     65.080   4.350  2.28892E-04  2.24270E-04  2.04758E-02
    9996.642     66.747   4.400  2.28783E-04  2.24598E-04  1.85031E-02
    9998.328     68.432   4.450  2.28531E-04  2.24893E-04  1.60574E-02
   10000.033     70.137   4.500  2.28164E-04  2.25162E-04  1.32290E-02
   10001.757     71.861   4.550  2.27692E-04  2.25396E-04  1.01021E-02
   10003.500     73.605   4.600  2.27139E-04  2.25598E-04  6.77195E-03
   10005.262     75.367   4.650  2.26519E-04  2.25761E-04  3.33182E-03
   10007.043     77.148   4.700  2.25865E-04  2.25891E-04 -1.12040E-04
   10008.843     78.948   4.750  2.25201E-04  2.25987E-04 -3.44958E-03
   10010.662     80.767   4.800  2.24543E-04  2.26042E-04 -6.57153E-03
   10012.501     82.606   4.850  2.23930E-04  2.26070E-04 -9.37156E-03
   10014.358     84.463   4.900  2.23373E-04  2.26059E-04 -1.17636E-02
   10016.235     86.339   4.950  2.22895E-04  2.26019E-04 -1.36829E-02
   10018.130     88.235   5.000  2.22501E-04  2.25947E-04 -1.50923E-02
   10020.045     90.149   5.050  2.22197E-04  2.25846E-04 -1.59798E-02
   10021.978     92.083   5.100  2.21985E-04  2.25719E-04 -1.63587E-02
   10023.931     94.036   5.150  2.21864E-04  2.25573E-04 -1.62576E-02
   10025.902     96.007   5.200  2.21814E-04  2.25399E-04 -1.57171E-02
   10027.893     97.998   5.250  2.21843E-04  2.25213E-04 -1.47823E-02
   10029.903    100.008   5.300  2.21932E-04  2.25006E-04 -1.34946E-02
   10031.932    102.037   5.350  2.22087E-04  2.24795E-04 -1.18925E-02
   10033.980    104.084   5.400  2.22294E-04  2.24571E-04 -1.00089E-02
   10036.047    106.151   5.450  2.22547E-04  2.24337E-04 -7.87386E-03
   10038.132    108.237   5.500  2.22851E-04  2.24105E-04 -5.52249E-03
   10040.237    110.342   5.550  2.23186E-04  2.23866E-04 -2.99873E-03
   10042.362    112.466   5.600  2.23547E-04  2.23629E-04 -3.62371E-04
   10044.505    114.609   5.650  2.23920E-04  2.23397E-04  2.30657E-03
   10046.667    116.772   5.700  2.24281E-04  2.23169E-04  4.90843E-03
   10048.848    118.953   5.750  2.24610E-04  2.22951E-04  7.33018E-03
   10051.048    121.153   5.800  2.24883E-04  2.22745E-04  9.45250E-03
   10053.268    123.372   5.850  2.25064E-04  2.22540E-04  1.11655E-02
   10055.506    125.611   5.900  2.25148E-04  2.22352E-04  1.23783E-02
   10057.763    127.868   5.950  2.25121E-04  2.22179E-04  1.30315E-02
   10060.040    130.145   6.000  2.24974E-04  2.22018E-04  1.31042E-02
   10062.335    132.440   6.050  2.24714E-04  2.21870E-04  1.26139E-02
   10064.650    134.755   6.100  2.24351E-04  2.21733E-04  1.16170E-02
   10066.984    137.088   6.150  2.23909E-04  2.21612E-04  1.01978E-02
   10069.336    139.441   6.200  2.23411E-04  2.21507E-04  8.45803E-03
   10071.708    141.813   6.250  2.22874E-04  2.21409E-04  6.51060E-03
   10074.099    144.204   6.300  2.22334E-04  2.21329E-04  4.46567E-03
   10076.509    146.613   6.350  2.21804E-04  2.21259E-04  2.42298E-03
   10078.937    149.042   6.400  2.21303E-04  2.21198E-04  4.68308E-04
   10081.385    151.490   6.450  2.20854E-04  2.21153E-04 -1.33171E-03
   10083.852    153.957   6.500  2.20453E-04  2.21110E-04 -2.92953E-03
   10086.338    156.443   6.550  2.20107E-04  2.21071E-04 -4.29507E-03
   10088.843    158.948   6.600  2.19825E-04  2.21040E-04 -5.41327E-03
   10091.367    161.472   6.650  2.19606E-04  2.21015E-04 -6.27974E-03
   10093.911    164.015   6.700  2.19439E-04  2.20986E-04 -6.89740E-03
   10096.473    166.578   6.750  2.19330E-04  2.20961E-04 -7.27291E-03
   10099.054    169.159   6.800  2.19275E-04  2.20936E-04 -7.41281E-03
   10101.654    171.759   6.850  2.19263E-04  2.20904E-04 -7.32517E-03
   10104.274    174.379   6.900  2.19297E-04  2.20868E-04 -7.01798E-03
   10106.912    177.017   6.950  2.19370E-04  2.20824E-04 -6.50166E-03
   10109.570    179.674   7.000  2.19478E-04  2.20773E-04 -5.79154E-03
   10112.246    182.351   7.050  2.19618E-04  2.20715E-04 -4.90977E-03
   10114.942    185.047   7.100  2.19775E-04  2.20643E-04 -3.88624E-03
   10117.656    187.761   7.150  2.19950E-04  2.20566E-04 -2.76009E-03
   10120.390    190.495   7.200  2.20121E-04  2.20473E-04 -1.57670E-03
   10123.143    193.248   7.250  2.20282E-04  2.20368E-04 -3.85976E-04
   10125.915    196.019   7.300  2.20423E-04  2.20253E-04  7.62179E-04
   10128.705    198.810   7.350  2.20531E-04  2.20126E-04  1.82191E-03
   10131.515    201.620   7.400  2.20593E-04  2.19981E-04  2.75492E-03
   10134.344    204.449   7.450  2.20608E-04  2.19823E-04  3.53399E-03
   10137.192    207.297   7.500  2.20570E-04  2.19651E-04  4.14353E-03
   10140.059    210.164   7.550  2.20487E-04  2.19472E-04  4.57932E-03
   10142.945    213.050   7.600  2.20349E-04  2.19276E-04  4.84590E-03
   10145.850    215.955   7.650  2.20166E-04  2.19071E-04  4.95383E-03
   10148.774    218.879   7.700  2.19940E-04  2.18854E-04  4.91624E-03
   10151.718    221.822   7.750  2.19675E-04  2.18628E-04  4.74553E-03
   10154.680    224.785   7.800  2.19368E-04  2.18387E-04  4.45230E-03
   10157.661    227.766   7.850  2.19037E-04  2.18147E-04  4.04524E-03
   10160.662    230.766   7.900  2.18670E-04  2.17894E-04  3.53170E-03
   10163.681    233.786   7.950  2.18285E-04  2.17644E-04  2.91957E-03
   10166.719    236.824   8.000  2.17870E-04  2.17383E-04  2.21955E-03
   10169.777    239.882   8.050  2.17441E-04  2.17124E-04  1.44704E-03
   10172.854    242.958   8.100  2.16997E-04  2.16861E-04  6.22553E-04
   10175.949    246.054   8.150  2.16548E-04  2.16597E-04 -2.27754E-04
   10179.064    249.169   8.200  2.16103E-04  2.16337E-04 -1.07325E-03
   10182.197    252.302   8.250  2.15666E-04  2.16075E-04 -1.88053E-03
   10185.350    255.455   8.300  2.15250E-04  2.15819E-04 -2.61550E-03
   10188.522    258.627   8.350  2.14861E-04  2.15566E-04 -3.24560E-03
   10191.713    261.818   8.400  2.14506E-04  2.15318E-04 -3.74202E-03
   10194.923    265.028   8.450  2.14190E-04  2.15074E-04 -4.08184E-03
   10198.152    268.257   8.500  2.13919E-04  2.14838E-04 -4.24972E-03
   10201.400    271.505   8.550  2.13694E-04  2.14611E-04 -4.23916E-03
   10204.667    274.772   8.600  2.13512E-04  2.14387E-04 -4.05348E-03
   10207.953    278.058   8.650  2.13372E-04  2.14171E-04 -3.70552E-03
   10211.258    281.363   8.700  2.13271E-04  2.13964E-04 -3.21653E-03
   10214.582    284.687   8.750  2.13198E-04  2.13761E-04 -2.61622E-03
   10217.926    288.030   8.800  2.13148E-04  2.13565E-04 -1.93731E-03
   10221.288    291.393   8.850  2.13117E-04  2.13377E-04 -1.21480E-03
   10224.669    294.774   8.900  2.13091E-04  2.13194E-04 -4.82705E-04
   10228.070    298.175   8.950  2.13069E-04  2.13020E-04  2.28260E-04
   10231.489    301.594   9.000  2.13043E-04  2.12853E-04  8.91970E-04
   10234.928    305.032   9.050  2.13005E-04  2.12687E-04  1.48762E-03
   10238.385    308.490   9.100  2.12955E-04  2.12528E-04  1.99937E-03
   10241.862    311.967   9.150  2.12887E-04  2.12372E-04  2.41538E-03
   10245.358    315.462   9.200  2.12797E-04  2.12215E-04  2.72736E-03
   10248.872    318.977   9.250  2.12685E-04  2.12062E-04  2.92928E-03
   10252.406    322.511   9.300  2.12553E-04  2.11912E-04  3.01760E-03
   10255.959    326.064   9.350  2.12398E-04  2.11763E-04  2.99116E-03
   10259.531    329.635   9.400  2.12215E-04  2.11610E-04  2.85192E-03
   10263.122    333.226   9.450  2.12011E-04  2.11459E-04  2.60548E-03
   10266.732    336.836   9.500  2.11781E-04  2.11302E-04  2.26180E-03
   10270.361    340.465   9.550  2.11533E-04  2.11145E-04  1.83547E-03
   10274.009    344.113   9.600  2.11271E-04  2.10987E-04  1.34540E-03
   10277.676    347.781   9.650  2.10997E-04  2.10826E-04  8.14308E-04
   10281.362    351.467   9.700  2.10714E-04  2.10657E-04  2.67391E-04
   10285.067    355.172   9.750  2.10424E-04  2.10481E-04 -2.69151E-04
   10288.791    358.896   9.800  2.10141E-04  2.10303E-04 -7.69798E-04
   10292.535    362.639   9.850  2.09866E-04  2.10121E-04 -1.21170E-03
   10296.297    366.402   9.900  2.09596E-04  2.09927E-04 -1.57611E-03
   10300.078    370.183   9.950  2.09347E-04  2.09735E-04 -1.84988E-03
   10303.879    373.984  10.000  2.09104E-04  2.09528E-04 -2.02593E-03
   10307.698    377.803  10.050  2.08880E-04  2.09320E-04 -2.10380E-03
   10311.537    381.642  10.100  2.08672E-04  2.09108E-04 -2.08881E-03
   10315.395    385.499  10.150  2.08472E-04  2.08887E-04 -1.99099E-03
   10319.271    389.376  10.200  2.08281E-04  2.08661E-04 -1.82373E-03
   10323.167    393.272  10.250  2.08098E-04  2.08431E-04 -1.60179E-03
   10327.082    397.186  10.300  2.07915E-04  2.08193E-04 -1.33999E-03
   10331.015    401.120  10.350  2.07737E-04  2.07955E-04 -1.05171E-03
   10334.968    405.073  10.400  2.07561E-04  2.07716E-04 -7.48385E-04
   10338.940    409.045  10.450  2.07384E-04  2.07475E-04 -4.39175E-04
   10342.931    413.036  10.500  2.07202E-04  2.07229E-04 -1.31465E-04
   10346.941    417.046  10.550  2.07017E-04  2.06983E-04  1.68519E-04
   10350.970    421.075  10.600  2.06836E-04  2.06742E-04  4.54936E-04
   10355.018    425.123  10.650  2.06644E-04  2.06495E-04  7.21575E-04
   10359.086    429.190  10.700  2.06454E-04  2.06255E-04  9.61546E-04
   10363.172    433.277  10.750  2.06257E-04  2.06016E-04  1.16732E-03
   10367.277    437.382  10.800  2.06052E-04  2.05778E-04  1.33103E-03
   10371.401    441.506  10.850  2.05837E-04  2.05540E-04  1.44530E-03
   10375.545    445.649  10.900  2.05619E-04  2.05310E-04  1.50401E-03
   10379.707    449.812  10.950  2.05390E-04  2.05081E-04  1.50323E-03
   10383.889    453.993  11.000  2.05151E-04  2.04856E-04  1.44190E-03
   10388.089    458.194  11.050  2.04907E-04  2.04636E-04  1.32222E-03
   10392.309    462.413  11.100  2.04655E-04  2.04420E-04  1.14971E-03
   10396.547    466.652  11.150  2.04400E-04  2.04209E-04  9.33017E-04
   10400.805    470.910  11.200  2.04141E-04  2.04001E-04  6.83205E-04
   10405.082    475.186  11.250  2.03879E-04  2.03794E-04  4.13072E-04
   10409.377    479.482  11.300  2.03622E-04  2.03594E-04  1.36117E-04
   10413.692    483.797  11.350  2.03369E-04  2.03396E-04 -1.34382E-04
   10418.026    488.131  11.400  2.03127E-04  2.03205E-04 -3.86336E-04
   10422.379    492.484  11.450  2.02887E-04  2.03011E-04 -6.09497E-04
   10426.751    496.856  11.500  2.02660E-04  2.02822E-04 -7.96023E-04
   10431.142    501.247  11.550  2.02442E-04  2.02633E-04 -9.40748E-04
   10435.552    505.657  11.600  2.02233E-04  2.02445E-04 -1.04118E-03
   10439.981    510.086  11.650  2.02034E-04  2.02256E-04 -1.09717E-03
   10444.429    514.534  11.700  2.01843E-04  2.02068E-04 -1.11051E-03
   10448.896    519.001  11.750  2.01666E-04  2.01885E-04 -1.08439E-03
   10453.383    523.487  11.800  2.01490E-04  2.01696E-04 -1.02279E-03
   10457.888    527.993  11.850  2.01319E-04  2.01507E-04 -9.30043E-04
   10462.412    532.517  11.900  2.01147E-04  2.01311E-04 -8.10473E-04
   10466.956    537.061  11.950  2.00985E-04  2.01120E-04 -6.68252E-04
   10471.518    541.623  12.000  2.00820E-04  2.00922E-04 -5.07545E-04
   10476.100    546.204  12.050  2.00654E-04  2.00721E-04 -3.32563E-04
   10480.700    550.805  12.100  2.00485E-04  2.00515E-04 -1.48014E-04
   10485.320    555.425  12.150  2.00313E-04  2.00305E-04  4.07927E-05
   10489.958    560.063  12.200  2.00140E-04  2.00095E-04  2.27618E-04
   10494.616    564.721  12.250  1.99958E-04  1.99877E-04  4.05557E-04
   10499.293    569.398  12.300  1.99769E-04  1.99655E-04  5.67034E-04
   10503.989    574.094  12.350  1.99568E-04  1.99427E-04  7.04472E-04
   10508.704    578.808  12.400  1.99359E-04  1.99197E-04  8.10745E-04
   10513.438    583.542  12.450  1.99135E-04  1.98960E-04  8.79958E-04
   10518.190    588.295  12.500  1.98901E-04  1.98720E-04  9.08019E-04
   10522.962    593.067  12.550  1.98651E-04  1.98473E-04  8.93210E-04
   10527.754    597.858  12.600  1.98390E-04  1.98224E-04  8.36479E-04
   10532.564    602.668  12.650  1.98120E-04  1.97972E-04  7.41404E-04
   10537.393    607.498  12.700  1.97838E-04  1.97716E-04  6.14039E-04
   10542.241    612.346  12.750  1.97553E-04  1.97461E-04  4.62312E-04
   10547.108    617.213  12.800  1.97255E-04  1.97196E-04  2.95397E-04
   10551.995    622.099  12.850  1.96960E-04  1.96936E-04  1.22784E-04
   10556.900    627.005  12.900  1.96659E-04  1.96668E-04 -4.62185E-05
   10561.824    631.929  12.950  1.96360E-04  1.96400E-04 -2.03464E-04
   10566.768    636.873  13.000  1.96069E-04  1.96137E-04 -3.42248E-04
   10571.730    641.835  13.050  1.95778E-04  1.95868E-04 -4.57637E-04
   10576.712    646.817  13.100  1.95492E-04  1.95599E-04 -5.46545E-04
   10581.712    651.817  13.150  1.95213E-04  1.95332E-04 -6.07542E-04
   10586.732    656.837  13.200  1.94939E-04  1.95065E-04 -6.40544E-04
   10591.771    661.876  13.250  1.94675E-04  1.94802E-04 -6.46608E-04
   10596.829    666.933  13.300  1.94414E-04  1.94536E-04 -6.27523E-04
   10601.905    672.010  13.350  1.94162E-04  1.94276E-04 -5.85554E-04
   10607.001    677.106  13.400  1.93915E-04  1.94017E-04 -5.23357E-04
   10612.116    682.221  13.450  1.93673E-04  1.93759E-04 -4.43767E-04
   10617.250    687.355  13.500  1.93440E-04  1.93508E-04 -3.49999E-04
   10622.403    692.508  13.550  1.93206E-04  1.93253E-04 -2.45429E-04
   10627.575    697.680  13.600  1.92978E-04  1.93004E-04 -1.33891E-04
   10632.766    702.871  13.650  1.92759E-04  1.92763E-04 -1.95306E-05
   10637.976    708.081  13.700  1.92534E-04  1.92516E-04  9.32301E-05
   10643.206    713.310  13.750  1.92314E-04  1.92276E-04  1.99793E-04
   10648.454    718.559  13.800  1.92093E-04  1.92037E-04  2.95634E-04
   10653.721    723.826  13.850  1.91871E-04  1.91798E-04  3.76540E-04
   10659.007    729.112  13.900  1.91651E-04  1.91567E-04  4.38923E-04
   10664.313    734.418  13.950  1.91424E-04  1.91332E-04  4.80082E-04
   10669.637    739.742  14.000  1.91196E-04  1.91100E-04  4.98471E-04
   10674.981    745.086  14.050  1.90965E-04  1.90870E-04  4.93769E-04
   10680.343    750.448  14.100  1.90730E-04  1.90640E-04  4.67017E-04
   10685.725    755.830  14.150  1.90486E-04  1.90405E-04  4.20462E-04
   10691.126    761.230  14.200  1.90244E-04  1.90176E-04  3.57442E-04
   10696.545    766.650  14.250  1.89997E-04  1.89944E-04  2.82031E-04
   10701.984    772.089  14.300  1.89746E-04  1.89708E-04  1.98758E-04
   10707.442    777.547  14.350  1.89497E-04  1.89475E-04  1.12261E-04
   10712.919    783.024  14.400  1.89242E-04  1.89237E-04  2.69019E-05
   10718.415    788.519  14.450  1.88995E-04  1.89005E-04 -5.35818E-05
   10723.930    794.034  14.500  1.88735E-04  1.88759E-04 -1.26092E-04
   10729.464    799.568  14.550  1.88483E-04  1.88519E-04 -1.88485E-04
   10735.017    805.121  14.600  1.88231E-04  1.88276E-04 -2.39448E-04
   10740.589    810.694  14.650  1.87975E-04  1.88027E-04 -2.78442E-04
   10746.180    816.285  14.700  1.87720E-04  1.87778E-04 -3.05507E-04
   10751.790    821.895  14.750  1.87459E-04  1.87520E-04 -3.21104E-04
   10757.419    827.524  14.800  1.87199E-04  1.87261E-04 -3.25862E-04
   10763.068    833.172  14.850  1.86941E-04  1.87001E-04 -3.20417E-04
   10768.735    838.840  14.900  1.86684E-04  1.86741E-04 -3.05227E-04
   10774.421    844.526  14.950  1.86421E-04  1.86473E-04 -2.80655E-04
   10780.127    850.232  15.000  1.86158E-04  1.86204E-04 -2.46941E-04
   10785.851    855.956  15.050  1.85896E-04  1.85934E-04 -2.04378E-04
   10791.595    861.700  15.100  1.85634E-04  1.85662E-04 -1.53482E-04
   10797.358    867.462  15.150  1.85366E-04  1.85384E-04 -9.52994E-05
   10803.139    873.244  15.200  1.85107E-04  1.85113E-04 -3.13821E-05
   10808.940    879.045  15.250  1.84841E-04  1.84834E-04  3.58967E-05
   10814.760    884.864  15.300  1.84574E-04  1.84555E-04  1.03512E-04
   10820.598    890.703  15.350  1.84304E-04  1.84273E-04  1.67918E-04
   10826.456    896.561  15.400  1.84028E-04  1.83987E-04  2.25217E-04
   10832.333    902.438  15.450  1.83757E-04  1.83707E-04  2.71674E-04
   10838.229    908.334  15.500  1.83483E-04  1.83428E-04  3.03993E-04
   10844.144    914.249  15.550  1.83207E-04  1.83148E-04  3.19744E-04
   10850.078    920.183  15.600  1.82927E-04  1.82869E-04  3.17683E-04
   10856.031    926.136  15.650  1.82644E-04  1.82589E-04  2.97904E-04
   10862.003    932.108  15.700  1.82358E-04  1.82310E-04  2.61844E-04
   10867.995    938.099  15.750  1.82078E-04  1.82039E-04  2.12155E-04
   10874.005    944.110  15.800  1.81789E-04  1.81762E-04  1.52391E-04
   10880.034    950.139  15.850  1.81506E-04  1.81490E-04  8.66053E-05
   10886.083    956.187  15.900  1.81219E-04  1.81215E-04  1.90087E-05
   10892.150    962.255  15.950  1.80938E-04  1.80946E-04 -4.64667E-05
   10898.236    968.341  16.000  1.80663E-04  1.80682E-04 -1.06477E-04
   10904.342    974.447  16.050  1.80387E-04  1.80416E-04 -1.58410E-04
   10910.466    980.571  16.100  1.80112E-04  1.80148E-04 -2.00513E-04
   10916.610    986.715  16.150  1.79846E-04  1.79887E-04 -2.31771E-04
   10922.773    992.877  16.200  1.79582E-04  1.79628E-04 -2.51802E-04
   10928.954    999.059  16.250  1.79321E-04  1.79368E-04 -2.60632E-04
   10935.155   1005.260  16.300  1.79063E-04  1.79109E-04 -2.58640E-04
   10941.375   1011.480  16.350  1.78806E-04  1.78850E-04 -2.46302E-04
   10947.614   1017.719  16.400  1.78551E-04  1.78591E-04 -2.24202E-04
   10953.872   1023.976  16.450  1.78305E-04  1.78340E-04 -1.93095E-04
   10960.149   1030.253  16.500  1.78054E-04  1.78081E-04 -1.53943E-04
   10966.445   1036.549  16.550  1.77803E-04  1.77822E-04 -1.08046E-04
   10972.760   1042.864  16.600  1.77553E-04  1.77563E-04 -5.70562E-05
   10979.094   1049.199  16.650  1.77311E-04  1.77312E-04 -3.10397E-06
   10985.447   1055.552  16.700  1.77063E-04  1.77053E-04  5.12954E-05
   10991.819   1061.924  16.750  1.76812E-04  1.76794E-04  1.03443E-04
   10998.210   1068.315  16.800  1.76559E-04  1.76532E-04  1.50525E-04
   11004.621   1074.725  16.850  1.76299E-04  1.76266E-04  1.89974E-04
   11011.050   1081.155  16.900  1.76042E-04  1.76003E-04  2.19645E-04
   11017.498   1087.603  16.950  1.75778E-04  1.75736E-04  2.38047E-04
   11023.966   1094.071  17.000  1.75511E-04  1.75468E-04  2.44464E-04
   11030.452   1100.557  17.050  1.75240E-04  1.75198E-04  2.38992E-04
   11036.958   1107.063  17.100  1.74966E-04  1.74927E-04  2.22491E-04
   11043.483   1113.587  17.150  1.74690E-04  1.74656E-04  1.96478E-04
   11050.026   1120.131  17.200  1.74406E-04  1.74377E-04  1.62867E-04
   11056.589   1126.694  17.250  1.74120E-04  1.74098E-04  1.23846E-04
   11063.171   1133.275  17.300  1.73833E-04  1.73819E-04  8.16295E-05
   11069.771   1139.876  17.350  1.73545E-04  1.73538E-04  3.82616E-05
   11076.391   1146.496  17.400  1.73250E-04  1.73251E-04 -4.45707E-06
   11083.030   1153.135  17.450  1.72960E-04  1.72967E-04 -4.50399E-05
   11089.688   1159.793  17.500  1.72666E-04  1.72680E-04 -8.23123E-05
   11096.365   1166.470  17.550  1.72372E-04  1.72392E-04 -1.15379E-04
   11103.061   1173.166  17.600  1.72078E-04  1.72103E-04 -1.43515E-04
   11109.776   1179.881  17.650  1.71784E-04  1.71813E-04 -1.66077E-04
   11116.510   1186.615  17.700  1.71492E-04  1.71524E-04 -1.82513E-04
   11123.264   1193.368  17.750  1.71201E-04  1.71234E-04 -1.92293E-04
   11130.036   1200.141  17.800  1.70909E-04  1.70942E-04 -1.94971E-04
   11136.827   1206.932  17.850  1.70620E-04  1.70652E-04 -1.90226E-04
   11143.637   1213.742  17.900  1.70332E-04  1.70363E-04 -1.77938E-04
   11150.467   1220.572  17.950  1.70046E-04  1.70073E-04 -1.58339E-04
   11157.315   1227.420  18.000  1.69761E-04  1.69784E-04 -1.32048E-04
   11164.183   1234.288  18.050  1.69479E-04  1.69496E-04 -1.00085E-04
   11171.069   1241.174  18.100  1.69198E-04  1.69208E-04 -6.38724E-05
   11177.975   1248.080  18.150  1.68921E-04  1.68925E-04 -2.50919E-05
   11184.900   1255.004  18.200  1.68641E-04  1.68639E-04  1.43309E-05
   11191.843   1261.948  18.250  1.68367E-04  1.68358E-04  5.24702E-05
   11198.806   1268.911  18.300  1.68086E-04  1.68071E-04  8.74797E-05
   11205.788   1275.893  18.350  1.67810E-04  1.67791E-04  1.17784E-04
   11212.789   1282.893  18.400  1.67535E-04  1.67511E-04  1.42110E-04
   11219.809   1289.913  18.450  1.67261E-04  1.67234E-04  1.59592E-04
   11226.848   1296.952  18.500  1.66990E-04  1.66962E-04  1.69771E-04
   11233.906   1304.010  18.550  1.66712E-04  1.66683E-04  1.72591E-04
   11240.983   1311.087  18.600  1.66440E-04  1.66412E-04  1.68330E-04
   11248.079   1318.183  18.650  1.66161E-04  1.66135E-04  1.57487E-04
   11255.194   1325.299  18.700  1.65887E-04  1.65864E-04  1.40802E-04
   11262.328   1332.433  18.750  1.65608E-04  1.65588E-04  1.19110E-04
   11269.481   1339.586  18.800  1.65332E-04  1.65317E-04  9.33492E-05
   11276.654   1346.758  18.850  1.65057E-04  1.65046E-04  6.44690E-05
   11283.845   1353.950  18.900  1.64776E-04  1.64771E-04  3.34815E-05
   11291.055   1361.160  18.950  1.64501E-04  1.64501E-04  1.40164E-06
   11298.285   1368.390  19.000  1.64224E-04  1.64229E-04 -3.06827E-05
   11305.533   1375.638  19.050  1.63943E-04  1.63953E-04 -6.16091E-05
   11312.801   1382.906  19.100  1.63666E-04  1.63681E-04 -9.02396E-05
   11320.087   1390.192  19.150  1.63386E-04  1.63405E-04 -1.15351E-04
   11327.393   1397.498  19.200  1.63110E-04  1.63133E-04 -1.35774E-04
   11334.718   1404.823  19.250  1.62829E-04  1.62854E-04 -1.50423E-04
   11342.061   1412.166  19.300  1.62549E-04  1.62575E-04 -1.58436E-04
   11349.424   1419.529  19.350  1.62270E-04  1.62296E-04 -1.59229E-04
   11356.806   1426.911  19.400  1.61992E-04  1.62017E-04 -1.52577E-04
   11364.207   1434.312  19.450  1.61707E-04  1.61730E-04 -1.38694E-04
   11371.627   1441.732  19.500  1.61430E-04  1.61449E-04 -1.18216E-04
   11379.066   1449.171  19.550  1.61147E-04  1.61162E-04 -9.22072E-05
   11386.524   1456.629  19.600  1.60870E-04  1.60880E-04 -6.20640E-05
   11394.001   1464.106  19.650  1.60587E-04  1.60592E-04 -2.94444E-05
   11401.497   1471.602  19.700  1.60304E-04  1.60304E-04  3.89732E-06
   11409.012   1479.117  19.750  1.60021E-04  1.60016E-04  3.62043E-05
   11416.547   1486.651  19.800  1.59733E-04  1.59722E-04  6.58601E-05
   11424.100   1494.205  19.850  1.59450E-04  1.59436E-04  9.14680E-05
   11431.672   1501.777  19.900  1.59166E-04  1.59148E-04  1.11946E-04
   11439.264   1509.368  19.950  1.58886E-04  1.58866E-04  1.26559E-04
