# r  chir_mag  chir_re  chir_im
0.000000000000000000e+00 3.500742892590032185e-02 3.500742892590032185e-02 0.000000000000000000e+00
3.067961575771282340e-02 3.513583472918922757e-02 3.450471061067558048e-02 -6.629617469389284361e-03
6.135923151542564680e-02 3.536497482899238903e-02 3.271206691050703580e-02 -1.343882893327301951e-02
9.203884727313846326e-02 3.530294381917888774e-02 2.904894270187360905e-02 -2.006132523547147356e-02
1.227184630308512936e-01 3.449486769830973493e-02 2.327601211691077143e-02 -2.545826304871004128e-02
1.533980787885641239e-01 3.259974975950739873e-02 1.605809793447309647e-02 -2.837042782739402844e-02
1.840776945462769265e-01 2.954430061976362487e-02 9.016146797493013523e-03 -2.813493906225890059e-02
2.147573103039897569e-01 2.570867099422526059e-02 4.105502111010501595e-03 -2.537874340281267085e-02
2.454369260617025872e-01 2.224387253122686939e-02 2.562534496793941047e-03 -2.209577521016654195e-02
2.761165418194154175e-01 2.127961924361067639e-02 3.974314752507550688e-03 -2.090519115916060489e-02
3.067961575771282479e-01 2.449988460635137838e-02 6.057528123472173849e-03 -2.373922279178231759e-02
3.374757733348410782e-01 3.106385211415036568e-02 5.433121573085511295e-03 -3.058503062188882432e-02
3.681553890925538530e-01 3.899681098895945580e-02 -8.217399280251519922e-04 -3.898815218498202090e-02
3.988350048502666834e-01 4.673366143139501272e-02 -1.352354693619278216e-02 -4.473420155819089750e-02
4.295146206079795137e-01 5.317139307868840037e-02 -3.047783362356323508e-02 -4.356946981020989873e-02
4.601942363656923440e-01 5.750365366118036919e-02 -4.690894228689160977e-02 -3.325990556075069521e-02
4.908738521234051744e-01 5.915648878877882710e-02 -5.722001401471796950e-02 -1.501200059860088518e-02
5.215534678811180047e-01 5.778198947336038449e-02 -5.741107727135371513e-02 6.536552152487110773e-03
5.522330836388308350e-01 5.327009572320165476e-02 -4.706918799815721505e-02 2.494382968898721173e-02
5.829126993965436654e-01 4.576214741783556778e-02 -2.992040679131949266e-02 3.462576199498975521e-02
6.135923151542564957e-01 3.566707281978141741e-02 -1.251503371841520412e-02 3.339931158809296419e-02
6.442719309119693261e-01 2.372771119685410796e-02 -1.472816752763207292e-03 2.368195704442721539e-02
6.749515466696821564e-01 1.164826374144524966e-02 -4.543878326675023296e-04 1.163939774592276030e-02
7.056311624273949867e-01 9.415486074096051164e-03 -8.277824748652679379e-03 4.486534903696828662e-03
7.363107781851077061e-01 2.044934109912045078e-02 -1.919392788453028534e-02 7.054692321542281944e-03
7.669903939428205364e-01 3.184241356388436278e-02 -2.540036286459347245e-02 1.920314734413157767e-02
7.976700097005333667e-01 4.107054791924603238e-02 -2.080887133134978403e-02 3.540876699777067982e-02
8.283496254582461971e-01 4.716473720960903671e-02 -4.377549535806330404e-03 4.696114879464770298e-02
8.590292412159590274e-01 4.962610547979483255e-02 1.864850140470265469e-02 4.598895237391829871e-02
8.897088569736718577e-01 4.849490418338822662e-02 3.842333165648281063e-02 2.958721541767543942e-02
9.203884727313846881e-01 4.469611913625035071e-02 4.464764622376584530e-02 2.081046015669235465e-03
9.510680884890975184e-01 4.076067444233613668e-02 3.149794785844424461e-02 -2.587106224531266624e-02
9.817477042468103487e-01 4.130089272078561746e-02 1.107597745621440553e-03 -4.128603840001770359e-02
1.012427320004523068e+00 4.998109233862464001e-02 -3.619392726486172357e-02 -3.446896024698194866e-02
1.043106935762236009e+00 6.547319075190589921e-02 -6.536196023603735306e-02 -3.814821272107969327e-03
1.073786551519948729e+00 8.416148468272996452e-02 -7.264553015994636154e-02 4.249449907672421534e-02
1.104466167277661670e+00 1.028970183036830854e-01 -5.164339259329765036e-02 8.899863132230191598e-02
1.135145783035374389e+00 1.191378344813707746e-01 -6.650792755837725730e-03 1.189520515192125372e-01
1.165825398793087331e+00 1.307348506559167789e-01 4.849560887977407558e-02 1.214074836878058367e-01
1.196505014550800050e+00 1.359269941232177092e-01 9.598187366544534693e-02 9.624774105943346980e-02
1.227184630308512991e+00 1.335471658606422474e-01 1.218579767931665392e-01 5.463953697905918339e-02
1.257864246066225711e+00 1.235635377123875667e-01 1.227426508660544174e-01 1.421933579231077563e-02
1.288543861823938652e+00 1.085156824393866959e-01 1.081142221681150734e-01 -9.325679614337598067e-03
1.319223477581651371e+00 9.714871187907625494e-02 9.655153776238636909e-02 -1.075512786917244036e-02
1.349903093339364313e+00 1.068632706223347772e-01 1.068631499164767740e-01 1.606176545915079213e-04
1.380582709097077032e+00 1.475073196841039935e-01 1.475053441987035363e-01 7.634089405077128677e-04
1.411262324854789973e+00 2.119468828784473458e-01 2.089409461045533822e-01 -3.556911866808610406e-02
1.441941940612502693e+00 2.918415462159669738e-01 2.629499389062759929e-01 -1.266049672284310368e-01
1.472621556370215412e+00 3.818542055758324394e-01 2.704387107288427350e-01 -2.695840092721959458e-01
1.503301172127928353e+00 4.779453253504858945e-01 1.958628541224599340e-01 -4.359695819657442573e-01
1.533980787885641073e+00 5.764228689482123746e-01 2.332532261495574855e-02 -5.759507384936632945e-01
1.564660403643354014e+00 6.736512955281405146e-01 -2.319514219457249060e-01 -6.324591732468574090e-01
1.595340019401066733e+00 7.660229717002595695e-01 -5.220279828068793426e-01 -5.606050109828462080e-01
1.626019635158779675e+00 8.500331949187495129e-01 -7.765098641286943826e-01 -3.458162277490943182e-01
1.656699250916492394e+00 9.223976334133132671e-01 -9.222952393873994348e-01 -1.374356321413008029e-02
1.687378866674205335e+00 9.801847678868881308e-01 -9.066223151486865195e-01 3.725562465882278906e-01
1.718058482431918055e+00 1.020948467794559944e+00 -7.154929055898897605e-01 7.282895550140731089e-01
1.748738098189630996e+00 1.042851437583312890e+00 -3.806923108228514319e-01 9.708823231215718552e-01
1.779417713947343715e+00 1.044773761428559267e+00 2.763009023092866806e-02 1.044408344797862487e+00
1.810097329705056657e+00 1.026404056026598122e+00 4.208139795618364709e-01 9.361735313675463299e-01
1.840776945462769376e+00 9.883149044057820687e-01 7.174895293470683333e-01 6.796875205180190616e-01
1.871456561220482318e+00 9.320304600731598166e-01 8.666282055923159033e-01 3.429815327040636186e-01
1.902136176978195037e+00 8.601041999450284026e-01 8.600802835274551361e-01 6.414097786121220751e-03
1.932815792735907978e+00 7.762414712732161881e-01 7.306202721238214126e-01 -2.621923715254133036e-01
1.963495408493620697e+00 6.855259327917821999e-01 5.367589544985591488e-01 -4.264218912012571194e-01
1.994175024251333417e+00 5.948236916137699115e-01 3.403092055088284273e-01 -4.878574266637571988e-01
2.024854640009046136e+00 5.133281963537689174e-01 1.851338391121838955e-01 -4.787810551675970583e-01
2.055534255766759077e+00 4.525550136528643796e-01 8.475261068658057617e-02 -4.445481249135498913e-01
2.086213871524472019e+00 4.235391027367172434e-01 2.286342360832651494e-02 -4.229215475805527813e-01
2.116893487282184960e+00 4.298784758137047524e-01 -3.423786399767859284e-02 -4.285128616935439672e-01
2.147573103039897457e+00 4.636987967937992727e-01 -1.189058814427005756e-01 -4.481941158765380129e-01
2.178252718797610399e+00 5.113245892299138617e-01 -2.449154122916367693e-01 -4.488532904782561173e-01
2.208932334555323340e+00 5.605521380074864890e-01 -3.987805907216169232e-01 -3.939450975560966350e-01
2.239611950313036282e+00 6.029260380332210900e-01 -5.430918499386386822e-01 -2.618607451846579615e-01
2.270291566070748779e+00 6.331894080416545778e-01 -6.304795958847848603e-01 -5.851756684192665342e-02
2.300971181828461720e+00 6.483685320255974105e-01 -6.225774847746756713e-01 1.810497963894646956e-01
2.331650797586174662e+00 6.471260526652581335e-01 -5.063946131673136009e-01 4.029101932109006579e-01
2.362330413343887603e+00 6.293553789450369029e-01 -3.015492462997061418e-01 5.524094903811211932e-01
2.393010029101600100e+00 5.959110524057450453e-01 -5.541286244218945889e-02 5.933290799002570726e-01
2.423689644859313042e+00 5.484047841427197589e-01 1.720823336317934549e-01 5.207067098880704403e-01
2.454369260617025983e+00 4.890304004873209376e-01 3.282581304022281210e-01 3.624876996887250180e-01
2.485048876374738480e+00 4.204010523166931135e-01 3.847205639198498228e-01 1.694908035445454597e-01
2.515728492132451422e+00 3.453930807062365882e-01 3.453847747370274446e-01 -2.395324528678043075e-03
2.546408107890164363e+00 2.669972869329786391e-01 2.428130375900922067e-01 -1.110377413578095135e-01
2.577087723647877304e+00 1.881842456393697516e-01 1.246517800722991287e-01 -1.409795872871878464e-01
2.607767339405589802e+00 1.118116913567233639e-01 3.560110910160950437e-02 -1.059925249948620862e-01
2.638446955163302743e+00 4.091506331687305015e-02 1.800821118982945650e-03 -4.087541375351638057e-02
2.669126570921015684e+00 2.708123672648662592e-02 2.328835333498979060e-02 1.382193841618019857e-02
2.699806186678728626e+00 8.178606970547148969e-02 7.685010524118282560e-02 2.798253959681583705e-02
2.730485802436441123e+00 1.277185540488742499e-01 1.275170801402684961e-01 -7.171005566554396540e-03
2.761165418194154064e+00 1.632045853791827539e-01 1.437506489175126578e-01 -7.727540116094488987e-02
2.791845033951867006e+00 1.879596788265765483e-01 1.102247080196312734e-01 -1.522476752091040664e-01
2.822524649709579947e+00 2.022507150392751918e-01 3.338226612134325560e-02 -1.994767556446161993e-01
2.853204265467292444e+00 2.067957572925921417e-01 -6.198134636646827900e-02 -1.972886158317721239e-01
2.883883881225005386e+00 2.026926080264387642e-01 -1.432641774724565387e-01 -1.433864317210663542e-01
2.914563496982718327e+00 1.913451167288343635e-01 -1.832039241661547191e-01 -5.522024869640731332e-02
2.945243112740430824e+00 1.743890792330211048e-01 -1.703235301944368008e-01 3.743589210698318459e-02
2.975922728498143766e+00 1.536263833903268872e-01 -1.127174900613400893e-01 1.043831073874667004e-01
3.006602344255856707e+00 1.309810117429245913e-01 -3.404254995891298208e-02 1.264797621340863487e-01
3.037281960013569648e+00 1.084948048504800061e-01 3.630650830990114070e-02 1.022397189642402088e-01
3.067961575771282146e+00 8.836825960910738020e-02 7.468363731128090099e-02 4.723667668559728555e-02
3.098641191528995087e+00 7.294203875764225520e-02 7.176535653981835905e-02 -1.304893171237159893e-02
3.129320807286708028e+00 6.417549624579961531e-02 3.503353792691456942e-02 -5.376937361284841316e-02
3.160000423044420970e+00 6.226195215711018832e-02 -1.544252053944637770e-02 -6.031649232011965928e-02
3.190680038802133467e+00 6.503732910706565284e-02 -5.587078146408678420e-02 -3.329128949099187385e-02
3.221359654559846408e+00 6.968114555329342485e-02 -6.848924866842538706e-02 1.283296000359446069e-02
3.252039270317559350e+00 7.430455997159302051e-02 -4.831917027424229710e-02 5.644843148025322638e-02
3.282718886075272291e+00 7.810253098181250964e-02 -4.437904565136722469e-03 7.797634480299599213e-02
3.313398501832984788e+00 8.096829911199268648e-02 4.440969713661797880e-02 6.770261635507877906e-02
3.344078117590697730e+00 8.313220009454626303e-02 7.780758566098670836e-02 2.927357692814279780e-02
3.374757733348410671e+00 8.489880288107846951e-02 8.192305381674953868e-02 -2.228048437485542418e-02
3.405437349106123612e+00 8.646956225875260249e-02 5.476533522205651039e-02 -6.691594171224125864e-02
3.436116964863836110e+00 8.785408398240282524e-02 6.556605700298740076e-03 -8.760908054578531168e-02
3.466796580621549051e+00 8.887206908218339696e-02 -4.466005452556580380e-02 -7.683569608405892148e-02
3.497476196379261992e+00 8.922433746152812206e-02 -8.021131736546496804e-02 -3.907847184762102549e-02
3.528155812136974490e+00 8.859327937223540617e-02 -8.786031205503791464e-02 1.137254217483097546e-02
3.558835427894687431e+00 8.673743308646515715e-02 -6.606232607419072755e-02 5.620632857691666706e-02
3.589515043652400372e+00 8.356297823447957074e-02 -2.397557621354587040e-02 8.004962883514551986e-02
3.620194659410113314e+00 7.917106053964763357e-02 2.249540768146669409e-02 7.590792751891702050e-02
3.650874275167825811e+00 7.388690914279352762e-02 5.687079950616096002e-02 4.716977322613994522e-02
3.681553890925538752e+00 6.827349308910569958e-02 6.803572161379263517e-02 5.693017045352264348e-03
3.712233506683251694e+00 6.311507121555334776e-02 5.379403372611604034e-02 -3.301081868142414361e-02
3.742913122440964635e+00 5.932009732797424023e-02 2.095318716973488746e-02 -5.549628721302347911e-02
3.773592738198677132e+00 5.767378647657604718e-02 -1.776709544895907142e-02 -5.486889798285786435e-02
3.804272353956390074e+00 5.848765257493088177e-02 -4.858339504408414056e-02 -3.256469299281477409e-02
3.834951969714103015e+00 6.142616616497340032e-02 -6.135737841198519310e-02 2.906200979866386657e-03
3.865631585471815956e+00 6.570852310114548567e-02 -5.254454315277774790e-02 3.945479683130615617e-02
3.896311201229528454e+00 7.047086204693985001e-02 -2.559907299528844937e-02 6.565691021835189101e-02
3.926990816987241395e+00 7.500342716577478031e-02 1.093991962528504010e-02 7.420129544154863144e-02
3.957670432744954336e+00 7.882289114395818475e-02 4.667734640658343509e-02 6.351593107821133788e-02
3.988350048502666834e+00 8.165996826011191756e-02 7.261506096851716441e-02 3.735509786871158561e-02
4.019029664260379775e+00 8.342072386728727196e-02 8.337108814880013485e-02 2.877295853260009289e-03
4.049709280018092272e+00 8.414302036717324906e-02 7.788423188714303780e-02 -3.184484730470951014e-02
4.080388895775805658e+00 8.395279776848312003e-02 5.875746433727634804e-02 -5.996359427026971139e-02
4.111068511533518155e+00 8.302098435758087369e-02 3.082544220898452217e-02 -7.708615930452263065e-02
4.141748127291231540e+00 8.152270783507818697e-02 -3.693423409170560213e-04 -8.152187116963596769e-02
4.172427743048944038e+00 7.960244682711060948e-02 -2.970697650199855683e-02 -7.385150701219762859e-02
4.203107358806656535e+00 7.734998467516936149e-02 -5.308379496032970823e-02 -5.625949557060221096e-02
4.233786974564369920e+00 7.479126554222589873e-02 -6.761871505203718991e-02 -3.196001839985617571e-02
4.264466590322082418e+00 7.189519697328444758e-02 -7.173430549611203855e-02 -4.807157457150621448e-03
4.295146206079794915e+00 6.859326075262880962e-02 -6.528861727674632742e-02 2.103406462785229608e-02
4.325825821837508300e+00 6.480559918449899093e-02 -4.973712172487668171e-02 4.154496850626722415e-02
4.356505437595220798e+00 6.046655208401001402e-02 -2.813473840415360236e-02 5.352233567267164482e-02
4.387185053352934183e+00 5.554430555380044515e-02 -4.757749215613693052e-03 5.534016355103474338e-02
4.417864669110646680e+00 5.005205377006783501e-02 1.573726197980059374e-02 4.751364721825598880e-02
4.448544284868359178e+00 4.405053803501665644e-02 2.946281482966124979e-02 3.274740361444770237e-02
4.479223900626072563e+00 3.764339073185277856e-02 3.439264212126472847e-02 1.530264793130741569e-02
4.509903516383785060e+00 3.096740744406538057e-02 3.096670981535469200e-02 -2.078629797996455614e-04
4.540583132141497558e+00 2.418001736434497936e-02 2.191435538995404469e-02 -1.021930856676795188e-02
4.571262747899210943e+00 1.744620511081722627e-02 1.129072571352384390e-02 -1.329998442219676620e-02
4.601942363656923440e+00 1.092782892473447183e-02 3.044212113485804221e-03 -1.049524738233309322e-02
4.632621979414635938e+00 4.789643893440946772e-03 -3.571721917048585322e-04 -4.776307847223511434e-03
4.663301595172349323e+00 1.301804736628140152e-03 1.285363623023569888e-03 2.062424032908461206e-04
4.693981210930061820e+00 6.205202223689703853e-03 6.000490824733425467e-03 1.580710124967136393e-03
4.724660826687775206e+00 1.071061954349577378e-02 1.058303804923439034e-02 -1.648234405044006088e-03
4.755340442445487703e+00 1.456775817229045804e-02 1.197983283637120422e-02 -8.288738346632599716e-03
4.786020058203200200e+00 1.774245128162070181e-02 8.560356421309487165e-03 -1.554074886937014538e-02
4.816699673960913586e+00 2.021960981276609351e-02 7.645527252096102943e-04 -2.020514984133701952e-02
4.847379289718626083e+00 2.199054475340373946e-02 -9.114149202216351511e-03 -2.001290440868570483e-02
4.878058905476338580e+00 2.304837020125576411e-02 -1.789214899436845918e-02 -1.452922480029318099e-02
4.908738521234051966e+00 2.338784581344181129e-02 -2.278421720581015261e-02 -5.279278180944068852e-03
4.939418136991764463e+00 2.300978429337047562e-02 -2.247645849884281552e-02 4.925341265053119824e-03
4.970097752749476960e+00 2.193054981584794880e-02 -1.755150393525321470e-02 1.314890584178696892e-02
5.000777368507190346e+00 2.019830485521662694e-02 -1.011879886074320938e-02 1.748088752438186136e-02
5.031456984264902843e+00 1.792154502889398843e-02 -2.839740102933273336e-03 1.769513075313283376e-02
5.062136600022616229e+00 1.532601202585058900e-02 2.216533336369141873e-03 1.516488129149981892e-02
5.092816215780328726e+00 1.287528231795625165e-02 4.395730531997770960e-03 1.210167128363431877e-02
5.123495831538041223e+00 1.144326450053147377e-02 4.620905145169947048e-03 1.046878875842213903e-02
5.154175447295754608e+00 1.206277209667566859e-02 4.845842242381502400e-03 1.104664128223090819e-02
5.184855063053467106e+00 1.483336254448303602e-02 7.051368750434617791e-03 1.305016640206040947e-02
5.215534678811179603e+00 1.893163653184753992e-02 1.222360388720302241e-02 1.445649922293566758e-02
5.246214294568892988e+00 2.359185691754706396e-02 1.975245543477528037e-02 1.290024097120785578e-02
5.276893910326605486e+00 2.832551442314461959e-02 2.750704528606227883e-02 6.759972408693149144e-03
5.307573526084318871e+00 3.280950833775631709e-02 3.256309930745071579e-02 -4.013527234042888608e-03
5.338253141842031368e+00 3.681009237622148017e-02 3.229397626429447027e-02 -1.766584268545218217e-02
5.368932757599743866e+00 4.015245750468816877e-02 2.539741997953259486e-02 -3.109969295747191248e-02
5.399612373357457251e+00 4.271053435473556870e-02 1.246464677495092571e-02 -4.085122183781964705e-02
5.430291989115169748e+00 4.440418271801485628e-02 -4.115094595864836335e-03 -4.421309126629727887e-02
5.460971604872882246e+00 4.519841528658560814e-02 -2.086417468275900133e-02 -4.009467494850126046e-02
5.491651220630595631e+00 4.510245677781361817e-02 -3.426643360731736893e-02 -2.932649203757340187e-02
5.522330836388308128e+00 4.416779836691384076e-02 -4.177679592542011405e-02 -1.433505266073892802e-02
5.553010452146020626e+00 4.248506014092370831e-02 -4.245278264211545249e-02 1.655772061367645357e-03
5.583690067903734011e+00 4.017982203254134854e-02 -3.703292362835330920e-02 1.558783712075689082e-02
5.614369683661446508e+00 3.740775136532264317e-02 -2.749776029575509706e-02 2.536164507532965434e-02
5.645049299419159894e+00 3.434932328371094468e-02 -1.632393408328878734e-02 3.022259396698651068e-02
5.675728915176872391e+00 3.120403904023724001e-02 -5.719791086347037271e-03 3.067533279938776045e-02
5.706408530934584888e+00 2.818297156330711734e-02 2.904928702293215967e-03 2.803286063484728904e-02
5.737088146692298274e+00 2.549642779088419700e-02 9.103833364191092625e-03 2.381571011271368943e-02
5.767767762450010771e+00 2.333144033878919305e-02 1.321069095455281242e-02 1.923106218558340644e-02
5.798447378207723268e+00 2.181622581659054677e-02 1.594354028819863420e-02 1.489131397691483179e-02
5.829126993965436654e+00 2.098217323767055664e-02 1.797913333501256067e-02 1.081676283818123856e-02
5.859806609723149151e+00 2.075083317693187865e-02 1.965360640339712181e-02 6.658290537157751307e-03
5.890486225480861648e+00 2.096457510971248481e-02 2.086776185784644175e-02 2.012442440167046612e-03
5.921165841238575034e+00 2.144260662784743324e-02 2.118672662897350123e-02 -3.302725199854163445e-03
5.951845456996287531e+00 2.202670979796021375e-02 2.005947693515838445e-02 -9.099083998480580332e-03
5.982525072754000917e+00 2.260067869832372775e-02 1.706170510966455167e-02 -1.482190596298972943e-02
