# PATH  Rmax= 9.000,  Keep_limit= 0.00, Heap_limit 0.00  Pwcrit= 2.50%
 -----------------------------------------------------------------------
  pathindex     sig2   amp ratio    deg    nlegs  r effective
        1     0.00000     0.1000E+03     1.000     2   2.2762
        2     0.00000     0.1072E+02     1.000     2   3.1378
        3     0.00000     0.3758E+02     1.000     2   3.1756
        4     0.00000     0.1033E+02     1.000     2   3.1821
        5     0.00000     0.4475E+02     2.000     3   3.6188
        6     0.00000     0.1130E+02     2.000     3   3.7051
        7     0.00000     0.1057E+02     2.000     3   3.7281
        8     0.00000     0.8077E+01     2.000     3   3.8769
        9     0.00000     0.8045E+01     2.000     3   3.8925
       10     0.00000     0.3918E+01     2.000     3   4.0356
       11     0.00000     0.1751E+02     1.000     4   4.0620
       14     0.00000     0.7437E+01     1.000     4   4.2347
       15     0.00000     0.4767E+01     2.000     4   4.2577
       16     0.00000     0.7085E+01     1.000     4   4.2806
       17     0.00000     0.8923E+01     1.000     4   4.5523
       18     0.00000     0.1308E+02     1.000     2   4.6009
       19     0.00000     0.4606E+02     2.000     3   4.6428
       20     0.00000     0.4939E+02     1.000     4   4.6847
       23     0.00000     0.2318E+02     2.000     3   4.8092
       24     0.00000     0.4443E+02     2.000     4   4.8512
       27     0.00000     0.2958E+01     1.000     2   4.9525
       28     0.00000     0.7446E+01     1.000     4   4.9614
       29     0.00000     0.5444E+01     2.000     3   4.9653
       30     0.00000     0.2919E+01     1.000     2   4.9744
       31     0.00000     0.5222E+01     2.000     3   4.9867
       32     0.00000     0.1347E+02     2.000     4   5.0072
       33     0.00000     0.1274E+02     1.000     4   5.0176
       34     0.00000     0.1324E+02     2.000     4   5.0286
       35     0.00000     0.3271E+02     2.000     4   5.0860
       36     0.00000     0.8050E+01     2.000     3   5.1038
       37     0.00000     0.7459E+01     2.000     3   5.1048
       38     0.00000     0.7566E+02     2.000     5   5.1279
       39     0.00000     0.5960E+01     2.000     3   5.1435
       40     0.00000     0.6034E+01     2.000     3   5.1551
       43     0.00000     0.8466E+01     2.000     4   5.1724
       44     0.00000     0.8247E+01     2.000     4   5.1953
       45     0.00000     0.2182E+02     2.000     5   5.2143
       46     0.00000     0.6391E+01     1.000     4   5.2332
       47     0.00000     0.2139E+02     2.000     5   5.2373
       50     0.00000     0.5509E+01     1.000     4   5.2571
       53     0.00000     0.8667E+01     2.000     4   5.2846
       54     0.00000     0.7924E+01     2.000     3   5.2923
       55     0.00000     0.3648E+02     2.000     5   5.2944
       56     0.00000     0.6916E+01     1.000     4   5.2959
       57     0.00000     0.7957E+01     2.000     4   5.2958
       58     0.00000     0.4071E+01     2.000     3   5.3219
       59     0.00000     0.4206E+01     2.000     3   5.3329
       60     0.00000     0.3597E+01     1.000     4   5.3344
       61     0.00000     0.3716E+01     1.000     4   5.3359
       62     0.00000     0.8787E+01     2.000     4   5.3638
       63     0.00000     0.8807E+01     2.000     4   5.3748
       64     0.00000     0.6733E+01     2.000     5   5.3807
       65     0.00000     0.6766E+01     2.000     5   5.4037
       66     0.00000     0.1539E+02     2.000     5   5.4046
       67     0.00000     0.4620E+01     2.000     4   5.4518
       68     0.00000     0.6349E+01     2.000     4   5.4623
       69     0.00000     0.5617E+01     2.000     4   5.4742
       70     0.00000     0.6463E+01     2.000     3   5.4906
       71     0.00000     0.5323E+01     2.000     5   5.4910
       72     0.00000     0.1155E+02     2.000     4   5.4943
       73     0.00000     0.1293E+02     2.000     5   5.5042
       74     0.00000     0.4548E+01     2.000     4   5.5129
       75     0.00000     0.4841E+01     2.000     4   5.5136
       76     0.00000     0.5016E+01     2.000     5   5.5139
       77     0.00000     0.1230E+02     2.000     5   5.5161
       78     0.00000     0.4996E+01     2.000     4   5.5303
       79     0.00000     0.9533E+01     2.000     4   5.5326
       80     0.00000     0.1817E+02     2.000     5   5.5362
       81     0.00000     0.5363E+01     2.000     4   5.5412
       82     0.00000     0.1232E+02     2.000     5   5.5548
       83     0.00000     0.1257E+02     2.000     5   5.5556
       84     0.00000     0.3360E+02     1.000     6   5.5712
       85     0.00000     0.6843E+01     2.000     5   5.5746
       86     0.00000     0.7041E+01     2.000     5   5.5746
       87     0.00000     0.3076E+01     2.000     3   5.6278
       88     0.00000     0.5464E+01     2.000     4   5.6314
       89     0.00000     0.1861E+02     2.000     6   5.6575
       90     0.00000     0.9099E+01     2.000     5   5.6707
       91     0.00000     0.1823E+02     2.000     6   5.6805
       92     0.00000     0.7974E+01     2.000     5   5.6826
       93     0.00000     0.4784E+01     1.000     4   5.6926
       94     0.00000     0.8514E+01     2.000     4   5.6990
       95     0.00000     0.1605E+02     2.000     5   5.7026
       96     0.00000     0.3283E+01     2.000     5   5.7135
       97     0.00000     0.6041E+01     2.000     5   5.7212
       98     0.00000     0.6472E+01     2.000     5   5.7220
       99     0.00000     0.2908E+01     2.000     5   5.7260
      100     0.00000     0.7595E+01     2.000     5   5.7278
      101     0.00000     0.3236E+01     2.000     5   5.7298
      102     0.00000     0.8491E+01     2.000     5   5.7332
      103     0.00000     0.8908E+01     2.000     5   5.7333
      104     0.00000     0.1677E+02     2.000     5   5.7345
      105     0.00000     0.6059E+01     2.000     4   5.7355
      106     0.00000     0.1127E+02     2.000     5   5.7391
      107     0.00000     0.6973E+01     2.000     5   5.7390
      108     0.00000     0.2858E+01     2.000     5   5.7522
      109     0.00000     0.6321E+01     2.000     6   5.7668
      110     0.00000     0.1229E+02     1.000     6   5.7752
      111     0.00000     0.1215E+02     1.000     6   5.7752
      112     0.00000     0.1446E+02     1.000     6   5.7765
      113     0.00000     0.1176E+02     2.000     6   5.7816
      114     0.00000     0.1129E+02     2.000     6   5.7833
      115     0.00000     0.6741E+01     2.000     5   5.8070
      116     0.00000     0.3283E+01     2.000     5   5.8141
      117     0.00000     0.6578E+01     2.000     5   5.8180
      118     0.00000     0.3482E+01     2.000     5   5.8267
      119     0.00000     0.4542E+01     2.000     4   5.8298
      120     0.00000     0.3086E+01     2.000     5   5.8483
      121     0.00000     0.7767E+01     1.000     6   5.8478
      122     0.00000     0.3290E+01     2.000     5   5.8600
      123     0.00000     0.3665E+01     2.000     5   5.8655
      124     0.00000     0.8275E+01     2.000     5   5.8717
      125     0.00000     0.3802E+01     2.000     5   5.8781
      127     0.00000     0.3522E+01     2.000     5   5.8869
      130     0.00000     0.3676E+01     2.000     5   5.8986
      131     0.00000     0.4531E+01     2.000     5   5.8997
      132     0.00000     0.5037E+01     2.000     5   5.8997
      133     0.00000     0.1357E+02     2.000     5   5.9010
      135     0.00000     0.9468E+01     2.000     5   5.9375
      136     0.00000     0.1129E+02     2.000     6   5.9416
      137     0.00000     0.1165E+02     2.000     6   5.9417
      138     0.00000     0.2660E+02     2.000     6   5.9429
      139     0.00000     0.1139E+02     2.000     6   5.9474
      140     0.00000     0.1035E+02     2.000     6   5.9477
      141     0.00000     0.1032E+02     2.000     6   5.9534
      142     0.00000     0.1117E+02     2.000     6   5.9593
      143     0.00000     0.1057E+02     2.000     5   5.9758
      144     0.00000     0.2112E+02     2.000     6   5.9794
      145     0.00000     0.1672E+02     2.000     6   5.9794
      146     0.00000     0.1041E+02     2.000     6   5.9980
      147     0.00000     0.9301E+01     2.000     6   5.9980
      148     0.00000     0.1050E+02     2.000     6   5.9988
      149     0.00000     0.9076E+01     2.000     6   5.9988
      154     0.00000     0.6710E+01     2.000     6   6.0338
      155     0.00000     0.8511E+01     2.000     5   6.0381
      158     0.00000     0.2812E+01     2.000     6   6.0658
      159     0.00000     0.3055E+01     2.000     6   6.0658
      160     0.00000     0.6344E+01     2.000     6   6.0687
      161     0.00000     0.4452E+01     2.000     5   6.0746
      162     0.00000     0.2789E+01     2.000     6   6.0843
      164     0.00000     0.6823E+01     2.000     6   6.0851
      165     0.00000     0.7697E+01     2.000     6   6.0851
      166     0.00000     0.2694E+01     2.000     6   6.0887
      167     0.00000     0.3007E+01     2.000     6   6.0887
      168     0.00000     0.5799E+01     2.000     6   6.0908
      169     0.00000     0.7066E+01     2.000     6   6.0977
      172     0.00000     0.4337E+01     2.000     6   6.1042
      173     0.00000     0.1052E+02     2.000     6   6.1041
      174     0.00000     0.6619E+01     2.000     6   6.1073
      175     0.00000     0.7412E+01     2.000     6   6.1073
      176     0.00000     0.2725E+01     2.000     6   6.1081
      178     0.00000     0.1460E+02     1.000     6   6.1093
      179     0.00000     0.1044E+02     1.000     4   6.1100
      180     0.00000     0.5672E+01     2.000     6   6.1121
      181     0.00000     0.6886E+01     2.000     6   6.1190
      183     0.00000     0.4220E+01     2.000     6   6.1271
      184     0.00000     0.1032E+02     2.000     6   6.1272
      185     0.00000     0.3053E+01     2.000     5   6.1338
      186     0.00000     0.1474E+02     2.000     6   6.1458
      187     0.00000     0.2868E+01     2.000     5   6.1494
      188     0.00000     0.5261E+01     2.000     4   6.1519
      189     0.00000     0.5016E+02     2.000     5   6.1520
      190     0.00000     0.2697E+01     2.000     5   6.1615
      191     0.00000     0.7287E+01     2.000     6   6.1764
      192     0.00000     0.7337E+01     2.000     6   6.1765
      193     0.00000     0.1836E+02     2.000     6   6.1777
      194     0.00000     0.2714E+01     2.000     5   6.1833
      197     0.00000     0.1083E+02     2.000     5   6.1938
      198     0.00000     0.6675E+02     1.000     6   6.1939
      199     0.00000     0.6091E+01     2.000     5   6.1943
      200     0.00000     0.5715E+01     2.000     5   6.1952
      204     0.00000     0.2896E+01     2.000     5   6.2153
      205     0.00000     0.1836E+02     2.000     7   6.2184
      206     0.00000     0.1773E+02     2.000     7   6.2185
      207     0.00000     0.3676E+02     2.000     7   6.2197
      208     0.00000     0.4920E+01     2.000     7   6.2249
      209     0.00000     0.2877E+01     2.000     5   6.2263
      210     0.00000     0.4481E+01     2.000     7   6.2265
      211     0.00000     0.2760E+01     2.000     5   6.2494
      213     0.00000     0.2746E+01     2.000     5   6.2603
      214     0.00000     0.5068E+01     2.000     6   6.2629
      218     0.00000     0.7423E+01     2.000     6   6.2693
      219     0.00000     0.4714E+01     2.000     6   6.2858
      222     0.00000     0.7245E+01     2.000     6   6.2939
      223     0.00000     0.1548E+02     2.000     7   6.3048
      224     0.00000     0.5384E+01     2.000     7   6.3047
      225     0.00000     0.5077E+01     2.000     7   6.3060
      226     0.00000     0.2106E+02     2.000     7   6.3112
      227     0.00000     0.8798E+01     2.000     7   6.3129
      228     0.00000     0.8796E+01     2.000     6   6.3149
      229     0.00000     0.2126E+02     2.000     5   6.3184
      230     0.00000     0.5383E+01     1.000     6   6.3237
      231     0.00000     0.1504E+02     2.000     7   6.3277
      232     0.00000     0.5256E+01     2.000     7   6.3278
      233     0.00000     0.4983E+01     2.000     7   6.3290
      234     0.00000     0.8610E+01     2.000     7   6.3342
      235     0.00000     0.4649E+01     2.000     6   6.3356
      236     0.00000     0.2056E+02     2.000     7   6.3358
      237     0.00000     0.4344E+01     2.000     6   6.3557
      238     0.00000     0.6464E+01     2.000     5   6.3602
      239     0.00000     0.5442E+02     2.000     6   6.3603
      240     0.00000     0.4119E+01     2.000     6   6.3676
      241     0.00000     0.3450E+01     2.000     6   6.3743
      242     0.00000     0.7391E+01     2.000     6   6.3751
      243     0.00000     0.5924E+01     2.000     5   6.3840
      244     0.00000     0.1042E+02     2.000     7   6.3848
      245     0.00000     0.1044E+02     2.000     7   6.3849
      246     0.00000     0.6862E+01     2.000     6   6.3862
      247     0.00000     0.3173E+02     2.000     7   6.3861
      248     0.00000     0.3332E+01     2.000     6   6.3870
      249     0.00000     0.5887E+01     1.000     6   6.3877
      250     0.00000     0.4378E+01     2.000     6   6.3897
      251     0.00000     0.4210E+01     2.000     7   6.3913
      252     0.00000     0.3221E+01     2.000     6   6.3928
      253     0.00000     0.3448E+01     2.000     7   6.3929
      254     0.00000     0.4143E+01     2.000     6   6.4017
      255     0.00000     0.3051E+01     2.000     6   6.4048
      256     0.00000     0.4099E+01     2.000     6   6.4062
      257     0.00000     0.4154E+01     2.000     6   6.4070
      262     0.00000     0.4316E+01     2.000     6   6.4204
      263     0.00000     0.4283E+01     2.000     6   6.4205
      264     0.00000     0.1818E+02     2.000     7   6.4226
      266     0.00000     0.3248E+01     2.000     6   6.4256
      267     0.00000     0.2676E+01     2.000     5   6.4267
      268     0.00000     0.6413E+01     2.000     5   6.4286
      269     0.00000     0.3686E+01     2.000     6   6.4404
      270     0.00000     0.3740E+01     2.000     6   6.4410
      271     0.00000     0.3245E+01     2.000     6   6.4435
      272     0.00000     0.3266E+01     2.000     6   6.4442
      273     0.00000     0.3781E+01     2.000     6   6.4543
      274     0.00000     0.7839E+01     2.000     6   6.4543
      275     0.00000     0.4328E+01     2.000     6   6.4556
      276     0.00000     0.3722E+01     2.000     6   6.4652
      277     0.00000     0.7877E+01     2.000     6   6.4653
      278     0.00000     0.4298E+01     2.000     6   6.4665
      279     0.00000     0.1792E+02     2.000     6   6.4706
      280     0.00000     0.3284E+01     2.000     7   6.4725
      281     0.00000     0.3251E+01     2.000     7   6.4954
      282     0.00000     0.1763E+02     2.000     6   6.5164
      283     0.00000     0.1034E+02     1.000     6   6.5268
      284     0.00000     0.1728E+02     2.000     6   6.5378
      286     0.00000     0.5582E+01     2.000     6   6.5528
      287     0.00000     0.3686E+01     2.000     6   6.5540
      288     0.00000     0.4891E+01     2.000     6   6.5561
      289     0.00000     0.4995E+01     2.000     6   6.5646
      291     0.00000     0.3504E+01     2.000     6   6.5659
      292     0.00000     0.4595E+01     2.000     6   6.5682
      293     0.00000     0.5004E+01     2.000     5   6.5823
      296     0.00000     0.1009E+02     2.000     6   6.5860
      297     0.00000     0.5383E+01     2.000     7   6.5946
      298     0.00000     0.4405E+02     2.000     6   6.5952
      299     0.00000     0.1215E+02     2.000     7   6.5947
      300     0.00000     0.7180E+01     2.000     7   6.5960
      303     0.00000     0.4488E+01     2.000     6   6.6041
      304     0.00000     0.3490E+01     2.000     6   6.6046
      305     0.00000     0.3529E+01     2.000     6   6.6054
      306     0.00000     0.3259E+01     2.000     6   6.6068
      307     0.00000     0.1161E+02     2.000     7   6.6066
      308     0.00000     0.5094E+01     2.000     7   6.6066
      309     0.00000     0.3325E+01     2.000     6   6.6075
      310     0.00000     0.6822E+01     2.000     7   6.6079
      313     0.00000     0.3635E+01     2.000     6   6.6188
      314     0.00000     0.3671E+01     2.000     6   6.6188
      315     0.00000     0.4221E+01     2.000     6   6.6220
      318     0.00000     0.3431E+01     2.000     6   6.6230
      319     0.00000     0.3460E+01     2.000     6   6.6231
      320     0.00000     0.8598E+01     2.000     6   6.6243
      321     0.00000     0.7392E+01     2.000     7   6.6267
      322     0.00000     0.7356E+01     2.000     7   6.6266
      323     0.00000     0.1804E+02     2.000     7   6.6279
      324     0.00000     0.4246E+01     2.000     6   6.6330
      325     0.00000     0.8689E+01     2.000     6   6.6370
      326     0.00000     0.1388E+02     2.000     6   6.6370
      327     0.00000     0.1216E+03     2.000     7   6.6371
      328     0.00000     0.5647E+01     2.000     7   6.6453
      329     0.00000     0.1238E+02     2.000     7   6.6452
      330     0.00000     0.5692E+01     2.000     7   6.6460
      331     0.00000     0.1262E+02     2.000     7   6.6461
      332     0.00000     0.6140E+01     2.000     7   6.6465
      333     0.00000     0.6216E+01     2.000     7   6.6473
      334     0.00000     0.7341E+01     2.000     5   6.6526
      335     0.00000     0.3931E+01     2.000     7   6.6534
      336     0.00000     0.6588E+01     2.000     7   6.6607
      337     0.00000     0.6545E+01     2.000     7   6.6607
      338     0.00000     0.7303E+01     2.000     5   6.6643
      339     0.00000     0.5943E+01     2.000     7   6.6638
      340     0.00000     0.4309E+01     2.000     7   6.6651
      341     0.00000     0.1152E+02     2.000     6   6.6815
      344     0.00000     0.1113E+02     2.000     6   6.7045
      345     0.00000     0.3450E+02     2.000     7   6.7235
      346     0.00000     0.5733E+01     2.000     6   6.7287
      347     0.00000     0.5662E+01     2.000     6   6.7443
      348     0.00000     0.3360E+02     2.000     7   6.7464
      349     0.00000     0.3783E+01     2.000     7   6.7611
      350     0.00000     0.8536E+01     2.000     7   6.7612
      351     0.00000     0.8129E+01     2.000     7   6.7624
      352     0.00000     0.3788E+01     2.000     7   6.7731
      353     0.00000     0.7602E+01     2.000     7   6.7730
      354     0.00000     0.7652E+01     2.000     7   6.7743
      359     0.00000     0.7097E+01     2.000     6   6.7907
      360     0.00000     0.3587E+01     2.000     7   6.7931
      361     0.00000     0.3407E+01     2.000     7   6.7930
      362     0.00000     0.1102E+02     2.000     6   6.7937
      363     0.00000     0.1490E+02     2.000     7   6.7944
      364     0.00000     0.4280E+01     2.000     7   6.7989
      365     0.00000     0.7031E+01     2.000     5   6.8015
      366     0.00000     0.5687E+01     2.000     6   6.8034
      367     0.00000     0.4901E+02     2.000     7   6.8035
      368     0.00000     0.1041E+02     2.000     6   6.8049
      369     0.00000     0.1371E+02     2.000     6   6.8051
      370     0.00000     0.4055E+01     2.000     7   6.8108
      371     0.00000     0.5510E+01     2.000     7   6.8129
      372     0.00000     0.5625E+01     2.000     7   6.8137
      373     0.00000     0.3630E+01     2.000     7   6.8237
      374     0.00000     0.3756E+01     2.000     7   6.8237
      375     0.00000     0.8078E+01     2.000     7   6.8236
      376     0.00000     0.8503E+01     2.000     7   6.8238
      378     0.00000     0.4004E+01     2.000     7   6.8250
      379     0.00000     0.4170E+01     2.000     7   6.8250
      380     0.00000     0.6216E+01     2.000     7   6.8250
      381     0.00000     0.6255E+01     2.000     7   6.8250
      382     0.00000     0.1610E+02     2.000     7   6.8263
      383     0.00000     0.5258E+01     2.000     7   6.8272
      384     0.00000     0.5245E+01     2.000     7   6.8271
      385     0.00000     0.1074E+02     2.000     7   6.8309
      388     0.00000     0.9966E+01     2.000     6   6.8436
      389     0.00000     0.1012E+02     2.000     6   6.8451
      391     0.00000     0.4029E+01     2.000     7   6.8637
      392     0.00000     0.4042E+01     2.000     7   6.8636
      393     0.00000     0.8434E+01     2.000     6   6.8718
      394     0.00000     0.1292E+02     2.000     6   6.8730
      395     0.00000     0.1295E+02     2.000     6   6.8840
      398     0.00000     0.2659E+02     2.000     7   6.9138
      399     0.00000     0.7880E+01     2.000     6   6.9609
      400     0.00000     0.2913E+01     2.000     7   6.9621
      401     0.00000     0.2899E+01     2.000     7   6.9622
      402     0.00000     0.8184E+01     2.000     7   6.9634
      403     0.00000     0.7881E+01     2.000     6   6.9715
      404     0.00000     0.7433E+01     2.000     6   6.9834
      405     0.00000     0.2943E+01     2.000     7   6.9914
      406     0.00000     0.4057E+01     2.000     7   6.9914
      407     0.00000     0.4300E+01     2.000     7   6.9915
      408     0.00000     0.1322E+02     2.000     7   6.9927
      409     0.00000     0.3714E+01     2.000     7   6.9936
      410     0.00000     0.3941E+01     2.000     7   6.9936
      411     0.00000     0.9745E+01     2.000     7   7.0001
      412     0.00000     0.7918E+01     2.000     6   7.0034
      413     0.00000     0.6777E+01     2.000     6   7.0034
      414     0.00000     0.1219E+02     2.000     6   7.0034
      415     0.00000     0.2009E+02     2.000     7   7.0134
      416     0.00000     0.6641E+01     2.000     6   7.0220
      417     0.00000     0.6512E+01     2.000     6   7.0220
      418     0.00000     0.6712E+01     2.000     6   7.0220
      419     0.00000     0.6942E+01     2.000     6   7.0228
      420     0.00000     0.6527E+01     2.000     6   7.0228
      421     0.00000     0.6819E+01     2.000     6   7.0228
      422     0.00000     0.9254E+01     2.000     7   7.0231
      423     0.00000     0.1895E+02     2.000     7   7.0253
      424     0.00000     0.9057E+01     2.000     7   7.0292
      425     0.00000     0.1196E+02     2.000     6   7.0417
      426     0.00000     0.6663E+01     2.000     6   7.0418
      427     0.00000     0.6735E+01     2.000     6   7.0419
      428     0.00000     0.5708E+01     2.000     6   7.0419
      429     0.00000     0.5807E+01     2.000     6   7.0418
      430     0.00000     0.4975E+01     2.000     6   7.0452
      431     0.00000     0.2466E+02     2.000     7   7.0454
      432     0.00000     0.2053E+02     2.000     7   7.0454
      433     0.00000     0.1827E+02     2.000     7   7.0640
      434     0.00000     0.1879E+02     2.000     7   7.0640
      435     0.00000     0.1836E+02     2.000     7   7.0647
      436     0.00000     0.1920E+02     2.000     7   7.0647
      437     0.00000     0.9777E+01     2.000     7   7.0802
      438     0.00000     0.1913E+02     2.000     7   7.0838
      439     0.00000     0.1927E+02     2.000     7   7.0838
      440     0.00000     0.4873E+01     2.000     6   7.1273
      441     0.00000     0.8302E+01     2.000     7   7.1298
      442     0.00000     0.6613E+01     2.000     6   7.1699
      443     0.00000     0.1031E+02     2.000     7   7.1798
      444     0.00000     0.9471E+01     2.000     7   7.1917
      445     0.00000     0.7316E+01     2.000     6   7.2018
      446     0.00000     0.7105E+01     2.000     7   7.2118
      447     0.00000     0.1820E+02     2.000     7   7.2118
      448     0.00000     0.7130E+01     2.000     7   7.2304
      449     0.00000     0.8053E+01     2.000     7   7.2304
      450     0.00000     0.7137E+01     2.000     7   7.2312
      451     0.00000     0.8363E+01     2.000     7   7.2312
      452     0.00000     0.1358E+02     2.000     7   7.2424
      453     0.00000     0.1423E+02     2.000     7   7.2425
      454     0.00000     0.1286E+02     2.000     7   7.2424
      455     0.00000     0.1298E+02     2.000     7   7.2425
      456     0.00000     0.1308E+02     2.000     7   7.2437
      457     0.00000     0.2304E+02     2.000     7   7.2437
      458     0.00000     0.1455E+02     2.000     7   7.2489
      459     0.00000     0.1466E+02     2.000     7   7.2505
      460     0.00000     0.6865E+01     2.000     7   7.2502
      461     0.00000     0.7001E+01     2.000     7   7.2502
      462     0.00000     0.7746E+01     2.000     7   7.2855
      463     0.00000     0.3841E+01     2.000     6   7.2938
      464     0.00000     0.7310E+01     2.000     7   7.3220
      465     0.00000     0.6843E+01     2.000     7   7.3782
      466     0.00000     0.1072E+02     2.000     7   7.3808
      467     0.00000     0.4600E+01     2.000     5   7.3842
      468     0.00000     0.1083E+02     2.000     7   7.4101
      469     0.00000     0.6292E+01     2.000     7   7.4101
      470     0.00000     0.5011E+01     2.000     7   7.4153
      471     0.00000     0.5135E+01     2.000     7   7.4170
      472     0.00000     0.6592E+01     2.000     7   7.4519
      473     0.00000     0.6213E+01     2.000     7   7.4885
      474     0.00000     0.6725E+01     2.000     7   7.4885
      475     0.00000     0.6528E+01     2.000     6   7.5926
      476     0.00000     0.6545E+01     2.000     6   7.6610
      477     0.00000     0.7492E+02     2.000     7   7.6611
      478     0.00000     0.1398E+02     2.000     7   7.7030
      479     0.00000     0.4690E+01     2.000     7   7.7512
      480     0.00000     0.4678E+01     2.000     7   7.7612
      481     0.00000     0.4516E+01     2.000     7   7.7629
      482     0.00000     0.4481E+01     2.000     7   7.7738
      483     0.00000     0.2977E+02     2.000     7   7.8276
      484     0.00000     0.5141E+01     2.000     6   7.8603
      485     0.00000     0.9681E+01     2.000     7   7.8694
      486     0.00000     0.7509E+01     2.000     7   7.9378
      487     0.00000     0.5635E+01     2.000     7   8.2776
      488     0.00000     0.5074E+01     2.000     7   8.4760
      489     0.00000     0.3368E+01     2.000     7   8.6424
