# r  chir_mag  chir_re  chir_im
0.000000000000000000e+00 5.959503791783395815e-02 -5.959503791783395815e-02 0.000000000000000000e+00
3.067961575771282340e-02 5.996726017230120942e-02 -5.963590477136903462e-02 6.295328003580687171e-03
6.135923151542564680e-02 6.093566569098215341e-02 -5.951293659030089389e-02 1.309067345868669859e-02
9.203884727313846326e-02 6.214224348890187016e-02 -5.866066725788000868e-02 2.050815795468357433e-02
1.227184630308512936e-01 6.322171847197836925e-02 -5.659975570239177134e-02 2.816830383568846852e-02
1.533980787885641239e-01 6.401050557993451240e-02 -5.331626241911067987e-02 3.542204096682393527e-02
1.840776945462769265e-01 6.468628566862863472e-02 -4.935045213502160799e-02 4.181923513973411638e-02
2.147573103039897569e-01 6.579040282160436570e-02 -4.548872327678837868e-02 4.753054973463633620e-02
2.454369260617025872e-01 6.807844600651653810e-02 -4.218833156704349108e-02 5.343051085523502913e-02
2.761165418194154175e-01 7.218744120408186749e-02 -3.905013383832529883e-02 6.071337344277335374e-02
3.067961575771282479e-01 7.827451230407586613e-02 -3.467932296136286979e-02 7.017295658145246418e-02
3.374757733348410782e-01 8.588721650520408923e-02 -2.710726565785111924e-02 8.149730122873079241e-02
3.681553890925538530e-01 9.413124323157351370e-02 -1.465991152930009277e-02 9.298267551686575927e-02
3.988350048502666834e-01 1.019577293412887303e-01 3.107498782944460337e-03 1.019103626906777832e-01
4.295146206079795137e-01 1.084101086326396124e-01 2.488820037071575245e-02 1.055145920527005843e-01
4.601942363656923440e-01 1.128017609171950847e-01 4.785190874034283420e-02 1.021490680130070494e-01
4.908738521234051744e-01 1.148553115006852726e-01 6.862515871352553587e-02 9.209956661929996624e-02
5.215534678811180047e-01 1.148280321029125500e-01 8.464562806938991102e-02 7.759249065061660233e-02
5.522330836388308350e-01 1.136137825428726877e-01 9.527543747975901478e-02 6.189250840561959927e-02
5.829126993965436654e-01 1.127453808898246368e-01 1.021013299016929610e-01 4.782090907016821324e-02
6.135923151542564957e-01 1.141262183608010294e-01 1.081820491954906122e-01 3.635158798734500901e-02
6.442719309119693261e-01 1.193540077942719518e-01 1.164921932591413134e-01 2.597976301335326935e-02
6.749515466696821564e-01 1.289170547687383817e-01 1.282333441807378682e-01 1.325957957366347313e-02
7.056311624273949867e-01 1.419348207103224291e-01 1.418235508948381685e-01 -5.619051668264518282e-03
7.363107781851077061e-01 1.566236741658197096e-01 1.531368603487259783e-01 -3.286452968985953405e-02
7.669903939428205364e-01 1.709707192781697582e-01 1.570214287309600332e-01 -6.764065175456816792e-02
7.976700097005333667e-01 1.832190221130189089e-01 1.495080750811609016e-01 -1.059081939680630580e-01
8.283496254582461971e-01 1.921671974347572975e-01 1.297199437946782996e-01 -1.417778824493950984e-01
8.590292412159590274e-01 1.974092377168338297e-01 1.005234747252831823e-01 -1.698983171343870779e-01
8.897088569736718577e-01 1.995913555189984812e-01 6.745322314867541191e-02 -1.878477359053503104e-01
9.203884727313846881e-01 2.006666282741338958e-01 3.621432029627282001e-02 -1.973717778923531896e-01
9.510680884890975184e-01 2.039513176855725918e-01 9.782448460951703034e-03 -2.037165768605740668e-01
9.817477042468103487e-01 2.135448681145795391e-01 -1.355995446435718892e-02 -2.131139092903082399e-01
1.012427320004523068e+00 2.328422208832472973e-01 -4.018221400926105802e-02 -2.293488380244314284e-01
1.043106935762236009e+00 2.629618771085167617e-01 -7.878503148243214127e-02 -2.508821787747125831e-01
1.073786551519948729e+00 3.024933612297499574e-01 -1.365368320577262928e-01 -2.699257806874182930e-01
1.104466167277661670e+00 3.485142953468265969e-01 -2.151846855878841447e-01 -2.741491658742344906e-01
1.135145783035374389e+00 3.977133305713632105e-01 -3.088329721973546715e-01 -2.505954680314758098e-01
1.165825398793087331e+00 4.470677565278416421e-01 -4.045122950729626021e-01 -1.903664415322246783e-01
1.196505014550800050e+00 4.942033381936197789e-01 -4.855321004002753904e-01 -9.217113953192869469e-02
1.227184630308512991e+00 5.376449569185183242e-01 -5.363830116547473326e-01 3.681527547226305652e-02
1.257864246066225711e+00 5.770482016164468764e-01 -5.471784909040914302e-01 1.832493549257314114e-01
1.288543861823938652e+00 6.134041073691527401e-01 -5.156987635721588248e-01 3.321436198205435231e-01
1.319223477581651371e+00 6.491376691729179305e-01 -4.460756192975672829e-01 4.715890747330140909e-01
1.349903093339364313e+00 6.879615342272232814e-01 -3.446824455059008252e-01 5.953864999614507658e-01
1.380582709097077032e+00 7.343383701049773782e-01 -2.152285301187760458e-01 7.020893971791239974e-01
1.411262324854789973e+00 7.925338368104537512e-01 -5.572620910366326424e-02 7.905722434467539195e-01
1.441941940612502693e+00 8.655152253819308195e-01 1.405068538310657866e-01 8.540342085621804857e-01
1.472621556370215412e+00 9.541512809290578767e-01 3.792661580550192868e-01 8.755351781925995169e-01
1.503301172127928353e+00 1.057028492859858559e+00 6.569204560464656506e-01 8.281091408415243160e-01
1.533980787885641073e+00 1.170818836904284455e+00 9.523662026650913104e-01 6.810399143010458234e-01
1.564660403643354014e+00 1.290894600455843255e+00 1.223573985974445000e+00 4.114311246523040255e-01
1.595340019401066733e+00 1.411928436100005735e+00 1.411818126812124596e+00 1.764895103148985539e-02
1.626019635158779675e+00 1.528372038264575572e+00 1.454186570359220498e+00 -4.703854865276996811e-01
1.656699250916492394e+00 1.634813550932173731e+00 1.301780457931331458e+00 -9.889302228466656519e-01
1.687378866674205335e+00 1.726247024762483262e+00 9.383015156508900390e-01 -1.448971723750524854e+00
1.718058482431918055e+00 1.798282671672147615e+00 3.926086931308487293e-01 -1.754901416409025305e+00
1.748738098189630996e+00 1.847313592265750426e+00 -2.600747683521433262e-01 -1.828914602444950299e+00
1.779417713947343715e+00 1.870644486278623120e+00 -9.104655078054023631e-01 -1.634124644309994157e+00
1.810097329705056657e+00 1.866582357131952419e+00 -1.438925564707824956e+00 -1.188958752516900086e+00
1.840776945462769376e+00 1.834487231561680698e+00 -1.744503083306720326e+00 -5.674966035988107116e-01
1.871456561220482318e+00 1.774781050946555139e+00 -1.771017778230590922e+00 1.155154015278492541e-01
1.902136176978195037e+00 1.688914169862338888e+00 -1.522290846408881126e+00 7.314790852112762476e-01
1.932815792735907978e+00 1.579290713799228252e+00 -1.061624787753187249e+00 1.169235634387044920e+00
1.963495408493620697e+00 1.449156043281258244e+00 -4.953449875903992439e-01 1.361868782610005768e+00
1.994175024251333417e+00 1.302451541135825952e+00 5.491084034933339103e-02 1.301293516705289033e+00
2.024854640009046136e+00 1.143643798018731950e+00 4.830477367034842207e-01 1.036622409950870738e+00
2.055534255766759077e+00 9.775370935263630878e-01 7.235753071438101314e-01 6.572804151286651964e-01
2.086213871524472019e+00 8.090803044556333923e-01 7.639549220155584797e-01 2.664278817733280458e-01
2.116893487282184960e+00 6.431836542362957543e-01 6.414604051608059354e-01 -4.705062898293164292e-02
2.147573103039897457e+00 4.845733725643670553e-01 4.266402853138221429e-01 -2.297594836905439697e-01
2.178252718797610399e+00 3.377629571141789189e-01 1.994174358475120368e-01 -2.726105307549913093e-01
2.208932334555323340e+00 2.074954375506693482e-01 2.564320452305304116e-02 -2.059047902942828523e-01
2.239611950313036282e+00 1.023719432101685561e-01 -5.892563962676780620e-02 -8.371250653995655766e-02
2.270291566070748779e+00 6.451283027876765497e-02 -5.328343224357432600e-02 3.637005799997443389e-02
2.300971181828461720e+00 1.122816630701457263e-01 1.544566596808125483e-02 1.112142224025334941e-01
2.331650797586174662e+00 1.621834289168825605e-01 1.062114190197677999e-01 1.225667127936651557e-01
2.362330413343887603e+00 1.961626184434585030e-01 1.801276791097641272e-01 7.767748768545319760e-02
2.393010029101600100e+00 2.128916426620121316e-01 2.128865168328385737e-01 1.477317200673456494e-03
2.423689644859313042e+00 2.137941162929222205e-01 1.999399127935415632e-01 -7.570967859912325348e-02
2.454369260617025983e+00 2.014234537981844098e-01 1.538747813310271384e-01 -1.299767648863361935e-01
2.485048876374738480e+00 1.791438872565621343e-01 9.620931077056114888e-02 -1.511168450651529382e-01
2.515728492132451422e+00 1.511838060508077786e-01 4.748539683631267799e-02 -1.435328544247140847e-01
2.546408107890164363e+00 1.230752322089943424e-01 1.956698763902278704e-02 -1.215098587688760723e-01
2.577087723647877304e+00 1.023311027273200863e-01 1.265841001927432014e-02 -1.015451586299084413e-01
2.607767339405589802e+00 9.671411369901164456e-02 1.741917641446023499e-02 -9.513249750546477757e-02
2.638446955163302743e+00 1.067267916306737091e-01 2.056124954601535812e-02 -1.047274704596827671e-01
2.669126570921015684e+00 1.245101967979649199e-01 1.120474658910406394e-02 -1.240050110299656949e-01
2.699806186678728626e+00 1.424455866317657637e-01 -1.464616612722290968e-02 -1.416906311957204512e-01
2.730485802436441123e+00 1.562187317635675421e-01 -5.304423358211247247e-02 -1.469374065291196019e-01
2.761165418194154064e+00 1.638308681135099698e-01 -9.443136814142852331e-02 -1.338778176464058556e-01
2.791845033951867006e+00 1.646732743734067306e-01 -1.279844735814922585e-01 -1.036207595751333921e-01
2.822524649709579947e+00 1.590681892102244199e-01 -1.459676140865502902e-01 -6.321506510713785498e-02
2.853204265467292444e+00 1.480442714299818885e-01 -1.463419591249389973e-01 -2.238609619180698118e-02
2.883883881225005386e+00 1.332230980183300995e-01 -1.328201848353718628e-01 1.035337364819981579e-02
2.914563496982718327e+00 1.167749397848491938e-01 -1.127001469969881320e-01 3.057880685397030771e-02
2.945243112740430824e+00 1.013991257375856797e-01 -9.367356396378018202e-02 3.882069183657464728e-02
2.975922728498143766e+00 9.012296064932938389e-02 -8.105332553428881703e-02 3.940185853526678716e-02
3.006602344255856707e+00 8.542179692064555407e-02 -7.646548793230958929e-02 3.807771716405576601e-02
3.037281960013569648e+00 8.774532817574179355e-02 -7.825585219476124954e-02 3.968959830913267040e-02
3.067961575771282146e+00 9.535403230354767834e-02 -8.306120141450899774e-02 4.683191535827233715e-02
3.098641191528995087e+00 1.060779273102342296e-01 -8.755108334548497573e-02 5.989436089872970242e-02
3.129320807286708028e+00 1.187340726364274346e-01 -8.942651505332832595e-02 7.810683971490120503e-02
3.160000423044420970e+00 1.332939086303330800e-01 -8.728472022684687082e-02 1.007404769339149686e-01
3.190680038802133467e+00 1.504269654104556375e-01 -7.964274280120613170e-02 1.276138920404018551e-01
3.221359654559846408e+00 1.709026505004490604e-01 -6.391482518177969696e-02 1.585011390181824131e-01
3.252039270317559350e+00 1.950957785564541025e-01 -3.621280982882982280e-02 1.917054908312487149e-01
3.282718886075272291e+00 2.227483542665580907e-01 7.554587249752199585e-03 2.226202091903292379e-01
3.313398501832984788e+00 2.529943884268680554e-01 6.948866876054918262e-02 2.432642297777699858e-01
3.344078117590697730e+00 2.845334968438839041e-01 1.472698733260305037e-01 2.434561464345137705e-01
3.374757733348410671e+00 3.158348315548463736e-01 2.326544221062747664e-01 2.135967244544576260e-01
3.405437349106123612e+00 3.453122467844415566e-01 3.118634835392891103e-01 1.482623196029881352e-01
3.436116964863836110e+00 3.714588406992658798e-01 3.681717606671671139e-01 4.930745360369754443e-02
3.466796580621549051e+00 3.929468640958743708e-01 3.861389739707110080e-01 -7.282809062187575733e-02
3.497476196379261992e+00 4.087006280496493504e-01 3.562079844244834814e-01 -2.003798273290620935e-01
3.528155812136974490e+00 4.179473589388769117e-01 2.781186182492987324e-01 -3.119776098169277923e-01
3.558835427894687431e+00 4.202486420951870860e-01 1.618860064365000295e-01 -3.878167635661074475e-01
3.589515043652400372e+00 4.155140153985845686e-01 2.587045536893328723e-02 -4.147078689049186750e-01
3.620194659410113314e+00 4.039981210252590604e-01 -1.075609416271912505e-01 -3.894163910625897951e-01
3.650874275167825811e+00 3.862831706370556950e-01 -2.174714090336585526e-01 -3.192504881285725959e-01
3.681553890925538752e+00 3.632489918282884034e-01 -2.892297662654667034e-01 -2.197634463924594550e-01
3.712233506683251694e+00 3.360333141456743888e-01 -3.173893934276456608e-01 -1.103737339920899535e-01
3.742913122440964635e+00 3.059848383175793884e-01 -3.058423622109158191e-01 -9.336528127853047782e-03
3.773592738198677132e+00 2.746102838205633501e-01 -2.654370890362935387e-01 7.038437144671488843e-02
3.804272353956390074e+00 2.435125848291730399e-01 -2.100425496657382651e-01 1.232091973032089643e-01
3.834951969714103015e+00 2.143084685975889248e-01 -1.524441251204827208e-01 1.506283785642478779e-01
3.865631585471815956e+00 1.884991598405768021e-01 -1.013540470781913172e-01 1.589317161597240680e-01
3.896311201229528454e+00 1.672591038512175055e-01 -6.029143390026475702e-02 1.560145852776667896e-01
3.926990816987241395e+00 1.511438969889678796e-01 -2.835864185137414867e-02 1.484596410791741705e-01
3.957670432744954336e+00 1.398395933567533611e-01 -2.290463613969815054e-03 1.398208340935470639e-01
3.988350048502666834e+00 1.321829013911033912e-01 2.119533573019785969e-02 1.304725149732860745e-01
4.019029664260379775e+00 1.265411862227295570e-01 4.367178205455279211e-02 1.187663557697850869e-01
4.049709280018092272e+00 1.213282919420878986e-01 6.444888726140621249e-02 1.027954053270430101e-01
4.080388895775805658e+00 1.153657424960024547e-01 8.120954976810375314e-02 8.194061000575858511e-02
4.111068511533518155e+00 1.080113268545270372e-01 9.138433738444456944e-02 5.757907267125337430e-02
4.141748127291231540e+00 9.914335876716882934e-02 9.357803201609160570e-02 3.274992384160439057e-02
4.172427743048944038e+00 8.910361467471782093e-02 8.841951618928370338e-02 1.102013180291342223e-02
4.203107358806656535e+00 7.865797657155249034e-02 7.850487310927049822e-02 -4.905321235988391836e-03
4.233786974564369920e+00 6.898402116645252491e-02 6.750096516847217676e-02 -1.422725826075698502e-02
4.264466590322082418e+00 6.160118435296756123e-02 5.881001163782638430e-02 -1.833271515207226393e-02
4.295146206079794915e+00 5.798483608244330706e-02 5.434320166368289406e-02 -2.022517363208812397e-02
4.325825821837508300e+00 5.871895866562887312e-02 5.387485621934514496e-02 -2.335414254732379180e-02
4.356505437595220798e+00 6.297156995284657055e-02 5.519863116718596446e-02 -3.030725556026502704e-02
4.387185053352934183e+00 6.910738958092103867e-02 5.499438287098751266e-02 -4.185031836591485144e-02
4.417864669110646680e+00 7.559366943424525309e-02 5.006115733158437303e-02 -5.664171064821667267e-02
4.448544284868359178e+00 8.135191400211398693e-02 3.846563059785209487e-02 -7.168353489133284795e-02
4.479223900626072563e+00 8.572814699279898698e-02 2.021989785920975946e-02 -8.330948875957693012e-02
4.509903516383785060e+00 8.838393588927020983e-02 -2.703412096377171090e-03 -8.834258138811537653e-02
4.540583132141497558e+00 8.920762606883042567e-02 -2.697020023537343922e-02 -8.503298682335071190e-02
4.571262747899210943e+00 8.825295965675054866e-02 -4.885214951848685511e-02 -7.349865560402750464e-02
4.601942363656923440e+00 8.569563310568352466e-02 -6.522450538451601831e-02 -5.558331971670243260e-02
4.632621979414635938e+00 8.180025425107172177e-02 -7.428822686872839365e-02 -3.424238520080513659e-02
4.663301595172349323e+00 7.689345624429184956e-02 -7.583733523874562621e-02 -1.270048019088003410e-02
4.693981210930061820e+00 7.134079036693116715e-02 -7.105851562045055470e-02 6.340010094361239398e-03
4.724660826687775206e+00 6.552548598683689829e-02 -6.199477884963803392e-02 2.121878199133094695e-02
4.755340442445487703e+00 5.982656000598573359e-02 -5.088471820409264795e-02 3.146367326679919141e-02
4.786020058203200200e+00 5.459267457250750050e-02 -3.958910097952129947e-02 3.759073290869670292e-02
4.816699673960913586e+00 5.010828045291317034e-02 -2.925139345798054291e-02 4.068409702468783057e-02
4.847379289718626083e+00 4.655326772935553664e-02 -2.024101012769895236e-02 4.192264597197371823e-02
4.878058905476338580e+00 4.396842035397557219e-02 -1.233435739784570842e-02 4.220291004191657064e-02
4.908738521234051966e+00 4.224868800774210509e-02 -5.027153711371075244e-03 4.194853232161740303e-02
4.939418136991764463e+00 4.117817412390692433e-02 2.145713878232681070e-03 4.112223165310410766e-02
4.970097752749476960e+00 4.049426305971357692e-02 9.383311620348101095e-03 3.939211601050042477e-02
5.000777368507190346e+00 3.995055141914870267e-02 1.653680765698798891e-02 3.636730057633955765e-02
5.031456984264902843e+00 3.935677031220104205e-02 2.317032998678263470e-02 3.181338048229000182e-02
5.062136600022616229e+00 3.859334448999190981e-02 2.871887826970895286e-02 2.578123871835541481e-02
5.092816215780328726e+00 3.760914148429634479e-02 3.267567149384548869e-02 1.862117116650061077e-02
5.123495831538041223e+00 3.641129261314410975e-02 3.474318987507118983e-02 1.089463111191717355e-02
5.154175447295754608e+00 3.505225152575389830e-02 3.490346227569657289e-02 3.226245215996840186e-03
5.184855063053467106e+00 3.361589864917562120e-02 3.339491900562319843e-02 -3.848119878526850765e-03
5.215534678811179603e+00 3.220263195878260432e-02 3.061479511960426073e-02 -9.987183029135994136e-03
5.246214294568892988e+00 3.091296833863121582e-02 2.698822330883790879e-02 -1.507472766379261246e-02
5.276893910326605486e+00 2.983015615508568044e-02 2.285188997407722536e-02 -1.917366268738095875e-02
5.307573526084318871e+00 2.900438898435195659e-02 1.839049267359047640e-02 -2.242865041811950219e-02
5.338253141842031368e+00 2.844311160722477402e-02 1.364243022814870532e-02 -2.495785838911542334e-02
5.368932757599743866e+00 2.811143721018744338e-02 8.565214482628208045e-03 -2.677480164051429870e-02
5.399612373357457251e+00 2.794298600526181134e-02 3.130257444684903488e-03 -2.776710203136532190e-02
5.430291989115169748e+00 2.785689114202493516e-02 -2.591812247365858461e-03 -2.773605763934434282e-02
5.460971604872882246e+00 2.777483797063694249e-02 -8.387770540600018865e-03 -2.647804618270347896e-02
5.491651220630595631e+00 2.763360052716604121e-02 -1.391471603904122917e-02 -2.387460063849948175e-02
5.522330836388308128e+00 2.739147230159436411e-02 -1.876143441582211330e-02 -1.995748815632409842e-02
5.553010452146020626e+00 2.702912649972341944e-02 -2.253305916098526096e-02 -1.492765635274301457e-02
5.583690067903734011e+00 2.654628807241796867e-02 -2.492813686724741976e-02 -9.126521941658853609e-03
5.614369683661446508e+00 2.595569164952936728e-02 -2.578450777619934603e-02 -2.976085977347445004e-03
5.645049299419159894e+00 2.527572054643011448e-02 -2.508652475253297237e-02 3.086798500352739248e-03
5.675728915176872391e+00 2.452311704567508577e-02 -2.294310237674499278e-02 8.660099477839631674e-03
5.706408530934584888e+00 2.370716226398689869e-02 -1.955595392901895990e-02 1.340127637716245247e-02
5.737088146692298274e+00 2.282654152809621834e-02 -1.519591588447423078e-02 1.703335370870589713e-02
5.767767762450010771e+00 2.186958971245183195e-02 -1.019399585000046841e-02 1.934842119660289475e-02
5.798447378207723268e+00 2.081782182307578832e-02 -4.939233983522494688e-03 2.022339420357886428e-02
5.829126993965436654e+00 1.965189597302774774e-02 1.340330520631826316e-04 1.965143889071889124e-02
5.859806609723149151e+00 1.835876309514410110e-02 4.585434171940999844e-03 1.777689443739880956e-02
5.890486225480861648e+00 1.693886999426019377e-02 8.037436569457526506e-03 1.491056437813120458e-02
5.921165841238575034e+00 1.541277989007204183e-02 1.025843868764702432e-02 1.150296568853423525e-02
5.951845456996287531e+00 1.382716575378152048e-02 1.122995301958942815e-02 8.067135052815394003e-03
5.982525072754000917e+00 1.226033295388452744e-02 1.116529644736020954e-02 5.064772391990817781e-03
