# r  chir_mag  chir_re  chir_im
0.000000000000000000e+00 1.314651006579899487e-02 -1.314651006579899487e-02 0.000000000000000000e+00
3.067961575771282340e-02 1.323610862629164518e-02 -1.313736043910755137e-02 1.613794367310762961e-03
6.135923151542564680e-02 1.348255552324481576e-02 -1.306563005818892238e-02 3.326952752885054421e-03
9.203884727313846326e-02 1.383108436531667144e-02 -1.282621085270270814e-02 5.175636181429147699e-03
1.227184630308512936e-01 1.422334593129527362e-02 -1.231832923621171971e-02 7.110719675924893034e-03
1.533980787885641239e-01 1.462675391091783003e-02 -1.150539829668006768e-02 9.031486035271351839e-03
1.840776945462769265e-01 1.505212658500104141e-02 -1.042932361017778232e-02 1.085337384250092616e-02
2.147573103039897569e-01 1.555367290712457266e-02 -9.167610046238732976e-03 1.256469923802092624e-02
2.454369260617025872e-01 1.620963278831129284e-02 -7.758825384129393668e-03 1.423210538853917836e-02
2.761165418194154175e-01 1.708832147360958911e-02 -6.144543611679934708e-03 1.594538536974223972e-02
3.067961575771282479e-01 1.821434836686474518e-02 -4.169061548438553200e-03 1.773080404930468812e-02
3.374757733348410782e-01 1.955368241394626894e-02 -1.645053359445517891e-03 1.948436027664363773e-02
3.681553890925538530e-01 2.102505820620485105e-02 1.546599930789155451e-03 2.096809722479331048e-02
3.988350048502666834e-01 2.252864717755821353e-02 5.376972702369201690e-03 2.187757089370019961e-02
4.295146206079795137e-01 2.397687956490845290e-02 9.654017690341971936e-03 2.194745306646511337e-02
4.601942363656923440e-01 2.531682877332534776e-02 1.408068481488418747e-02 2.103987011085772449e-02
4.908738521234051744e-01 2.653938513986683553e-02 1.835297335682553252e-02 1.917048075990366793e-02
5.215534678811180047e-01 2.767372709984424958e-02 2.224301845454137311e-02 1.646460754550760353e-02
5.522330836388308350e-01 2.876838461244054374e-02 2.562432475167361265e-02 1.307722960837168213e-02
5.829126993965436654e-01 2.986469149786478983e-02 2.843476615033540406e-02 9.130381823252362028e-03
6.135923151542564957e-01 3.097348830678017112e-02 3.061380606750659789e-02 4.706575820205623206e-03
6.442719309119693261e-01 3.206718945392523362e-02 3.206702131228104935e-02 -1.038442663169614753e-04
6.749515466696821564e-01 3.309366581300289545e-02 3.269145367201926194e-02 -5.143887027621698096e-03
7.056311624273949867e-01 3.400852617695437896e-02 3.245078213194236422e-02 -1.017480180415330712e-02
7.363107781851077061e-01 3.481425320353483815e-02 3.144851172143030282e-02 -1.493396587068875417e-02
7.669903939428205364e-01 3.559085436191961743e-02 2.993900215828745534e-02 -1.924487110836110848e-02
7.976700097005333667e-01 3.650207821087209786e-02 2.824980263200812039e-02 -2.311601966094531391e-02
8.283496254582461971e-01 3.776540166904789747e-02 2.664640188374224963e-02 -2.676181664003068547e-02
8.590292412159590274e-01 3.959015395041270285e-02 2.521519888378013358e-02 -3.052169777500576137e-02
8.897088569736718577e-01 4.211683888869243580e-02 2.383862322879003529e-02 -3.472100460142055894e-02
9.203884727313846881e-01 4.540752396382972261e-02 2.228072969349432011e-02 -3.956529182062493849e-02
9.510680884890975184e-01 4.951286244313365253e-02 2.032079561375681881e-02 -4.515073435655943268e-02
9.817477042468103487e-01 5.459026516964544939e-02 1.781803291594428323e-02 -5.160053056218057155e-02
1.012427320004523068e+00 6.101045738185348344e-02 1.460728849798155482e-02 -5.923599440103707869e-02
1.043106935762236009e+00 6.938075266774954009e-02 1.022083981351130412e-02 -6.862378067587049379e-02
1.073786551519948729e+00 8.044093081737993534e-02 3.562466221799342591e-03 -8.036200710027745220e-02
1.104466167277661670e+00 9.486565590936103798e-02 -7.248845610149882296e-03 -9.458830217544608732e-02
1.135145783035374389e+00 1.130850624028041512e-01 -2.466505456820509284e-02 -1.103624321125335345e-01
1.165825398793087331e+00 1.352175582711925561e-01 -5.106620397895881430e-02 -1.252039571100000137e-01
1.196505014550800050e+00 1.611173650933661328e-01 -8.784081804602868193e-02 -1.350658951017373599e-01
1.227184630308512991e+00 1.904849257895167847e-01 -1.345143179015246271e-01 -1.348718103701632975e-01
1.257864246066225711e+00 2.229970205033592057e-01 -1.882777056961288387e-01 -1.194955090837203221e-01
1.288543861823938652e+00 2.584356913726117977e-01 -2.441108137801099864e-01 -8.484643287052391625e-02
1.319223477581651371e+00 2.968017766606652619e-01 -2.954136910707673147e-01 -2.867134033966125747e-02
1.349903093339364313e+00 3.383932345817366460e-01 -3.348051013537375886e-01 4.914799404048708631e-02
1.380582709097077032e+00 3.838219522998975730e-01 -3.546822317266109525e-01 1.466963038550580523e-01
1.411262324854789973e+00 4.339452326782024527e-01 -3.473434164300153726e-01 2.601173120475916423e-01
1.441941940612502693e+00 4.897055573412125162e-01 -3.048891236328849508e-01 3.832155466330129934e-01
1.472621556370215412e+00 5.519019215356357755e-01 -2.195215709134827053e-01 5.063654914174186006e-01
1.503301172127928353e+00 6.209440189449026981e-01 -8.498664093779069451e-02 6.151005978907504446e-01
1.533980787885641073e+00 6.966492057956391593e-01 1.004471833437973055e-01 6.893696245803062617e-01
1.564660403643354014e+00 7.781256321099891959e-01 3.298759276263651952e-01 7.047420604158768365e-01
1.595340019401066733e+00 8.637549749643546049e-01 5.838794273260562440e-01 6.365198120412823846e-01
1.626019635158779675e+00 9.512627221413112455e-01 8.289044438314576713e-01 4.667099629664651084e-01
1.656699250916492394e+00 1.037852158925163470e+00 1.019861042590376909e+00 1.924072701123637485e-01
1.687378866674205335e+00 1.120377958187048328e+00 1.107843548255229571e+00 -1.671210393117572579e-01
1.718058482431918055e+00 1.195539945262221515e+00 1.052085894921423348e+00 -5.678301070082346635e-01
1.748738098189630996e+00 1.260082329225703290e+00 8.332891906054491482e-01 -9.452177533494540151e-01
1.779417713947343715e+00 1.310986777620111621e+00 4.641219908289936913e-01 -1.226082015496392286e+00
1.810097329705056657e+00 1.345649419428489812e+00 -7.309827670940760927e-03 -1.345629565083813484e+00
1.840776945462769376e+00 1.362032989674502925e+00 -5.036269917117794925e-01 -1.265501370280177840e+00
1.871456561220482318e+00 1.358786523378166633e+00 -9.337185780723248341e-01 -9.871526898493064861e-01
1.902136176978195037e+00 1.335326599050706609e+00 -1.214188576685863996e+00 -5.557366520015414313e-01
1.932815792735907978e+00 1.291876201894061493e+00 -1.290822200248733287e+00 -5.217440335303476923e-02
1.963495408493620697e+00 1.229459750648439265e+00 -1.153564107375384173e+00 4.252777076684778890e-01
1.994175024251333417e+00 1.149855566137988117e+00 -8.400653514326258398e-01 7.851484116400491153e-01
2.024854640009046136e+00 1.055509907347263354e+00 -4.262153486246077483e-01 9.656301782282036283e-01
2.055534255766759077e+00 9.494195833103334925e-01 -6.143882950362010258e-03 9.493997039579586961e-01
2.086213871524472019e+00 8.349931734914595172e-01 3.324448174549049506e-01 7.659595571077585374e-01
2.116893487282184960e+00 7.159046257646003442e-01 5.302565794739729776e-01 4.809858554216688842e-01
2.147573103039897457e+00 5.959592515251741496e-01 5.693021451551704137e-01 1.762455588097671388e-01
2.178252718797610399e+00 4.790063229738016348e-01 4.733322603961104269e-01 -7.350937843017486817e-02
2.208932334555323340e+00 3.689716392761909214e-01 2.964973768375173124e-01 -2.196118760874074261e-01
2.239611950313036282e+00 2.702030421391099502e-01 1.045650710753768392e-01 -2.491502155171273492e-01
2.270291566070748779e+00 1.886694713626085040e-01 -4.496078936128040937e-02 -1.832339947833281357e-01
2.300971181828461720e+00 1.347562061603912731e-01 -1.176967897587945511e-01 -6.562545831623570192e-02
2.331650797586174662e+00 1.208603110725237351e-01 -1.083121339958028340e-01 5.362552024756920416e-02
2.362330413343887603e+00 1.388544204608017085e-01 -3.692960499091890031e-02 1.338534809286624494e-01
2.393010029101600100e+00 1.658412998973122499e-01 6.148175879141109385e-02 1.540237971468857159e-01
2.423689644859313042e+00 1.893946155165598666e-01 1.502994124477161075e-01 1.152406482302874985e-01
2.454369260617025983e+00 2.056365414710728257e-01 2.024479320155146422e-01 3.607245501523042436e-02
2.485048876374738480e+00 2.140387879157632789e-01 2.064486694104436804e-01 -5.649380170519981842e-02
2.515728492132451422e+00 2.153892470357255950e-01 1.664298136810004602e-01 -1.367247046320609338e-01
2.546408107890164363e+00 2.110321600553495547e-01 9.739277897600473466e-02 -1.872143669192024296e-01
2.577087723647877304e+00 2.025188764676374986e-01 1.835811933197063414e-02 -2.016850881456220546e-01
2.607767339405589802e+00 1.914064235433970418e-01 -5.384998607638098039e-02 -1.836752513901855899e-01
2.638446955163302743e+00 1.791205022995536744e-01 -1.083076675924391219e-01 -1.426660558252387245e-01
2.669126570921015684e+00 1.668546754398302079e-01 -1.406868903070962185e-01 -8.970887142222978838e-02
2.699806186678728626e+00 1.554985751236347691e-01 -1.516846101096661348e-01 -3.422843731985514282e-02
2.730485802436441123e+00 1.455995274037528986e-01 -1.445723673276816945e-01 1.726421111623883259e-02
2.761165418194154064e+00 1.373674727833349429e-01 -1.231741906850456758e-01 6.081070076856767703e-02
2.791845033951867006e+00 1.307281970368989743e-01 -9.097240953508489714e-02 9.388227843368034120e-02
2.822524649709579947e+00 1.254142087082485979e-01 -5.128290309878304892e-02 1.144499348871678701e-01
2.853204265467292444e+00 1.210670297028209469e-01 -7.902860122270257554e-03 1.208088179023019682e-01
2.883883881225005386e+00 1.173230428073129272e-01 3.448464034447595861e-02 1.121405633741810598e-01
2.914563496982718327e+00 1.138682278346610233e-01 7.059217421054019004e-02 8.934605895301156453e-02
2.945243112740430824e+00 1.104631272080696669e-01 9.547853034188029386e-02 5.555135206582127727e-02
2.975922728498143766e+00 1.069478509479164091e-01 1.057606594925059873e-01 1.589105805438861124e-02
3.006602344255856707e+00 1.032369046553610337e-01 1.005401217334329633e-01 -2.344232080333743043e-02
3.037281960013569648e+00 9.930959853929090253e-02 8.164238968838123667e-02 -5.654128198056381643e-02
3.067961575771282146e+00 9.519789786008718557e-02 5.308924520251191020e-02 -7.902007213871142799e-02
3.098641191528995087e+00 9.097157068330269380e-02 2.004655440701959626e-02 -8.873534994010866261e-02
3.129320807286708028e+00 8.672042045078354189e-02 -1.233871065023029422e-02 -8.583814736264157308e-02
3.160000423044420970e+00 8.253459500349638600e-02 -3.983368294510648139e-02 -7.228580134037322635e-02
3.190680038802133467e+00 7.848559379499996103e-02 -5.955986267755703639e-02 -5.111370844679815478e-02
3.221359654559846408e+00 7.461174445030323288e-02 -7.002086529242249058e-02 -2.576801959052692562e-02
3.252039270317559350e+00 7.091174577798381451e-02 -7.091095144365146263e-02 3.356406374533214159e-04
3.282718886075272291e+00 6.734800615888986153e-02 -6.291114483302440163e-02 2.404041990848104771e-02
3.313398501832984788e+00 6.385852097699201702e-02 -4.757662392656007710e-02 4.259548752062360111e-02
3.344078117590697730e+00 6.037335176976826173e-02 -2.727775732787949062e-02 5.385968398605302937e-02
3.374757733348410671e+00 5.683073957954663108e-02 -5.065749498084711963e-03 5.660451521902561817e-02
3.405437349106123612e+00 5.318881341790798051e-02 1.565701989072470698e-02 5.083215125239614468e-02
3.436116964863836110e+00 4.943095155307529465e-02 3.168177749178158198e-02 3.794316732171575807e-02
3.466796580621549051e+00 4.556499810967135772e-02 4.064104300204787745e-02 2.060278322072164187e-02
3.497476196379261992e+00 4.161801035683907607e-02 4.155669058807932165e-02 2.258374067466228409e-03
3.528155812136974490e+00 3.762886346507689217e-02 3.508640569701152595e-02 -1.359689306195041754e-02
3.558835427894687431e+00 3.364106773445394577e-02 2.335951111658403009e-02 -2.420856622578679979e-02
3.589515043652400372e+00 2.969786300739814255e-02 9.435205578493557205e-03 -2.815918967047438201e-02
3.620194659410113314e+00 2.584137835510582834e-02 -3.456041397324433745e-03 -2.560922906203370528e-02
3.650874275167825811e+00 2.211782535376263098e-02 -1.266564249674334564e-02 -1.813228332351538019e-02
3.681553890925538752e+00 1.859207741372651684e-02 -1.667432762622072379e-02 -8.223876261924906866e-03
3.712233506683251694e+00 1.537859978624195670e-02 -1.531892480105806822e-02 1.353467518978256111e-03
3.742913122440964635e+00 1.269936383963938403e-02 -9.689229024371621632e-03 8.209304650505722806e-03
3.773592738198677132e+00 1.095295925019661339e-02 -1.769583673786194944e-03 1.080906517502493863e-02
3.804272353956390074e+00 1.062731553416489810e-02 6.060501508588832763e-03 8.729842892463472726e-03
3.834951969714103015e+00 1.186000106253575631e-02 1.155393480369860948e-02 2.676978848484099817e-03
3.865631585471815956e+00 1.425604916294648770e-02 1.306219112708348687e-02 -5.710875650536321665e-03
3.896311201229528454e+00 1.731413934196797400e-02 9.874274997819780519e-03 -1.422245106936614704e-02
3.926990816987241395e+00 2.068087351247048164e-02 2.378469644625225404e-03 -2.054364649687098754e-02
3.957670432744954336e+00 2.412536634009631448e-02 -7.989621900847222041e-03 -2.276399004843734919e-02
3.988350048502666834e+00 2.747792759886126535e-02 -1.902457421759689085e-02 -1.982680208625206553e-02
4.019029664260379775e+00 3.059672157473272008e-02 -2.822215531049526716e-02 -1.181817755629007392e-02
4.049709280018092272e+00 3.335533696072744136e-02 -3.335533662286211537e-02 -4.747549206612765501e-06
4.080388895775805658e+00 3.564115141887429228e-02 -3.301870926567406633e-02 1.341851381085158376e-02
4.111068511533518155e+00 3.735876132383735004e-02 -2.699088004288472883e-02 2.582962334533843440e-02
4.141748127291231540e+00 3.843536873210895433e-02 -1.630087809310203431e-02 3.480745527853199017e-02
4.172427743048944038e+00 3.882628672615597715e-02 -2.966818446084053349e-03 3.871276958898253739e-02
4.203107358806656535e+00 3.851939580894489512e-02 1.052314371090051597e-02 3.705411313101281828e-02
4.233786974564369920e+00 3.753782094694079613e-02 2.183400943439566325e-02 3.053463661914627286e-02
4.264466590322082418e+00 3.594044075456191700e-02 2.932549631897454420e-02 2.077812665468149744e-02
4.295146206079794915e+00 3.382012529432391196e-02 3.235854135905692069e-02 9.834921252250610965e-03
4.325825821837508300e+00 3.129981326468157798e-02 3.129765686087986748e-02 -3.674036234931658210e-04
4.356505437595220798e+00 2.852662740203727038e-02 2.724326257199850138e-02 -8.460089560271177173e-03
4.387185053352934183e+00 2.566408274840399628e-02 2.161104803536882321e-02 -1.384224498157394026e-02
4.417864669110646680e+00 2.288192138528483480e-02 1.570928372607801118e-02 -1.663732944603598177e-02
4.448544284868359178e+00 2.034219487524501976e-02 1.044244728196980394e-02 -1.745738202325097105e-02
4.479223900626072563e+00 1.817964991810194428e-02 6.205764007969514703e-03 -1.708766116887077552e-02
4.509903516383785060e+00 1.647670538418570182e-02 2.959532321576564384e-03 -1.620873186757056800e-02
4.540583132141497558e+00 1.524108092834990276e-02 4.142293423429590019e-04 -1.523545082747646343e-02
4.571262747899210943e+00 1.440254957095559243e-02 -1.764332454315919053e-03 -1.429407447631642590e-02
4.601942363656923440e+00 1.383888082868533001e-02 -3.804932545417167612e-03 -1.330552933615869460e-02
4.632621979414635938e+00 1.341845937739790696e-02 -5.771754949643530079e-03 -1.211370698275895941e-02
4.663301595172349323e+00 1.303518812147175243e-02 -7.588986602818109488e-03 -1.059827399647723239e-02
4.693981210930061820e+00 1.262306006845486175e-02 -9.112943495132537486e-03 -8.734752792514580144e-03
4.724660826687775206e+00 1.215365739391046848e-02 -1.020804967958283127e-02 -6.595991948730944333e-03
4.755340442445487703e+00 1.162497295629309757e-02 -1.079478565535261017e-02 -4.314232132087868730e-03
4.786020058203200200e+00 1.104785787753156598e-02 -1.085911753254939320e-02 -2.033403574407858117e-03
4.816699673960913586e+00 1.043358725787356910e-02 -1.043285787419538126e-02 1.233679233072048210e-04
4.847379289718626083e+00 9.784550682580476014e-03 -9.565211924593749332e-03 2.060134194074655142e-03
4.878058905476338580e+00 9.089339718094805939e-03 -8.305285805618008860e-03 3.693010181130805709e-03
4.908738521234051966e+00 8.322656648097394652e-03 -6.706274217476725780e-03 4.928742212991738675e-03
4.939418136991764463e+00 7.449335074727763545e-03 -4.849560786448487218e-03 5.654586919847499026e-03
4.970097752749476960e+00 6.430907291923425133e-03 -2.876176836109072422e-03 5.751884508988639073e-03
5.000777368507190346e+00 5.233336082029013681e-03 -1.007520043269275996e-03 5.135436681517694009e-03
5.031456984264902843e+00 3.836983953866872615e-03 4.615307434396640862e-04 3.809125258519584657e-03
5.062136600022616229e+00 2.266453158264025020e-03 1.206247852610167716e-03 1.918795465045280112e-03
5.092816215780328726e+00 9.745454231442188297e-04 9.492557790365322009e-04 -2.205725452931326573e-04
5.123495831538041223e+00 2.188703390408427985e-03 -4.454845593351808254e-04 -2.142887313551342012e-03
5.154175447295754608e+00 4.387898323395948361e-03 -2.889231821070374802e-03 -3.302422017334450018e-03
5.184855063053467106e+00 6.818428346923661315e-03 -6.025992037745094357e-03 -3.190358143400966358e-03
5.215534678811179603e+00 9.370565234780203062e-03 -9.254410513136877847e-03 -1.470842912622898459e-03
5.246214294568892988e+00 1.197259709327168700e-02 -1.182080326714824402e-02 1.900445020829349919e-03
5.276893910326605486e+00 1.455703216959662247e-02 -1.296840852795246718e-02 6.612682197021163208e-03
5.307573526084318871e+00 1.705899375309901517e-02 -1.210850504805335327e-02 1.201637937856231755e-02
5.338253141842031368e+00 1.941868285330126259e-02 -8.969327027725555387e-03 1.722313607990160270e-02
5.368932757599743866e+00 2.158416725442927758e-02 -3.682999357766910016e-03 2.126762308763877063e-02
5.399612373357457251e+00 2.351343405646933241e-02 3.212069487015796736e-03 2.329300733564719506e-02
5.430291989115169748e+00 2.517524158343342061e-02 1.085212424713350755e-02 2.271616578802444428e-02
5.460971604872882246e+00 2.654861431825641244e-02 1.818974977450641198e-02 1.933809518438600952e-02
5.491651220630595631e+00 2.762110490874088511e-02 2.416230330630574769e-02 1.338314370070635938e-02
5.522330836388308128e+00 2.838622169364327444e-02 2.785424181994525586e-02 5.469807553897735979e-03
5.553010452146020626e+00 2.884064360132947494e-02 2.863091619566016099e-02 -3.471795088422009474e-03
5.583690067903734011e+00 2.898195090286328005e-02 2.623382960696052021e-02 -1.231826539286027741e-02
5.614369683661446508e+00 2.880753822717670165e-02 2.083466703618213831e-02 -1.989449441935311341e-02
5.645049299419159894e+00 2.831514075734336416e-02 1.304467673233040970e-02 -2.513132716465975303e-02
5.675728915176872391e+00 2.750505446682337957e-02 3.870286179100708348e-03 -2.723139559616405067e-02
5.706408530934584888e+00 2.638377327807009745e-02 -5.397406133432141630e-03 -2.582579136095145694e-02
5.737088146692298274e+00 2.496851112836906417e-02 -1.336496301147056115e-02 -2.109038434143658408e-02
5.767767762450010771e+00 2.329199281940110694e-02 -1.877732463983921435e-02 -1.378147339253390363e-02
5.798447378207723268e+00 2.140697722032930406e-02 -2.077685383408327952e-02 -5.155678274372520707e-03
5.829126993965436654e+00 1.939011256750507867e-02 -1.911799687269660070e-02 3.237075988617113802e-03
5.859806609723149151e+00 1.734463350063082318e-02 -1.426910696315026629e-02 9.860471476830185572e-03
5.890486225480861648e+00 1.540044027596540639e-02 -7.352179326907798927e-03 1.353214764324447462e-02
5.921165841238575034e+00 1.370712302177759002e-02 8.646618695932148672e-05 1.370685029949105134e-02
5.951845456996287531e+00 1.241058266089449698e-02 6.428657179072309012e-03 1.061578677521629599e-02
5.982525072754000917e+00 1.160529465394396706e-02 1.036966643217310073e-02 5.210842742812610284e-03
