# r  chir_mag  chir_re  chir_im
0.000000000000000000e+00 7.123144447437945725e-03 -7.123144447437945725e-03 0.000000000000000000e+00
3.067961575771282340e-02 7.061381134000306765e-03 -6.842991524297784532e-03 1.742575828480397680e-03
6.135923151542564680e-02 6.900655689241380446e-03 -6.112586348378278196e-03 3.202395521336948245e-03
9.203884727313846326e-02 6.716453846214649401e-03 -5.199798062028633365e-03 4.251217752886203745e-03
1.227184630308512936e-01 6.633335956982374174e-03 -4.377224255496308877e-03 4.984080028981281024e-03
1.533980787885641239e-01 6.798161776571770912e-03 -3.761786592285725275e-03 5.662505203047570913e-03
1.840776945462769265e-01 7.314744033342396312e-03 -3.235807414364308757e-03 6.560109042574152269e-03
2.147573103039897569e-01 8.182307780780455689e-03 -2.495965846718299370e-03 7.792324114886148116e-03
2.454369260617025872e-01 9.301551893181886008e-03 -1.208232913858560496e-03 9.222745840985991858e-03
2.761165418194154175e-01 1.053095669980709005e-02 8.112980589570058460e-04 1.049965925507796889e-02
3.067961575771282479e-01 1.173686960089018010e-02 3.486230463857023423e-03 1.120715419636828664e-02
3.374757733348410782e-01 1.282256933519136839e-02 6.501262016533022187e-03 1.105223400712159257e-02
3.681553890925538530e-01 1.374626318394090926e-02 9.445613215643688942e-03 9.986998673406669372e-03
3.988350048502666834e-01 1.453312251774984028e-02 1.200048193667748592e-02 8.197565699852903467e-03
4.295146206079795137e-01 1.527630661977261335e-02 1.406395988386086038e-02 5.964107336933239731e-03
4.601942363656923440e-01 1.611516749135963669e-02 1.573679239513669365e-02 3.471597382609668218e-03
4.908738521234051744e-01 1.718252382671696735e-02 1.716879488164274950e-02 6.867367528929658191e-04
5.215534678811180047e-01 1.853489283676098762e-02 1.835010133236602767e-02 -2.610753447208729629e-03
5.522330836388308350e-01 2.010397210572742108e-02 1.897713257067023401e-02 -6.636123403243278027e-03
5.829126993965436654e-01 2.169765804426938838e-02 1.849997588655380443e-02 -1.133751545987813671e-02
6.135923151542564957e-01 2.304077052866321251e-02 1.636972420118767632e-02 -1.621447612880433722e-02
6.442719309119693261e-01 2.382767081464018041e-02 1.239091413719044243e-02 -2.035247265802436756e-02
6.749515466696821564e-01 2.377096673306696578e-02 7.003739591500101648e-03 -2.271577626142303949e-02
7.056311624273949867e-01 2.264739582217847533e-02 1.321240306717527896e-03 -2.260882264909723147e-02
7.363107781851077061e-01 2.035572100808240303e-02 -3.160362007482493685e-03 -2.010889081328327485e-02
7.669903939428205364e-01 1.703435901455927631e-02 -5.109872295135552828e-03 -1.624987975845676794e-02
7.976700097005333667e-01 1.341917419749713569e-02 -3.961354702888726653e-03 -1.282115069175439673e-02
8.283496254582461971e-01 1.181173077526312398e-02 -3.046882593220511990e-04 -1.180780034434565293e-02
8.590292412159590274e-01 1.523789208295585861e-02 4.130434179822562758e-03 -1.466740838109999341e-02
8.897088569736718577e-01 2.280844024787486921e-02 6.928762501201109897e-03 -2.173055905269874466e-02
9.203884727313846881e-01 3.248339996231303789e-02 5.720259022537559600e-03 -3.197577066822122199e-02
9.510680884890975184e-01 4.328538319177146348e-02 -1.102879610249971835e-03 -4.327133063153693754e-02
9.817477042468103487e-01 5.477734257726415978e-02 -1.396792334104889760e-02 -5.296654016797339160e-02
1.012427320004523068e+00 6.679658010085673392e-02 -3.214101124803653287e-02 -5.855543108135877889e-02
1.043106935762236009e+00 7.939838513750505089e-02 -5.410151933636231369e-02 -5.811307226382715629e-02
1.073786551519948729e+00 9.283646561854609625e-02 -7.800223368017267234e-02 -5.034144306083434411e-02
1.104466167277661670e+00 1.075175566449656228e-01 -1.018996420148427090e-01 -3.429997003133229000e-02
1.135145783035374389e+00 1.239106701638249125e-01 -1.235749332567747938e-01 -9.115374431797416271e-03
1.165825398793087331e+00 1.424220873834262657e-01 -1.400361458559435113e-01 2.596013922276268343e-02
1.196505014550800050e+00 1.632703448290653003e-01 -1.470667144859096331e-01 7.091253056351760897e-02
1.227184630308512991e+00 1.863984463063216024e-01 -1.393121813265645048e-01 1.238406109458649040e-01
1.257864246066225711e+00 2.114421109077909422e-01 -1.112718194334695876e-01 1.797952960038385062e-01
1.288543861823938652e+00 2.377494792053604089e-01 -5.919222340347418676e-02 2.302631007151890452e-01
1.319223477581651371e+00 2.644352608404034743e-01 1.662309699477340294e-02 2.639122578093608951e-01
1.349903093339364313e+00 2.904524734520211871e-01 1.099584996260661168e-01 2.688340895317807289e-01
1.380582709097077032e+00 3.146704778614981546e-01 2.082372902147745508e-01 2.359125698253302927e-01
1.411262324854789973e+00 3.359529718006387111e-01 2.941093464237122812e-01 1.623702300543346244e-01
1.441941940612502693e+00 3.532322203489753343e-01 3.490447792620915979e-01 5.422862309283583981e-02
1.472621556370215412e+00 3.655766944100969362e-01 3.581253276555248499e-01 -7.343411460238585819e-02
1.503301172127928353e+00 3.722494616540326651e-01 3.146328851167830010e-01 -1.989366967273920039e-01
1.533980787885641073e+00 3.727547779449448817e-01 2.228905264301715150e-01 -2.987740579576248501e-01
1.564660403643354014e+00 3.668706411973652881e-01 9.822450791672393544e-02 -3.534770337901507742e-01
1.595340019401066733e+00 3.546656545100232982e-01 -3.621727759674261277e-02 -3.528116144523925080e-01
1.626019635158779675e+00 3.364993620065306890e-01 -1.550232150315161705e-01 -2.986630600393936907e-01
1.656699250916492394e+00 3.130061944848839262e-01 -2.368597627995836230e-01 -2.046224097024418320e-01
1.687378866674205335e+00 2.850642154639242976e-01 -2.696963226284980197e-01 -9.233363687588487523e-02
1.718058482431918055e+00 2.537509337033295176e-01 -2.533479655458293900e-01 1.429491899595046987e-02
1.748738098189630996e+00 2.202895365134641958e-01 -1.986401759503080566e-01 9.523423961867671927e-02
1.779417713947343715e+00 1.859900976890842550e-01 -1.235950507911725699e-01 1.389840993003249314e-01
1.810097329705056657e+00 1.521919691275108455e-01 -4.797060347620960008e-02 1.444341257080108409e-01
1.840776945462769376e+00 1.202165806702931994e-01 1.206861561299493735e-02 1.196092587772488586e-01
1.871456561220482318e+00 9.134619318545661448e-02 4.754725530863680022e-02 7.799606093957611730e-02
1.902136176978195037e+00 6.685506296554348526e-02 5.764322338305605253e-02 3.386529554186532703e-02
1.932815792735907978e+00 4.810866764323443179e-02 4.807451683370472795e-02 -1.812383406741535728e-03
1.963495408493620697e+00 3.650166772329556386e-02 2.781094183943882275e-02 -2.364155791366610512e-02
1.994175024251333417e+00 3.228061756613343630e-02 5.464853188292670069e-03 -3.181467664587163402e-02
2.024854640009046136e+00 3.306556927339366486e-02 -1.335413503630210504e-02 -3.024894954879927406e-02
2.055534255766759077e+00 3.598558467997643034e-02 -2.695217352440375247e-02 -2.384413234047705679e-02
2.086213871524472019e+00 4.005060305237716223e-02 -3.669812280994845521e-02 -1.604052951386030629e-02
2.116893487282184960e+00 4.567000837489903348e-02 -4.503515426279679212e-02 -7.588448160819444809e-03
2.147573103039897457e+00 5.343928822222521191e-02 -5.334719096070345001e-02 3.136039269572207192e-03
2.178252718797610399e+00 6.340565644284923419e-02 -6.062291719912037136e-02 1.857792182180839288e-02
2.208932334555323340e+00 7.501034858148730722e-02 -6.346113515147966400e-02 3.999045785686713983e-02
2.239611950313036282e+00 8.736878861753505365e-02 -5.738772481756490573e-02 6.587832924990558170e-02
2.270291566070748779e+00 9.952519140840300482e-02 -3.892940141693337214e-02 9.159566272590924374e-02
2.300971181828461720e+00 1.105924206383077368e-01 -7.598789085710776908e-03 1.103310559501325394e-01
2.331650797586174662e+00 1.198180825327147397e-01 3.302280459723612449e-02 1.151775467630266891e-01
2.362330413343887603e+00 1.266171599269081682e-01 7.559390025546168512e-02 1.015749350584264354e-01
2.393010029101600100e+00 1.305899755896034742e-01 1.107104298065784559e-01 6.925996286842707461e-02
2.423689644859313042e+00 1.315325218575256749e-01 1.295047952010296155e-01 2.300678869681388808e-02
2.454369260617025983e+00 1.294420647280493941e-01 1.263389774129524967e-01 -2.817287538236031008e-02
2.485048876374738480e+00 1.245201153272692124e-01 1.007286430853860798e-01 -7.320518822660951330e-02
2.515728492132451422e+00 1.171752600775206599e-01 5.785594464056029868e-02 -1.018956880539261534e-01
2.546408107890164363e+00 1.080288121098081089e-01 7.453168669050086632e-03 -1.077713993722217156e-01
2.577087723647877304e+00 9.792470431492987515e-02 -3.866476400111956008e-02 -8.996823739467264824e-02
2.607767339405589802e+00 8.793513026810535760e-02 -6.972545524373921499e-02 -5.358122830172875467e-02
2.638446955163302743e+00 7.932060939783965037e-02 -7.888007664785899598e-02 -8.348208386985633833e-03
2.669126570921015684e+00 7.334150455195365126e-02 -6.500232592968534229e-02 3.396577562304730485e-02
2.699806186678728626e+00 7.082547176798700828e-02 -3.288599284980532611e-02 6.272765678263837741e-02
2.730485802436441123e+00 7.169401505517547513e-02 8.200370337391600997e-03 7.122349135686451005e-02
2.761165418194154064e+00 7.496488661856741398e-02 4.715323664456141928e-02 5.827783883841830548e-02
2.791845033951867006e+00 7.928361947876387539e-02 7.407106393738380201e-02 2.827312867083209280e-02
2.822524649709579947e+00 8.344060176635079151e-02 8.279356218231684328e-02 -1.037111779383393349e-02
2.853204265467292444e+00 8.658050309873219219e-02 7.223169596679095139e-02 -4.773641811647212629e-02
2.883883881225005386e+00 8.820674733189813599e-02 4.617824410944314228e-02 -7.515317721721417876e-02
2.914563496982718327e+00 8.812292602130281094e-02 1.177294023534060895e-02 -8.733297183063853941e-02
2.945243112740430824e+00 8.637093927148856154e-02 -2.279857825696830070e-02 -8.330764658841381676e-02
2.975922728498143766e+00 8.317825589130409258e-02 -5.059848070900845735e-02 -6.601830051629141438e-02
3.006602344255856707e+00 7.891297219046505829e-02 -6.752197790968823832e-02 -4.084164148386650040e-02
3.037281960013569648e+00 7.404362573831620165e-02 -7.277326407910524042e-02 -1.365688645880353512e-02
3.067961575771282146e+00 6.910090311431367482e-02 -6.824258726175724821e-02 1.085744422206313606e-02
3.098641191528995087e+00 6.463735969306887152e-02 -5.716663717160808816e-02 3.016560728016063828e-02
3.129320807286708028e+00 6.117945928105734954e-02 -4.265879129827504501e-02 4.385377706529697966e-02
3.160000423044420970e+00 5.916823546926391897e-02 -2.667252708101208736e-02 5.281530448325501281e-02
3.190680038802133467e+00 5.889754874867089013e-02 -9.736142257245979439e-03 5.808725146319744514e-02
3.221359654559846408e+00 6.047711530113608625e-02 8.533435198209916167e-03 5.987204655650966989e-02
3.252039270317559350e+00 6.384421249807654963e-02 2.843770052281744884e-02 5.716100645084988552e-02
3.282718886075272291e+00 6.881272602880990352e-02 4.919914589477099309e-02 4.811065689367679393e-02
3.313398501832984788e+00 7.512206995399403620e-02 6.842097088989773646e-02 3.101445044904937651e-02
3.344078117590697730e+00 8.246259019394618084e-02 8.228062300148179797e-02 5.475204104207769158e-03
3.374757733348410671e+00 9.048170081556754230e-02 8.645195437769039037e-02 -2.670201802777486672e-02
3.405437349106123612e+00 9.878550299701983894e-02 7.747493548936765229e-02 -6.128792681509578205e-02
3.436116964863836110e+00 1.069456863721882367e-01 5.411617705459549621e-02 -9.224326107968061628e-02
3.466796580621549051e+00 1.145140143341419336e-01 1.824320192681256128e-02 -1.130515150821854581e-01
3.497476196379261992e+00 1.210425630472283243e-01 -2.512718233448395927e-02 -1.184057717215332567e-01
3.528155812136974490e+00 1.261068506733300232e-01 -6.869766757743697716e-02 -1.057523912550705353e-01
3.558835427894687431e+00 1.293293588093367974e-01 -1.044864264897448491e-01 -7.621462936626619000e-02
3.589515043652400372e+00 1.304015914092587769e-01 -1.257314579411643318e-01 -3.458577057196349919e-02
3.620194659410113314e+00 1.291033125762020006e-01 -1.285761410609800315e-01 1.165509622506343858e-02
3.650874275167825811e+00 1.253178980605684500e-01 -1.130542960009854742e-01 5.406756634101986259e-02
3.681553890925538752e+00 1.190429002378317613e-01 -8.308178126501045146e-02 8.525625911842089899e-02
3.712233506683251694e+00 1.103950598015154966e-01 -4.544159437964193776e-02 1.006088004541167286e-01
3.742913122440964635e+00 9.960918819502671828e-02 -8.039932864579399027e-03 9.928418732308436079e-02
3.773592738198677132e+00 8.703068175366221459e-02 2.207567143980414259e-02 8.418434710199425297e-02
3.804272353956390074e+00 7.310206181556404281e-02 4.037630714261580822e-02 6.093984955028768080e-02
3.834951969714103015e+00 5.834533414915474281e-02 4.573190844116988008e-02 3.623217585661917678e-02
3.865631585471815956e+00 4.334620568281245118e-02 4.029841280009318488e-02 1.596657361145365286e-02
3.896311201229528454e+00 2.876560817552816646e-02 2.850852956168610161e-02 3.837180727888943495e-03
3.926990816987241395e+00 1.555099835064307871e-02 1.553616913508644448e-02 6.789685616367483476e-04
3.957670432744954336e+00 7.443791865710645481e-03 5.748807668005432962e-03 4.728768099230697824e-03
3.988350048502666834e+00 1.271995041047388475e-02 1.628563117133220630e-03 1.261526538042018718e-02
4.019029664260379775e+00 2.095771584130584619e-02 3.446728719133118103e-03 2.067234661139428706e-02
4.049709280018092272e+00 2.784202794471946421e-02 9.693054152201409021e-03 2.610025327994023106e-02
4.080388895775805658e+00 3.295306812681818992e-02 1.799743758689934664e-02 2.760429204446988513e-02
4.111068511533518155e+00 3.642655493295769015e-02 2.613565380785951020e-02 2.537363797959414982e-02
4.141748127291231540e+00 3.863579642247085694e-02 3.273174900486647276e-02 2.052699131097966007e-02
4.172427743048944038e+00 4.009245885764910894e-02 3.743939708867858457e-02 1.434213383316904067e-02
4.203107358806656535e+00 4.133571753594145193e-02 4.062516534145334951e-02 7.631348844779380601e-03
4.233786974564369920e+00 4.278789855629437644e-02 4.278479183247106687e-02 5.156071332474147957e-04
4.264466590322082418e+00 4.462464445563066318e-02 4.401410852020590930e-02 -7.356435547395584300e-03
4.295146206079794915e+00 4.673573259808400798e-02 4.379809927119018148e-02 -1.630813299279174414e-02
4.325825821837508300e+00 4.879929336174414212e-02 4.120941169076210858e-02 -2.613724202563930468e-02
4.356505437595220798e+00 5.041253740224140023e-02 3.540443385019687722e-02 -3.588802016104290088e-02
4.387185053352934183e+00 5.120863625544850445e-02 2.616385022006482985e-02 -4.402019273929691501e-02
4.417864669110646680e+00 5.092992042776881001e-02 1.420676802570169581e-02 -4.890832789048059348e-02
4.448544284868359178e+00 4.946093262672059121e-02 1.116331466968982066e-03 -4.944833324148396186e-02
4.479223900626072563e+00 4.683370437115396551e-02 -1.110407840374004994e-02 -4.549830005536733418e-02
4.509903516383785060e+00 4.321467562727888956e-02 -2.065674644067005267e-02 -3.795796380282795424e-02
4.540583132141497558e+00 3.887824284261123114e-02 -2.649158977369011139e-02 -2.845546411133666187e-02
4.571262747899210943e+00 3.416858103476218961e-02 -2.854204650228171422e-02 -1.878412924228053602e-02
4.601942363656923440e+00 2.944883978920280823e-02 -2.757533334640534933e-02 -1.033610931466765782e-02
4.632621979414635938e+00 2.503591318430431478e-02 -2.475061228677922012e-02 -3.768838070487531226e-03
4.663301595172349323e+00 2.112497726560724071e-02 -2.110239508985502568e-02 9.765172523234627849e-04
4.693981210930061820e+00 1.772866500650004812e-02 -1.718639807761603716e-02 4.351239367170594945e-03
4.724660826687775206e+00 1.468140332888532955e-02 -1.303569475252137379e-02 6.753833431799454584e-03
4.755340442445487703e+00 1.174999512558903662e-02 -8.421052483779804462e-03 8.194404219758269492e-03
4.786020058203200200e+00 8.860615387734645243e-03 -3.263390132245410930e-03 8.237766074253581247e-03
4.816699673960913586e+00 6.574639337520497839e-03 2.024974620231263615e-03 6.255026794977878134e-03
4.847379289718626083e+00 6.722433689282222326e-03 6.459384098322875321e-03 1.862114866792637016e-03
4.878058905476338580e+00 9.900034159663081632e-03 8.729178934579397142e-03 -4.670343830018429399e-03
4.908738521234051966e+00 1.445806599528589448e-02 7.684741853256051025e-03 -1.224664913243035322e-02
4.939418136991764463e+00 1.933879539044766963e-02 2.862580776321271576e-03 -1.912575850659617438e-02
4.970097752749476960e+00 2.397776608209683732e-02 -5.182241241099053673e-03 -2.341105811378045576e-02
5.000777368507190346e+00 2.797089953968146317e-02 -1.489585386411379324e-02 -2.367455931412280196e-02
5.031456984264902843e+00 3.100031741755589904e-02 -2.411806920876215579e-02 -1.947661206756910388e-02
5.062136600022616229e+00 3.282879555710724317e-02 -3.072007757129290376e-02 -1.157612421080955051e-02
5.092816215780328726e+00 3.330822132557963167e-02 -3.326266610740064716e-02 -1.741450918452350054e-03
5.123495831538041223e+00 3.238906589287207649e-02 -3.144095695097994664e-02 7.779319727292030237e-03
5.154175447295754608e+00 3.012925671128350788e-02 -2.616050610369385909e-02 1.494657252927971032e-02
5.184855063053467106e+00 2.670740135132425308e-02 -1.922290430061177752e-02 1.854090712964815910e-02
5.215534678811179603e+00 2.245678289388455470e-02 -1.273475857759574434e-02 1.849683815989688201e-02
5.246214294568892988e+00 1.796656047273419154e-02 -8.443095791493510777e-03 1.585911185016611324e-02
5.276893910326605486e+00 1.433974297266504307e-02 -7.214697880625621854e-03 1.239259307059635030e-02
5.307573526084318871e+00 1.332321083872383544e-02 -8.817452254049557361e-03 9.988016960370296043e-03
5.338253141842031368e+00 1.570245314189479963e-02 -1.205468582565474844e-02 1.006238462384341330e-02
5.368932757599743866e+00 2.008380844178280639e-02 -1.518820500396231982e-02 1.314069215391032094e-02
5.399612373357457251e+00 2.496544584982529624e-02 -1.650034913453519991e-02 1.873531331253904322e-02
5.430291989115169748e+00 2.952408998963202552e-02 -1.481397100759777874e-02 2.553856207193236708e-02
5.460971604872882246e+00 3.332560252065674272e-02 -9.816448608748477161e-03 3.184702686400416038e-02
5.491651220630595631e+00 3.613394042329570732e-02 -2.105701393928114708e-03 3.607253348676653371e-02
5.522330836388308128e+00 3.783967319168866222e-02 7.033163285966441761e-03 3.718031040008588917e-02
5.553010452146020626e+00 3.843327177163786967e-02 1.603144238683313141e-02 3.493006203931258574e-02
5.583690067903734011e+00 3.799312039236945465e-02 2.348454029666064563e-02 2.986559164328746532e-02
5.614369683661446508e+00 3.667764631829994321e-02 2.850581316587786837e-02 2.307960907819640167e-02
5.645049299419159894e+00 3.471708052368458614e-02 3.088931545959711089e-02 1.584695145841920685e-02
5.675728915176872391e+00 3.240117934747994283e-02 3.105217871405000288e-02 9.251952238217663396e-03
5.706408530934584888e+00 3.005698502889471782e-02 2.979949009421193479e-02 3.925906156821097615e-03
5.737088146692298274e+00 2.800736850671083772e-02 2.800734545895715299e-02 -3.593067394269931915e-05
5.767767762450010771e+00 2.650427679406214959e-02 2.633687536203675045e-02 -2.974169554817468041e-03
5.798447378207723268e+00 2.565315910824011308e-02 2.506971506607935316e-02 -5.440032972168155900e-03
5.829126993965436654e+00 2.537763399208344678e-02 2.410368838020619450e-02 -7.939553734692033141e-03
5.859806609723149151e+00 2.546317407799250296e-02 2.308662484004887425e-02 -1.074155424605711083e-02
5.890486225480861648e+00 2.565307446939597488e-02 2.161902105478075500e-02 -1.380935039621060574e-02
5.921165841238575034e+00 2.573408389519251868e-02 1.943934653121532144e-02 -1.686282539683471582e-02
5.951845456996287531e+00 2.557983486604556780e-02 1.652335717439225998e-02 -1.952707401178221253e-02
5.982525072754000917e+00 2.515791900110624785e-02 1.307121147580559556e-02 -2.149568140397021404e-02
