# r  chir_mag  chir_re  chir_im
0.000000000000000000e+00 5.418687701446068920e-03 -5.418687701446068920e-03 0.000000000000000000e+00
3.067961575771282340e-02 5.381677923120178897e-03 -5.136089234803756232e-03 1.607185316113887577e-03
6.135923151542564680e-02 5.283703453467173371e-03 -4.402379220043661778e-03 2.921742525806935928e-03
9.203884727313846326e-02 5.171186799039909250e-03 -3.495111915161496028e-03 3.811215765482290577e-03
1.227184630308512936e-01 5.138587895761994977e-03 -2.696484119602515685e-03 4.374249530514135419e-03
1.533980787885641239e-01 5.324595085705531756e-03 -2.127427204145064012e-03 4.881123468811561852e-03
1.840776945462769265e-01 5.855759601301815075e-03 -1.666869369996102409e-03 5.613507549795154067e-03
2.147573103039897569e-01 6.763717248489415496e-03 -1.003768483933671933e-03 6.688820512480112869e-03
2.454369260617025872e-01 7.967690013311842442e-03 2.018225090300179725e-04 7.965133509432098177e-03
2.761165418194154175e-01 9.328261127805841449e-03 2.132536473316346166e-03 9.081230305333578764e-03
3.067961575771282479e-01 1.070251568841677769e-02 4.702277640563227827e-03 9.614178438736529012e-03
3.374757733348410782e-01 1.197685592658814108e-02 7.581387935586694250e-03 9.271873319690579485e-03
3.681553890925538530e-01 1.308857052061682298e-02 1.034648421324798825e-02 8.016292328637339079e-03
3.988350048502666834e-01 1.404229219815634859e-02 1.267280566964623136e-02 6.048633452093537394e-03
4.295146206079795137e-01 1.491620677316525881e-02 1.445928990095781026e-02 3.663626626702097457e-03
4.601942363656923440e-01 1.584519333995803442e-02 1.580988478129403962e-02 1.057211039886348739e-03
4.908738521234051744e-01 1.696989917332928158e-02 1.687482714315662741e-02 -1.793791192292491050e-03
5.215534678811180047e-01 1.836205276885500767e-02 1.764166515998464441e-02 -5.092802005693909326e-03
5.522330836388308350e-01 1.996548632848561475e-02 1.780945399749804883e-02 -9.024632548971003518e-03
5.829126993965436654e-01 2.158860648114898848e-02 1.685101865764212711e-02 -1.349485457490020787e-02
6.135923151542564957e-01 2.294381744922378841e-02 1.427406575642783081e-02 -1.796301216178623761e-02
6.442719309119693261e-01 2.370441273575374722e-02 9.975561932370676302e-03 -2.150319388556968733e-02
6.749515466696821564e-01 2.355930642108666415e-02 4.506057016107916161e-03 -2.312436743373189052e-02
7.056311624273949867e-01 2.226520822949553877e-02 -9.304905829321427320e-04 -2.224575655665301036e-02
7.363107781851077061e-01 1.971353027222658150e-02 -4.812113405676081077e-03 -1.911718704111319694e-02
7.669903939428205364e-01 1.607543238496424512e-02 -5.882175431864152849e-03 -1.496059953853223767e-02
7.976700097005333667e-01 1.229412154082139101e-02 -3.754931593316579875e-03 -1.170666106069538290e-02
8.283496254582461971e-01 1.139786946179376960e-02 7.284542990987097908e-04 -1.137456735890273775e-02
8.590292412159590274e-01 1.630204015674523860e-02 5.584598334778413838e-03 -1.531563824041703124e-02
8.897088569736718577e-01 2.501646659553687091e-02 8.223333593957805887e-03 -2.362626473922818313e-02
9.203884727313846881e-01 3.553491740703520335e-02 6.241885561501221355e-03 -3.498241300656568936e-02
9.510680884890975184e-01 4.700614503948082057e-02 -1.839032162044169959e-03 -4.697015682515521401e-02
9.817477042468103487e-01 5.902738200406430075e-02 -1.619293895779548575e-02 -5.676284483852834378e-02
1.012427320004523068e+00 7.144400738584943955e-02 -3.578690354729466283e-02 -6.183480998471604234e-02
1.043106935762236009e+00 8.432344247931243542e-02 -5.884974311523334667e-02 -6.039164418057317574e-02
1.073786551519948729e+00 9.794675431982559355e-02 -8.340307415240548472e-02 -5.135653710791478199e-02
1.104466167277661670e+00 1.127635259445890770e-01 -1.075115460873964646e-01 -3.401294226252177949e-02
1.135145783035374389e+00 1.292921431471560079e-01 -1.290664638578153944e-01 -7.635848795249573426e-03
1.165825398793087331e+00 1.479796239625869592e-01 -1.452120550197949500e-01 2.848557854488271979e-02
1.196505014550800050e+00 1.690618519635437578e-01 -1.518159385386997073e-01 7.438972103024002469e-02
1.227184630308512991e+00 1.924684245713954578e-01 -1.435132737483690857e-01 1.282498916764479024e-01
1.257864246066225711e+00 2.177934692561374341e-01 -1.147129633253588521e-01 1.851349002639398333e-01
1.288543861823938652e+00 2.443251576808805337e-01 -6.155763450063395786e-02 2.364433131016258904e-01
1.319223477581651371e+00 2.711122566905652120e-01 1.567971773160634075e-02 2.706584603881948548e-01
1.349903093339364313e+00 2.970473793653936045e-01 1.106765155269323064e-01 2.756589459797464392e-01
1.380582709097077032e+00 3.209540572494983812e-01 2.106070916094638923e-01 2.421903380168522468e-01
1.411262324854789973e+00 3.416709317307914384e-01 2.977964132166858735e-01 1.675002145224417094e-01
1.441941940612502693e+00 3.581294389382209675e-01 3.534294478989782329e-01 5.783009936035375664e-02
1.472621556370215412e+00 3.694223452746517866e-01 3.624615342422504161e-01 -7.137580390425028731e-02
1.503301172127928353e+00 3.748606744502026578e-01 3.182766415754733069e-01 -1.980416740908299555e-01
1.533980787885641073e+00 3.740167155955813061e-01 2.255132763051484468e-01 -2.983827504314278123e-01
1.564660403643354014e+00 3.667512066336900411e-01 9.992478733544010727e-02 -3.528760185153345108e-01
1.595340019401066733e+00 3.532234835253734162e-01 -3.495525065694118222e-02 -3.514896296696534694e-01
1.626019635158779675e+00 3.338843056717322177e-01 -1.535162138846660751e-01 -2.964987380216181356e-01
1.656699250916492394e+00 3.094521122453524065e-01 -2.344904573532244074e-01 -2.019277969557084496e-01
1.687378866674205335e+00 2.808745393666891577e-01 -2.661551715403673857e-01 -8.973255555687383034e-02
1.718058482431918055e+00 2.492780638347946165e-01 -2.487570211583374769e-01 1.610892714163126779e-02
1.748738098189630996e+00 2.159096120525680618e-01 -1.935090915453515081e-01 9.576634098671203688e-02
1.779417713947343715e+00 1.820749453584035449e-01 -1.186263703313562984e-01 1.381270067339242236e-01
1.810097329705056657e+00 1.490798293362110283e-01 -4.379237481792610381e-02 1.425027137380901754e-01
1.840776945462769376e+00 1.181819066763672987e-01 1.513519570378890448e-02 1.172087407861273634e-01
1.871456561220482318e+00 9.056438768803808104e-02 4.959197741769120343e-02 7.577957569894719358e-02
1.902136176978195037e+00 6.734458529635665991e-02 5.910293644046255707e-02 3.228213240870096701e-02
1.932815792735907978e+00 4.960377599691388750e-02 4.953168464841552904e-02 -2.673351649508021611e-03
1.963495408493620697e+00 3.824972446311936114e-02 2.974332573160323387e-02 -2.404944897348587282e-02
1.994175024251333417e+00 3.323109524375353341e-02 8.055931276960586959e-03 -3.223984587990932904e-02
2.024854640009046136e+00 3.277174948577531166e-02 -1.026029086187783997e-02 -3.112417060401900457e-02
2.055534255766759077e+00 3.472697470532554870e-02 -2.373077417416761745e-02 -2.535375966753214763e-02
2.086213871524472019e+00 3.823428300281061371e-02 -3.371164554858956108e-02 -1.803844092889611561e-02
2.116893487282184960e+00 4.349015964320399746e-02 -4.239659317858864712e-02 -9.691381358744482685e-03
2.147573103039897457e+00 5.081187612837408107e-02 -5.079496149839366620e-02 1.310969893604334345e-03
2.178252718797610399e+00 6.007648978509244619e-02 -5.758198178323981065e-02 1.713184166436743788e-02
2.208932334555323340e+00 7.071680543005966213e-02 -5.928691235104083940e-02 3.854774434532994704e-02
2.239611950313036282e+00 8.195358334712118942e-02 -5.170625956302927345e-02 6.358342980237997877e-02
2.270291566070748779e+00 9.298941799659724006e-02 -3.193440631204504110e-02 8.733398853163125419e-02
2.300971181828461720e+00 1.031122891307596906e-01 -1.685583421571880478e-04 1.031121513589483563e-01
2.331650797586174662e+00 1.117427921163305221e-01 3.946428624737689100e-02 1.045419614362508298e-01
2.362330413343887603e+00 1.184545213206491393e-01 7.944785146766825124e-02 8.786075641875298881e-02
2.393010029101600100e+00 1.229812588638261456e-01 1.106831969723617304e-01 5.360615580051222850e-02
2.423689644859313042e+00 1.252162303240701713e-01 1.250166360170703872e-01 7.067181584332467466e-03
2.454369260617025983e+00 1.252055416295918822e-01 1.176941949946541943e-01 -4.271421448791701964e-02
2.485048876374738480e+00 1.231368576667177944e-01 8.896346866035986789e-02 -8.513628462618443027e-02
2.515728492132451422e+00 1.193238690928560553e-01 4.430760722724698397e-02 -1.107926968580738997e-01
2.546408107890164363e+00 1.141864429235714684e-01 -6.785018520679566602e-03 -1.139846799846895298e-01
2.577087723647877304e+00 1.082252302597734583e-01 -5.317307986794821834e-02 -9.426199680750341203e-02
2.607767339405589802e+00 1.019878733964074136e-01 -8.486863623524376621e-02 -5.655829650450494572e-02
2.638446955163302743e+00 9.602257344214551460e-02 -9.551077255728256110e-02 -9.900855314732561266e-03
2.669126570921015684e+00 9.081612445501141551e-02 -8.383520612262727878e-02 3.491742652895140492e-02
2.699806186678728626e+00 8.672157173050565326e-02 -5.377586679926652652e-02 6.803519055163130547e-02
2.730485802436441123e+00 8.389593262610527125e-02 -1.323546775137735172e-02 8.284533725325912701e-02
2.761165418194154064e+00 8.227940061645934444e-02 2.806630822461190014e-02 7.734456741391015910e-02
2.791845033951867006e+00 8.163529272588622432e-02 6.102633005440460251e-02 5.422276328749767171e-02
2.822524649709579947e+00 8.163621976353943599e-02 7.920339333590360742e-02 1.978117441809374918e-02
2.853204265467292444e+00 8.195752472276578160e-02 7.997661288371496480e-02 -1.791025545130951746e-02
2.883883881225005386e+00 8.234515802092276515e-02 6.462287810677470878e-02 -5.103536690068642689e-02
2.914563496982718327e+00 8.264788429510450118e-02 3.745189646519900273e-02 -7.367515340748870267e-02
2.945243112740430824e+00 8.282038479342240800e-02 4.388538468601379909e-03 -8.270403174839882632e-02
2.975922728498143766e+00 8.290829289238199618e-02 -2.851175641244925799e-02 -7.785155603201619756e-02
3.006602344255856707e+00 8.302401701674826107e-02 -5.620250288082648954e-02 -6.110864154543117072e-02
3.037281960013569648e+00 8.331895961022753316e-02 -7.522594883341979233e-02 -3.582046416006404166e-02
3.067961575771282146e+00 8.395564112889454533e-02 -8.375337080916792076e-02 -5.824307294927823404e-03
3.098641191528995087e+00 8.508235822394054348e-02 -8.128792213958083157e-02 2.512531383239596447e-02
3.129320807286708028e+00 8.681266722888782150e-02 -6.829987367614549776e-02 5.358699886368131077e-02
3.160000423044420970e+00 8.921144594084096102e-02 -4.600772942075399830e-02 7.643278694645562477e-02
3.190680038802133467e+00 9.228818388380163884e-02 -1.637787868013141843e-02 9.082331184508346533e-02
3.221359654559846408e+00 9.599674883991086982e-02 1.774061555470886689e-02 9.434323689365842203e-02
3.252039270317559350e+00 1.002398417768375904e-01 5.253226920807731182e-02 8.537204795069359975e-02
3.282718886075272291e+00 1.048761419327186029e-01 8.337732097694774969e-02 6.361782370844484835e-02
3.313398501832984788e+00 1.097286379296031344e-01 1.053693537035692990e-01 3.062145133689861756e-02
3.344078117590697730e+00 1.145933517190893536e-01 1.141557472780297816e-01 -1.000507979026227755e-02
3.374757733348410671e+00 1.192481864479341680e-01 1.069251525146154291e-01 -5.279338718861953383e-02
3.405437349106123612e+00 1.234618599623601293e-01 8.327477763763897756e-02 -9.114901137569846046e-02
3.436116964863836110e+00 1.270029212765435844e-01 4.568223346724968603e-02 -1.185026394567632452e-01
3.466796580621549051e+00 1.296488178600042618e-01 -6.150498020374758207e-04 -1.296473589636039370e-01
3.497476196379261992e+00 1.311949539632791262e-01 -4.838785989447699776e-02 -1.219456065639898112e-01
3.528155812136974490e+00 1.314636562567650657e-01 -8.971853132544900522e-02 -9.608994772191996325e-02
3.558835427894687431e+00 1.303129168025051188e-01 -1.175780023647454986e-01 -5.618602713747006261e-02
3.589515043652400372e+00 1.276446952151709391e-01 -1.273215942547012702e-01 -9.076334778703790823e-03
3.620194659410113314e+00 1.234124352269487523e-01 -1.177376330508505264e-01 3.699295787348033659e-02
3.650874275167825811e+00 1.176273127863358692e-01 -9.136471009374956542e-02 7.408558876609937227e-02
3.681553890925538752e+00 1.103626250560552774e-01 -5.395685752415666642e-02 9.627339474320670276e-02
3.712233506683251694e+00 1.017556970018380913e-01 -1.318784770851569831e-02 1.008974853261808552e-01
3.742913122440964635e+00 9.200676342330488255e-02 2.310647254985446000e-02 8.905804535208941553e-02
3.773592738198677132e+00 8.137451072360082915e-02 4.870645286188180628e-02 6.518813116755772796e-02
3.804272353956390074e+00 7.016837263775912992e-02 6.034017693938780597e-02 3.581429275519476541e-02
3.834951969714103015e+00 5.873836107215722746e-02 5.821264730140832122e-02 7.841094031125631428e-03
3.865631585471815956e+00 4.746447200744583622e-02 4.560387583823756474e-02 -1.315912654685796011e-02
3.896311201229528454e+00 3.675049314815236751e-02 2.768363721416119277e-02 -2.417053944840917221e-02
3.926990816987241395e+00 2.703444070100114935e-02 9.926684328023431189e-03 -2.514601205495060887e-02
3.957670432744954336e+00 1.884828361865630714e-02 -3.375235425092154053e-03 -1.854361294878941954e-02
3.988350048502666834e+00 1.298390118066810629e-02 -1.006225527021526248e-02 -8.205651025139919230e-03
4.019029664260379775e+00 1.047035446043650606e-02 -1.027744426084833095e-02 2.000615403404258641e-03
4.049709280018092272e+00 1.102579492706452606e-02 -5.900426199666297666e-03 9.314135732099536671e-03
4.080388895775805658e+00 1.264650533700015234e-02 4.656252137802828115e-04 1.263793062170644188e-02
4.111068511533518155e+00 1.403231621542375476e-02 6.534311911205813173e-03 1.241807820142546391e-02
4.141748127291231540e+00 1.488228892046350449e-02 1.102217345801572747e-02 9.999710784495937158e-03
4.172427743048944038e+00 1.536517687714608962e-02 1.378044724343288271e-02 6.796170556787696493e-03
4.203107358806656535e+00 1.584038554046094532e-02 1.541664407929384598e-02 3.639354256295780632e-03
4.233786974564369920e+00 1.666405565214000919e-02 1.665467662174574190e-02 5.590146712701674200e-04
4.264466590322082418e+00 1.801202846424490231e-02 1.776482599360532447e-02 -2.973907667311350735e-03
4.295146206079794915e+00 1.980923820198640314e-02 1.832876255401236915e-02 -7.514145419252380061e-03
4.325825821837508300e+00 2.180859406495214148e-02 1.742835631669146026e-02 -1.310981201956407452e-02
4.356505437595220798e+00 2.371912996327731060e-02 1.414399246801654499e-02 -1.904060406813635337e-02
4.387185053352934183e+00 2.529090255339750543e-02 8.109417187326571630e-03 -2.395552347262194445e-02
4.417864669110646680e+00 2.634873485413513627e-02 -1.466703819792848217e-04 -2.634832663021630453e-02
4.448544284868359178e+00 2.679774482163506735e-02 -9.236564379055133694e-03 -2.515561579443124918e-02
4.479223900626072563e+00 2.661668860733691633e-02 -1.731738746230302578e-02 -2.021277328573218776e-02
4.509903516383785060e+00 2.584594388100347473e-02 -2.269192892684404952e-02 -1.237292110534287878e-02
4.540583132141497558e+00 2.457285945356962181e-02 -2.435756657577495266e-02 -3.245669766254222471e-03
4.571262747899210943e+00 2.291606219427318528e-02 -2.228848749116704372e-02 5.326277485062790203e-03
4.601942363656923440e+00 2.101019359680509138e-02 -1.735991165150781515e-02 1.183476668240962364e-02
4.632621979414635938e+00 1.899257859018110145e-02 -1.097519046321083006e-02 1.550042695542453927e-02
4.663301595172349323e+00 1.699312004066715412e-02 -4.569104302139539997e-03 1.636732765581154839e-02
4.693981210930061820e+00 1.512798152096687943e-02 8.112984528839425977e-04 1.510621129598892914e-02
4.724660826687775206e+00 1.349613561229017974e-02 4.706365071664832603e-03 1.264894478909369541e-02
4.755340442445487703e+00 1.217582029917443735e-02 7.192675093275706540e-03 9.824256967341578328e-03
4.786020058203200200e+00 1.121703455919342146e-02 8.656676329604354528e-03 7.133289509518538594e-03
4.816699673960913586e+00 1.062991848393964739e-02 9.525500832646352153e-03 4.718050536233733307e-03
4.847379289718626083e+00 1.037761012739073056e-02 1.007623180193755255e-02 2.482809825529317532e-03
4.878058905476338580e+00 1.038545167334962299e-02 1.038190900443960660e-02 2.712413740864933636e-04
4.908738521234051966e+00 1.056642947015137488e-02 1.037565087482520028e-02 -1.998824822595149722e-03
4.939418136991764463e+00 1.084889701607955927e-02 9.962430106199265945e-03 -4.295177859483175452e-03
4.970097752749476960e+00 1.119387631080874176e-02 9.102260183584020420e-03 -6.515498938072674003e-03
5.000777368507190346e+00 1.159829406660014932e-02 7.823793818191543056e-03 -8.562048560114571966e-03
5.031456984264902843e+00 1.208548215394865226e-02 6.178363509639871187e-03 -1.038685242198818595e-02
5.062136600022616229e+00 1.268612986190006779e-02 4.181251473517386304e-03 -1.197727126636953521e-02
5.092816215780328726e+00 1.341601668082450030e-02 1.790770471971177323e-03 -1.329596347380953593e-02
5.123495831538041223e+00 1.425980046803105791e-02 -1.052110532188615206e-03 -1.422093431586394022e-02
5.154175447295754608e+00 1.516790543983519146e-02 -4.341684179100493285e-03 -1.453324237466404115e-02
5.184855063053467106e+00 1.606625403037429886e-02 -7.930426317181589121e-03 -1.397257517411418411e-02
5.215534678811179603e+00 1.687268207457828795e-02 -1.150581650828323352e-02 -1.234113393767008807e-02
5.246214294568892988e+00 1.751340606537383354e-02 -1.464331831997613825e-02 -9.606904839256198703e-03
5.276893910326605486e+00 1.793565892310034979e-02 -1.691837828479727732e-02 -5.954522417313513893e-03
5.307573526084318871e+00 1.811511072405578085e-02 -1.802974386808169072e-02 -1.756579800684098750e-03
5.338253141842031368e+00 1.805784534183616993e-02 -1.788067075681648924e-02 2.523369112120119311e-03
5.368932757599743866e+00 1.779699583543713215e-02 -1.658581353421202664e-02 6.453204643811932296e-03
5.399612373357457251e+00 1.738438368421518082e-02 -1.440764666241494199e-02 9.728130022312131073e-03
5.430291989115169748e+00 1.687816321720181714e-02 -1.165795449008293592e-02 1.220510101120263029e-02
5.460971604872882246e+00 1.632874466278585665e-02 -8.611501220554979366e-03 1.387335392004535387e-02
5.491651220630595631e+00 1.576676811821054250e-02 -5.466170131574835458e-03 1.478891344846198011e-02
5.522330836388308128e+00 1.519741089095774482e-02 -2.355348970883237251e-03 1.501378130298827718e-02
5.553010452146020626e+00 1.460354820471184215e-02 6.096402180627769800e-04 1.459081762520054483e-02
5.583690067903734011e+00 1.395660967198325553e-02 3.302052504407677284e-03 1.356036145514682122e-02
5.614369683661446508e+00 1.323075608445952941e-02 5.574313600587433963e-03 1.199916390623816803e-02
5.645049299419159894e+00 1.241533873735455040e-02 7.289407911170091986e-03 1.005013274876642541e-02
5.675728915176872391e+00 1.152221524763251057e-02 8.370256895248897114e-03 7.918348547539026672e-03
5.706408530934584888e+00 1.058655990804130420e-02 8.836854674408239213e-03 5.829686968434649036e-03
5.737088146692298274e+00 9.661039349244044880e-03 8.807323328786597488e-03 3.970735081802004816e-03
5.767767762450010771e+00 8.803764888261693747e-03 8.458890103505844679e-03 2.439970168793114107e-03
5.798447378207723268e+00 8.061619272806493444e-03 7.966528983377700948e-03 1.234553059486775311e-03
5.829126993965436654e+00 7.453813083770633764e-03 7.448616142549126934e-03 2.782930986331642854e-04
5.859806609723149151e+00 6.964288819682238653e-03 6.944480933198370412e-03 -5.248841133005698652e-04
5.890486225480861648e+00 6.549667917513705105e-03 6.431271540661334836e-03 -1.239716177190528174e-03
5.921165841238575034e+00 6.159477863214703718e-03 5.867079440686187933e-03 -1.875245686332707024e-03
5.951845456996287531e+00 5.757190161488687577e-03 5.234902295969827250e-03 -2.396046015249285541e-03
5.982525072754000917e+00 5.332723305963361568e-03 4.563942601058514244e-03 -2.758326628992304169e-03
