# PATH  Rmax= 9.000,  Keep_limit= 0.00, Heap_limit 0.00  Pwcrit= 2.50%
 -----------------------------------------------------------------------
  pathindex     sig2   amp ratio    deg    nlegs  r effective
        1     0.00000     0.1000E+03     1.000     2   2.3566
        2     0.00000     0.9974E+02     1.000     2   2.3590
        3     0.00000     0.1976E+03     2.000     2   2.3673
        4     0.00000     0.1172E+02     1.000     2   3.1291
        5     0.00000     0.1148E+02     1.000     2   3.1535
        6     0.00000     0.1090E+02     1.000     2   3.2154
        7     0.00000     0.1068E+02     1.000     2   3.2402
        8     0.00000     0.1011E+02     1.000     2   3.3075
        9     0.00000     0.7635E+02     2.000     2   3.3221
       10     0.00000     0.3787E+02     1.000     2   3.3318
       11     0.00000     0.9699E+01     1.000     2   3.3589
       12     0.00000     0.3616E+02     1.000     2   3.3891
       13     0.00000     0.7535E+01     1.000     2   3.6869
       14     0.00000     0.2854E+02     1.000     2   3.6941
       15     0.00000     0.7177E+01     1.000     2   3.7530
       16     0.00000     0.4271E+02     2.000     3   3.7555
       17     0.00000     0.4226E+02     2.000     3   3.7571
       18     0.00000     0.4228E+02     2.000     3   3.7569
       19     0.00000     0.2720E+02     1.000     2   3.7587
       20     0.00000     0.4221E+02     2.000     3   3.7854
       21     0.00000     0.1280E+02     2.000     3   3.7885
       22     0.00000     0.9688E+01     2.000     3   3.8610
       23     0.00000     0.1147E+02     2.000     3   3.8606
       24     0.00000     0.9001E+01     2.000     3   3.8867
       25     0.00000     0.1800E+02     2.000     3   3.9580
       26     0.00000     0.7276E+01     2.000     3   3.9577
       27     0.00000     0.7058E+01     2.000     3   4.0055
       28     0.00000     0.1647E+02     2.000     3   4.0334
       29     0.00000     0.6929E+01     2.000     3   4.0387
       30     0.00000     0.8990E+01     2.000     3   4.0546
       31     0.00000     0.6817E+01     2.000     3   4.0657
       32     0.00000     0.8754E+01     2.000     3   4.1161
       33     0.00000     0.5543E+01     1.000     2   4.1194
       34     0.00000     0.1367E+02     1.000     4   4.1792
       35     0.00000     0.1248E+02     1.000     4   4.1817
       36     0.00000     0.8591E+01     2.000     3   4.1901
       37     0.00000     0.1375E+02     1.000     4   4.1922
       38     0.00000     0.1375E+02     1.000     4   4.1917
       39     0.00000     0.2993E+01     2.000     4   4.2122
       40     0.00000     0.5200E+01     1.000     2   4.2141
       41     0.00000     0.7731E+01     1.000     4   4.2219
       42     0.00000     0.6405E+01     2.000     3   4.2240
       43     0.00000     0.8878E+01     2.000     3   4.2333
       44     0.00000     0.7072E+01     1.000     4   4.2451
       45     0.00000     0.9090E+01     2.000     3   4.2507
       46     0.00000     0.3537E+01     2.000     4   4.2569
       47     0.00000     0.6370E+01     2.000     3   4.2586
       48     0.00000     0.1936E+02     2.000     3   4.2657
       50     0.00000     0.3382E+01     2.000     3   4.2967
       51     0.00000     0.1843E+02     2.000     3   4.2980
       52     0.00000     0.4917E+01     1.000     2   4.2985
       53     0.00000     0.4892E+01     1.000     2   4.3060
       54     0.00000     0.7163E+01     1.000     4   4.3082
       56     0.00000     0.1059E+02     2.000     3   4.3227
       57     0.00000     0.6548E+01     1.000     4   4.3321
       58     0.00000     0.2045E+02     2.000     3   4.3570
       59     0.00000     0.2062E+02     2.000     3   4.3608
       60     0.00000     0.1134E+02     2.000     3   4.3630
       61     0.00000     0.1146E+02     2.000     3   4.3704
       62     0.00000     0.3205E+01     2.000     3   4.3729
       63     0.00000     0.6047E+01     1.000     4   4.3999
       64     0.00000     0.2370E+02     1.000     4   4.4156
       65     0.00000     0.2321E+02     1.000     4   4.4156
       66     0.00000     0.3089E+01     1.000     4   4.4223
       67     0.00000     0.1505E+02     2.000     3   4.4334
       68     0.00000     0.5754E+01     1.000     4   4.4513
       69     0.00000     0.7825E+01     2.000     3   4.4534
       70     0.00000     0.1504E+02     2.000     3   4.4651
       71     0.00000     0.5811E+01     2.000     4   4.4783
       72     0.00000     0.3086E+01     1.000     4   4.4792
       73     0.00000     0.3092E+01     2.000     3   4.5073
       74     0.00000     0.3912E+01     2.000     4   4.5113
       75     0.00000     0.5895E+01     2.000     4   4.5124
       76     0.00000     0.9347E+01     2.000     3   4.5277
       77     0.00000     0.4777E+01     2.000     4   4.5296
       78     0.00000     0.9448E+01     2.000     3   4.5313
       79     0.00000     0.7877E+01     2.000     3   4.5329
       80     0.00000     0.4945E+01     2.000     4   4.5728
       81     0.00000     0.2163E+02     2.000     4   4.5860
       82     0.00000     0.2116E+02     2.000     4   4.5862
       83     0.00000     0.3698E+01     2.000     4   4.5876
       84     0.00000     0.3686E+01     2.000     4   4.5917
       85     0.00000     0.2909E+01     2.000     3   4.5977
       86     0.00000     0.3774E+01     2.000     4   4.6217
       87     0.00000     0.3963E+01     1.000     2   4.6356
       88     0.00000     0.1454E+02     1.000     2   4.6778
       89     0.00000     0.3841E+01     1.000     2   4.6861
       90     0.00000     0.9486E+01     2.000     4   4.7008
       91     0.00000     0.1540E+02     2.000     3   4.7126
       92     0.00000     0.8178E+01     1.000     4   4.7132
       93     0.00000     0.4472E+01     2.000     4   4.7156
       94     0.00000     0.3772E+01     2.000     4   4.7173
       95     0.00000     0.8135E+01     1.000     4   4.7179
       96     0.00000     0.1414E+02     1.000     2   4.7215
       97     0.00000     0.5477E+01     2.000     4   4.7239
       99     0.00000     0.5647E+01     2.000     4   4.7262
      101     0.00000     0.8483E+01     2.000     4   4.7328
      102     0.00000     0.1597E+02     2.000     4   4.7345
      104     0.00000     0.6274E+01     2.000     4   4.7429
      105     0.00000     0.5060E+01     1.000     4   4.7565
      106     0.00000     0.4921E+01     1.000     4   4.7569
      107     0.00000     0.3941E+02     2.000     3   4.7595
      108     0.00000     0.6197E+01     2.000     4   4.7679
      109     0.00000     0.2860E+01     2.000     3   4.7684
      110     0.00000     0.1454E+02     2.000     3   4.7701
      111     0.00000     0.3217E+01     1.000     4   4.7873
      112     0.00000     0.1636E+02     1.000     4   4.7896
      113     0.00000     0.1408E+02     2.000     4   4.7918
      114     0.00000     0.3810E+01     2.000     3   4.7934
      115     0.00000     0.1418E+02     2.000     4   4.7958
      116     0.00000     0.3044E+01     2.000     3   4.8026
      117     0.00000     0.3540E+01     2.000     4   4.8077
      118     0.00000     0.3701E+02     2.000     3   4.8100
      119     0.00000     0.3539E+01     1.000     2   4.8199
      120     0.00000     0.4407E+01     1.000     4   4.8373
      121     0.00000     0.3714E+02     1.000     4   4.8413
      123     0.00000     0.6042E+01     2.000     4   4.8454
      124     0.00000     0.3914E+01     2.000     5   4.8460
      126     0.00000     0.3160E+01     2.000     3   4.8499
      127     0.00000     0.3490E+02     2.000     5   4.8504
      128     0.00000     0.3554E+02     2.000     5   4.8506
      129     0.00000     0.3457E+01     1.000     4   4.8517
      130     0.00000     0.1507E+02     1.000     4   4.8541
      131     0.00000     0.3464E+01     1.000     2   4.8555
      132     0.00000     0.4196E+01     2.000     5   4.8755
      133     0.00000     0.3226E+01     2.000     5   4.8790
      134     0.00000     0.3116E+01     2.000     4   4.8959
      135     0.00000     0.3444E+02     1.000     4   4.8986
      136     0.00000     0.2260E+02     2.000     3   4.9080
      138     0.00000     0.5580E+01     2.000     4   4.9204
      139     0.00000     0.3015E+01     2.000     4   4.9254
      140     0.00000     0.2421E+02     2.000     3   4.9281
      141     0.00000     0.3102E+01     2.000     5   4.9507
      142     0.00000     0.8057E+01     2.000     5   4.9545
      143     0.00000     0.5404E+01     2.000     5   4.9647
      144     0.00000     0.3420E+01     2.000     4   4.9765
      145     0.00000     0.7883E+01     2.000     5   4.9802
      146     0.00000     0.6203E+01     2.000     3   4.9884
      147     0.00000     0.3507E+02     2.000     4   4.9898
      148     0.00000     0.7531E+01     2.000     4   5.0044
      149     0.00000     0.5369E+01     2.000     5   5.0076
      151     0.00000     0.3584E+02     2.000     4   5.0167
      153     0.00000     0.1656E+02     2.000     5   5.0211
      154     0.00000     0.1620E+02     2.000     5   5.0210
      155     0.00000     0.4708E+01     2.000     4   5.0250
      157     0.00000     0.3226E+01     2.000     4   5.0449
      158     0.00000     0.3782E+01     2.000     5   5.0512
      159     0.00000     0.1028E+02     2.000     5   5.0508
      160     0.00000     0.5755E+01     2.000     3   5.0540
      161     0.00000     0.8262E+01     2.000     5   5.0535
      162     0.00000     0.4127E+01     2.000     3   5.0609
      163     0.00000     0.1182E+02     2.000     4   5.0701
      164     0.00000     0.4883E+01     2.000     4   5.0722
      165     0.00000     0.4273E+01     2.000     3   5.0866
      166     0.00000     0.5523E+01     2.000     3   5.0909
      168     0.00000     0.5781E+01     2.000     3   5.1080
      170     0.00000     0.3197E+01     2.000     5   5.1251
      171     0.00000     0.3768E+01     2.000     5   5.1265
      172     0.00000     0.9413E+01     2.000     5   5.1263
      173     0.00000     0.7622E+01     2.000     5   5.1289
      174     0.00000     0.5215E+01     2.000     4   5.1306
      175     0.00000     0.1293E+02     1.000     4   5.1348
      177     0.00000     0.1088E+02     1.000     4   5.1382
      178     0.00000     0.8994E+01     2.000     4   5.1379
      179     0.00000     0.1101E+02     2.000     4   5.1426
      180     0.00000     0.6416E+01     2.000     5   5.1452
      181     0.00000     0.5958E+01     1.000     4   5.1466
      182     0.00000     0.5954E+01     1.000     4   5.1470
      183     0.00000     0.3153E+01     2.000     5   5.1507
      184     0.00000     0.6033E+01     1.000     4   5.1544
      185     0.00000     0.4669E+01     2.000     3   5.1561
      186     0.00000     0.4851E+01     2.000     4   5.1629
      187     0.00000     0.2767E+01     2.000     4   5.1688
      188     0.00000     0.9087E+01     2.000     4   5.1706
      189     0.00000     0.2876E+01     1.000     2   5.1720
      190     0.00000     0.2723E+02     2.000     4   5.1832
      191     0.00000     0.2841E+01     1.000     2   5.1934
      192     0.00000     0.4448E+01     2.000     3   5.2029
      193     0.00000     0.2779E+02     2.000     4   5.2063
      194     0.00000     0.6230E+01     2.000     5   5.2063
      195     0.00000     0.4178E+01     2.000     3   5.2065
      196     0.00000     0.5988E+01     1.000     4   5.2118
      197     0.00000     0.7166E+01     2.000     4   5.2162
      198     0.00000     0.9149E+01     2.000     3   5.2567
      199     0.00000     0.9637E+01     2.000     3   5.2624
      200     0.00000     0.5467E+02     2.000     5   5.2649
      202     0.00000     0.3308E+01     1.000     6   5.2708
      204     0.00000     0.5656E+01     2.000     5   5.2724
      205     0.00000     0.5208E+01     2.000     5   5.2721
      206     0.00000     0.3544E+01     1.000     6   5.2736
      207     0.00000     0.6744E+01     2.000     4   5.2815
      208     0.00000     0.8043E+01     2.000     4   5.2842
      211     0.00000     0.1462E+02     1.000     6   5.2852
      212     0.00000     0.1488E+02     1.000     6   5.2857
      213     0.00000     0.5413E+02     2.000     5   5.2949
      214     0.00000     0.3032E+01     2.000     3   5.2956
      215     0.00000     0.1543E+02     2.000     5   5.2979
      216     0.00000     0.2756E+01     2.000     6   5.3027
      218     0.00000     0.7960E+01     2.000     4   5.3094
      219     0.00000     0.5050E+01     2.000     3   5.3172
      220     0.00000     0.3047E+01     2.000     4   5.3198
      221     0.00000     0.3020E+01     2.000     4   5.3278
      222     0.00000     0.4447E+01     2.000     3   5.3308
      223     0.00000     0.5930E+01     2.000     3   5.3319
      224     0.00000     0.8790E+01     1.000     4   5.3314
      225     0.00000     0.9897E+01     2.000     4   5.3326
      226     0.00000     0.2943E+01     2.000     3   5.3352
      227     0.00000     0.3820E+01     2.000     4   5.3413
      228     0.00000     0.7956E+01     1.000     4   5.3414
      229     0.00000     0.2769E+01     2.000     6   5.3470
      231     0.00000     0.4177E+01     2.000     5   5.3589
      232     0.00000     0.1906E+02     2.000     5   5.3592
      233     0.00000     0.2872E+01     1.000     4   5.3605
      234     0.00000     0.1927E+02     2.000     5   5.3612
      236     0.00000     0.1451E+02     2.000     5   5.3701
      237     0.00000     0.5600E+01     2.000     3   5.3706
      238     0.00000     0.4149E+01     2.000     5   5.3762
      239     0.00000     0.7722E+01     2.000     4   5.3773
      241     0.00000     0.1839E+02     2.000     5   5.3914
      242     0.00000     0.4685E+01     2.000     5   5.3911
      243     0.00000     0.9350E+01     2.000     4   5.3932
      244     0.00000     0.1858E+02     2.000     5   5.3934
      245     0.00000     0.7173E+01     2.000     5   5.3945
      246     0.00000     0.6483E+01     2.000     5   5.3973
      247     0.00000     0.3919E+01     2.000     5   5.4020
      248     0.00000     0.3133E+02     2.000     5   5.4130
      249     0.00000     0.2820E+02     2.000     5   5.4134
      250     0.00000     0.9481E+01     2.000     4   5.4166
      251     0.00000     0.3552E+01     2.000     4   5.4209
      252     0.00000     0.3323E+01     2.000     3   5.4216
      253     0.00000     0.7413E+01     2.000     4   5.4237
      254     0.00000     0.4150E+01     2.000     4   5.4271
      255     0.00000     0.6723E+01     2.000     3   5.4314
      256     0.00000     0.6886E+01     2.000     5   5.4376
      257     0.00000     0.9514E+01     2.000     4   5.4396
      258     0.00000     0.4805E+01     2.000     5   5.4392
      259     0.00000     0.6855E+01     2.000     3   5.4399
      260     0.00000     0.6216E+01     2.000     5   5.4403
      261     0.00000     0.5192E+01     2.000     5   5.4401
      262     0.00000     0.4699E+01     2.000     5   5.4464
      263     0.00000     0.6789E+01     2.000     3   5.4480
      264     0.00000     0.1274E+02     2.000     5   5.4505
      265     0.00000     0.1283E+02     2.000     5   5.4543
      266     0.00000     0.4223E+01     2.000     4   5.4554
      267     0.00000     0.7099E+01     2.000     3   5.4577
      269     0.00000     0.3769E+01     2.000     3   5.4642
      270     0.00000     0.4519E+01     2.000     4   5.4659
      271     0.00000     0.4950E+01     2.000     3   5.4717
      272     0.00000     0.5727E+01     2.000     4   5.4824
      273     0.00000     0.5449E+01     1.000     4   5.4878
      274     0.00000     0.4808E+01     2.000     5   5.4882
      275     0.00000     0.3554E+01     1.000     4   5.4918
      276     0.00000     0.4258E+01     2.000     4   5.4964
      277     0.00000     0.4378E+01     2.000     4   5.4979
      278     0.00000     0.4677E+01     2.000     3   5.5042
      280     0.00000     0.6600E+01     2.000     3   5.5084
      281     0.00000     0.3996E+01     2.000     6   5.5080
      282     0.00000     0.4143E+01     2.000     6   5.5080
      283     0.00000     0.1708E+02     1.000     6   5.5090
      284     0.00000     0.1676E+02     1.000     6   5.5090
      285     0.00000     0.3162E+01     2.000     3   5.5138
      286     0.00000     0.6859E+01     2.000     3   5.5178
      287     0.00000     0.3251E+01     2.000     4   5.5208
      288     0.00000     0.3678E+01     2.000     4   5.5214
      289     0.00000     0.2801E+01     2.000     4   5.5258
      290     0.00000     0.1310E+02     2.000     5   5.5289
      291     0.00000     0.5476E+01     2.000     4   5.5370
      292     0.00000     0.2894E+01     2.000     4   5.5419
      293     0.00000     0.5256E+01     1.000     4   5.5455
      294     0.00000     0.5382E+01     2.000     5   5.5465
      295     0.00000     0.3535E+01     2.000     3   5.5474
      296     0.00000     0.3230E+01     1.000     4   5.5477
      297     0.00000     0.4945E+01     2.000     5   5.5488
      298     0.00000     0.7491E+01     2.000     4   5.5534
      299     0.00000     0.8472E+01     2.000     4   5.5564
      300     0.00000     0.1261E+02     2.000     5   5.5606
      301     0.00000     0.1388E+02     2.000     5   5.5641
      303     0.00000     0.8450E+01     2.000     4   5.5732
      304     0.00000     0.7537E+01     2.000     5   5.5729
      305     0.00000     0.1163E+02     2.000     5   5.5781
      306     0.00000     0.8606E+01     2.000     4   5.5798
      307     0.00000     0.9018E+01     2.000     4   5.5800
      308     0.00000     0.1132E+02     2.000     5   5.5814
      309     0.00000     0.1131E+02     2.000     5   5.5820
      310     0.00000     0.3928E+01     2.000     4   5.5826
      312     0.00000     0.7108E+01     2.000     4   5.5928
      313     0.00000     0.6919E+01     2.000     3   5.6003
      314     0.00000     0.4375E+01     2.000     6   5.6026
      316     0.00000     0.7461E+01     2.000     5   5.6054
      317     0.00000     0.3105E+01     2.000     4   5.6074
      318     0.00000     0.1198E+02     2.000     5   5.6081
      319     0.00000     0.4695E+01     2.000     5   5.6111
      320     0.00000     0.5877E+01     2.000     5   5.6211
      321     0.00000     0.1277E+02     2.000     6   5.6231
      322     0.00000     0.5929E+01     2.000     5   5.6247
      323     0.00000     0.1311E+02     2.000     5   5.6256
      324     0.00000     0.5373E+01     2.000     5   5.6260
      325     0.00000     0.4594E+01     2.000     5   5.6284
      326     0.00000     0.1078E+02     2.000     4   5.6304
      328     0.00000     0.5722E+01     2.000     4   5.6316
      329     0.00000     0.1159E+02     2.000     5   5.6381
      330     0.00000     0.7819E+01     2.000     5   5.6483
      331     0.00000     0.6900E+01     2.000     4   5.6496
      332     0.00000     0.6899E+01     2.000     3   5.6534
      333     0.00000     0.8251E+01     2.000     4   5.6597
      334     0.00000     0.1167E+02     2.000     5   5.6618
      335     0.00000     0.1226E+02     2.000     6   5.6662
      336     0.00000     0.3382E+01     2.000     5   5.6753
      337     0.00000     0.8009E+01     2.000     5   5.6762
      338     0.00000     0.1545E+02     2.000     6   5.6795
      339     0.00000     0.1515E+02     2.000     6   5.6797
      340     0.00000     0.5172E+01     2.000     4   5.6813
      341     0.00000     0.1074E+02     2.000     4   5.6811
      342     0.00000     0.8553E+01     2.000     4   5.6820
      343     0.00000     0.4564E+01     2.000     5   5.6833
      344     0.00000     0.4152E+01     2.000     5   5.6855
      345     0.00000     0.4456E+01     2.000     4   5.6884
      346     0.00000     0.2242E+02     1.000     6   5.6886
      347     0.00000     0.4822E+01     2.000     4   5.6893
      348     0.00000     0.4657E+01     2.000     4   5.6894
      349     0.00000     0.4418E+01     2.000     4   5.6893
      350     0.00000     0.4418E+01     2.000     4   5.6894
      351     0.00000     0.2360E+02     1.000     6   5.6912
      354     0.00000     0.4758E+01     2.000     4   5.6991
      356     0.00000     0.7097E+01     2.000     5   5.7003
      357     0.00000     0.5670E+01     2.000     4   5.7019
      358     0.00000     0.6528E+01     2.000     5   5.7022
      359     0.00000     0.5936E+01     2.000     5   5.7022
      360     0.00000     0.3241E+01     1.000     6   5.7069
      362     0.00000     0.3149E+01     1.000     6   5.7075
      363     0.00000     0.6137E+01     2.000     5   5.7099
      364     0.00000     0.5815E+01     2.000     4   5.7109
      365     0.00000     0.4036E+01     2.000     5   5.7116
      366     0.00000     0.1424E+02     2.000     5   5.7121
      367     0.00000     0.5110E+01     2.000     5   5.7126
      368     0.00000     0.7356E+01     2.000     5   5.7135
      369     0.00000     0.1013E+02     2.000     5   5.7133
      370     0.00000     0.6181E+01     2.000     5   5.7192
      371     0.00000     0.1253E+02     2.000     6   5.7216
      374     0.00000     0.3361E+01     2.000     5   5.7397
      375     0.00000     0.8287E+01     2.000     4   5.7420
      376     0.00000     0.5292E+01     2.000     5   5.7437
      377     0.00000     0.6249E+01     2.000     5   5.7442
      378     0.00000     0.4317E+01     2.000     4   5.7480
      379     0.00000     0.4630E+01     2.000     4   5.7563
      380     0.00000     0.6853E+01     2.000     5   5.7563
      381     0.00000     0.1250E+02     2.000     6   5.7664
      382     0.00000     0.2967E+01     2.000     3   5.7693
      383     0.00000     0.1375E+02     2.000     5   5.7696
      384     0.00000     0.9257E+01     2.000     5   5.7699
      386     0.00000     0.6859E+01     2.000     5   5.7711
      387     0.00000     0.5284E+01     1.000     4   5.7730
      388     0.00000     0.1117E+02     2.000     5   5.7799
      389     0.00000     0.1045E+02     2.000     5   5.7866
      390     0.00000     0.2883E+01     2.000     5   5.7903
      391     0.00000     0.3353E+01     2.000     5   5.7944
      394     0.00000     0.1439E+02     2.000     6   5.7963
      395     0.00000     0.3039E+01     2.000     5   5.7968
      396     0.00000     0.3179E+01     2.000     3   5.7998
      397     0.00000     0.4644E+01     2.000     4   5.7994
      398     0.00000     0.5752E+01     2.000     5   5.8010
      399     0.00000     0.9554E+01     2.000     5   5.8081
      400     0.00000     0.5166E+01     2.000     6   5.8110
      401     0.00000     0.5439E+01     1.000     4   5.8166
      402     0.00000     0.5825E+01     2.000     5   5.8201
      403     0.00000     0.5219E+01     2.000     4   5.8233
      405     0.00000     0.4946E+01     2.000     4   5.8275
      406     0.00000     0.1417E+02     2.000     6   5.8282
      407     0.00000     0.7915E+01     2.000     4   5.8305
      408     0.00000     0.8313E+01     2.000     5   5.8359
      409     0.00000     0.4696E+01     2.000     6   5.8370
      410     0.00000     0.7694E+01     2.000     5   5.8403
      411     0.00000     0.5572E+01     2.000     5   5.8480
      412     0.00000     0.3921E+01     2.000     5   5.8501
      413     0.00000     0.4163E+01     2.000     5   5.8530
      414     0.00000     0.8774E+01     2.000     5   5.8531
      415     0.00000     0.5152E+01     2.000     4   5.8548
      416     0.00000     0.1520E+02     2.000     5   5.8547
      418     0.00000     0.8479E+01     2.000     4   5.8601
      419     0.00000     0.1307E+02     2.000     5   5.8606
      420     0.00000     0.6503E+01     2.000     5   5.8618
      422     0.00000     0.2740E+01     2.000     5   5.8632
      423     0.00000     0.9050E+01     2.000     5   5.8656
      424     0.00000     0.3486E+01     2.000     5   5.8670
      426     0.00000     0.6102E+01     2.000     5   5.8722
      427     0.00000     0.3058E+01     2.000     5   5.8733
      428     0.00000     0.3939E+01     2.000     5   5.8770
      429     0.00000     0.3404E+01     2.000     5   5.8772
      430     0.00000     0.5323E+01     2.000     5   5.8804
      431     0.00000     0.5131E+01     2.000     4   5.8814
      432     0.00000     0.4614E+01     2.000     6   5.8828
      433     0.00000     0.6350E+01     2.000     6   5.8824
      434     0.00000     0.1174E+02     1.000     6   5.8851
      435     0.00000     0.1388E+02     2.000     5   5.8878
      436     0.00000     0.6401E+01     2.000     5   5.8880
      439     0.00000     0.4897E+01     2.000     5   5.8988
      440     0.00000     0.3856E+01     2.000     5   5.9002
      441     0.00000     0.3934E+01     2.000     5   5.9034
      442     0.00000     0.7974E+01     2.000     5   5.9035
      443     0.00000     0.1512E+02     2.000     5   5.9052
      444     0.00000     0.3570E+01     2.000     5   5.9057
      445     0.00000     0.3134E+01     2.000     5   5.9111
      446     0.00000     0.8363E+01     2.000     5   5.9115
      447     0.00000     0.5187E+01     2.000     4   5.9141
      450     0.00000     0.2848E+01     2.000     6   5.9258
      451     0.00000     0.1746E+02     2.000     6   5.9307
      452     0.00000     0.1680E+02     2.000     6   5.9308
      453     0.00000     0.1065E+02     2.000     6   5.9318
      454     0.00000     0.2803E+01     2.000     6   5.9323
      455     0.00000     0.8944E+01     2.000     6   5.9329
      456     0.00000     0.8490E+01     1.000     6   5.9348
      457     0.00000     0.7520E+01     1.000     6   5.9347
      458     0.00000     0.1101E+02     1.000     6   5.9364
      460     0.00000     0.3333E+01     2.000     5   5.9388
      461     0.00000     0.4586E+01     2.000     4   5.9420
      462     0.00000     0.8430E+01     2.000     5   5.9418
      463     0.00000     0.3488E+01     2.000     5   5.9422
      466     0.00000     0.2820E+02     2.000     7   5.9438
      467     0.00000     0.2870E+02     2.000     7   5.9441
      468     0.00000     0.4603E+01     2.000     6   5.9472
      469     0.00000     0.5768E+01     2.000     6   5.9470
      470     0.00000     0.3126E+01     2.000     5   5.9485
      471     0.00000     0.1086E+02     1.000     6   5.9496
      472     0.00000     0.7465E+01     2.000     3   5.9577
      473     0.00000     0.5084E+01     2.000     4   5.9630
      474     0.00000     0.3109E+01     2.000     7   5.9657
      476     0.00000     0.5758E+01     2.000     5   5.9759
      477     0.00000     0.5707E+01     2.000     5   5.9759
      478     0.00000     0.4615E+01     2.000     5   5.9771
      479     0.00000     0.1133E+02     2.000     6   5.9878
      480     0.00000     0.4514E+01     2.000     5   5.9891
      481     0.00000     0.1031E+02     2.000     6   5.9887
      482     0.00000     0.8076E+01     2.000     6   5.9905
      483     0.00000     0.7792E+01     1.000     6   5.9921
      484     0.00000     0.7046E+01     1.000     6   5.9920
      485     0.00000     0.1061E+02     1.000     6   5.9937
      486     0.00000     0.6106E+01     2.000     5   6.0016
      487     0.00000     0.5115E+01     1.000     6   6.0018
      488     0.00000     0.1301E+02     2.000     5   6.0032
      489     0.00000     0.5271E+01     1.000     6   6.0044
      490     0.00000     0.5350E+01     2.000     4   6.0129
      491     0.00000     0.3207E+01     2.000     5   6.0139
      492     0.00000     0.4996E+01     1.000     6   6.0162
      493     0.00000     0.7083E+01     2.000     3   6.0165
      494     0.00000     0.4988E+01     1.000     6   6.0171
      495     0.00000     0.2885E+01     2.000     5   6.0192
      496     0.00000     0.5987E+01     2.000     5   6.0216
      497     0.00000     0.1136E+02     2.000     6   6.0219
      498     0.00000     0.1438E+02     2.000     5   6.0233
      499     0.00000     0.6799E+01     2.000     5   6.0237
      500     0.00000     0.6789E+01     2.000     7   6.0469
      501     0.00000     0.6856E+01     2.000     7   6.0479
      502     0.00000     0.7171E+01     2.000     5   6.0516
      503     0.00000     0.8212E+01     2.000     5   6.0541
      504     0.00000     0.8211E+01     2.000     6   6.0581
      505     0.00000     0.6504E+01     2.000     4   6.0614
      506     0.00000     0.8105E+01     2.000     6   6.0618
      507     0.00000     0.7033E+01     2.000     6   6.0720
      508     0.00000     0.7485E+01     2.000     6   6.0726
      509     0.00000     0.6646E+01     2.000     7   6.0726
      510     0.00000     0.6731E+01     2.000     7   6.0737
      511     0.00000     0.8547E+01     2.000     5   6.0774
      512     0.00000     0.5075E+01     2.000     6   6.0796
      513     0.00000     0.3514E+01     2.000     6   6.0803
      514     0.00000     0.2734E+01     2.000     5   6.0820
      515     0.00000     0.5751E+01     2.000     6   6.0832
      516     0.00000     0.9445E+01     2.000     6   6.0833
      517     0.00000     0.2065E+02     2.000     6   6.0849
      520     0.00000     0.5816E+01     2.000     6   6.0948
      521     0.00000     0.9155E+01     2.000     6   6.0979
      522     0.00000     0.6190E+01     2.000     6   6.1013
      523     0.00000     0.6603E+01     2.000     6   6.1014
      524     0.00000     0.7395E+01     2.000     6   6.1012
      525     0.00000     0.8691E+01     2.000     5   6.1057
      526     0.00000     0.2717E+01     2.000     5   6.1063
      527     0.00000     0.3779E+01     2.000     6   6.1069
      528     0.00000     0.5844E+01     2.000     6   6.1101
      529     0.00000     0.9322E+01     2.000     6   6.1102
      530     0.00000     0.2166E+02     2.000     6   6.1119
      533     0.00000     0.1373E+02     2.000     7   6.1146
      534     0.00000     0.1345E+02     2.000     7   6.1145
      536     0.00000     0.2747E+01     2.000     6   6.1184
      537     0.00000     0.5429E+01     2.000     6   6.1240
      538     0.00000     0.6067E+01     2.000     4   6.1259
      539     0.00000     0.2915E+01     2.000     6   6.1288
      540     0.00000     0.3120E+01     2.000     5   6.1312
      541     0.00000     0.7479E+01     2.000     6   6.1312
      542     0.00000     0.5940E+01     2.000     6   6.1332
      543     0.00000     0.1205E+02     2.000     6   6.1358
      544     0.00000     0.1520E+02     2.000     6   6.1358
      545     0.00000     0.5771E+01     2.000     6   6.1370
      546     0.00000     0.6803E+01     2.000     6   6.1370
      547     0.00000     0.7836E+01     2.000     6   6.1370
      548     0.00000     0.6073E+01     2.000     6   6.1372
      549     0.00000     0.6370E+01     2.000     6   6.1373
      550     0.00000     0.5794E+01     2.000     6   6.1372
      551     0.00000     0.8916E+01     2.000     5   6.1383
      553     0.00000     0.5285E+01     2.000     6   6.1447
      554     0.00000     0.3956E+01     2.000     6   6.1445
      555     0.00000     0.4326E+01     2.000     6   6.1447
      556     0.00000     0.2811E+01     2.000     7   6.1467
      557     0.00000     0.6806E+01     2.000     7   6.1463
      558     0.00000     0.6661E+01     2.000     7   6.1490
      559     0.00000     0.5563E+01     2.000     6   6.1526
      560     0.00000     0.3223E+01     2.000     6   6.1593
      561     0.00000     0.7844E+01     2.000     6   6.1618
      562     0.00000     0.5527E+01     2.000     6   6.1637
      563     0.00000     0.2667E+01     2.000     6   6.1657
      564     0.00000     0.1214E+02     2.000     6   6.1659
      565     0.00000     0.1557E+02     2.000     6   6.1659
      566     0.00000     0.5457E+01     2.000     6   6.1662
      567     0.00000     0.7732E+01     2.000     6   6.1662
      568     0.00000     0.6090E+01     2.000     6   6.1674
      569     0.00000     0.5702E+01     2.000     6   6.1674
      571     0.00000     0.8309E+01     2.000     5   6.1697
      572     0.00000     0.4939E+01     2.000     6   6.1700
      573     0.00000     0.6193E+01     2.000     6   6.1700
      574     0.00000     0.7090E+01     2.000     5   6.1722
      576     0.00000     0.4237E+01     2.000     6   6.1739
      578     0.00000     0.9625E+01     1.000     4   6.1873
      579     0.00000     0.6293E+01     2.000     7   6.2218
      581     0.00000     0.6408E+01     2.000     5   6.2226
      582     0.00000     0.3543E+01     2.000     5   6.2231
      583     0.00000     0.5365E+01     2.000     6   6.2234
      584     0.00000     0.3960E+01     2.000     5   6.2238
      585     0.00000     0.6158E+01     2.000     7   6.2244
      586     0.00000     0.5216E+01     2.000     6   6.2262
      587     0.00000     0.3729E+01     2.000     6   6.2261
      588     0.00000     0.1292E+02     1.000     6   6.2300
      589     0.00000     0.9248E+01     1.000     4   6.2309
      590     0.00000     0.3573E+01     2.000     6   6.2314
      591     0.00000     0.1127E+02     1.000     6   6.2334
      592     0.00000     0.6767E+01     2.000     6   6.2334
      593     0.00000     0.5092E+01     2.000     6   6.2361
      594     0.00000     0.6782E+01     2.000     6   6.2401
      595     0.00000     0.6817E+01     2.000     6   6.2405
      596     0.00000     0.4569E+01     2.000     6   6.2414
      597     0.00000     0.5707E+01     2.000     6   6.2414
      600     0.00000     0.4698E+01     2.000     4   6.2563
      601     0.00000     0.3576E+01     2.000     6   6.2583
      602     0.00000     0.3407E+01     2.000     6   6.2640
      603     0.00000     0.6816E+01     2.000     6   6.2660
      604     0.00000     0.3950E+02     2.000     5   6.2690
      605     0.00000     0.3207E+01     2.000     6   6.2738
      607     0.00000     0.5631E+01     2.000     6   6.2768
      608     0.00000     0.1545E+02     2.000     6   6.2784
      609     0.00000     0.1101E+02     2.000     6   6.2843
      610     0.00000     0.1221E+02     2.000     6   6.2841
      611     0.00000     0.4840E+01     2.000     4   6.2879
      612     0.00000     0.5759E+01     2.000     5   6.2916
      613     0.00000     0.3399E+01     2.000     6   6.2965
      615     0.00000     0.4352E+01     2.000     5   6.2999
      616     0.00000     0.5320E+01     2.000     6   6.2998
      617     0.00000     0.1639E+02     2.000     6   6.3015
      618     0.00000     0.4726E+01     2.000     4   6.3069
      619     0.00000     0.4196E+01     2.000     6   6.3070
      620     0.00000     0.3768E+01     2.000     6   6.3111
      622     0.00000     0.2918E+01     2.000     6   6.3118
      623     0.00000     0.2906E+01     2.000     6   6.3122
      624     0.00000     0.3738E+02     2.000     5   6.3195
      625     0.00000     0.5612E+01     2.000     5   6.3503
      626     0.00000     0.4490E+02     1.000     6   6.3507
      627     0.00000     0.4701E+01     2.000     4   6.3546
      628     0.00000     0.9039E+01     2.000     7   6.3555
      629     0.00000     0.9221E+01     2.000     7   6.3555
      630     0.00000     0.5858E+01     2.000     5   6.3559
      631     0.00000     0.5663E+01     2.000     7   6.3566
      632     0.00000     0.9397E+01     2.000     5   6.3582
      633     0.00000     0.1184E+02     2.000     7   6.3584
      634     0.00000     0.9708E+01     2.000     7   6.3585
      635     0.00000     0.2540E+02     2.000     7   6.3601
      636     0.00000     0.6539E+01     2.000     7   6.3650
      637     0.00000     0.6343E+01     2.000     7   6.3652
      640     0.00000     0.1248E+02     2.000     7   6.3655
      641     0.00000     0.1154E+02     2.000     7   6.3659
      642     0.00000     0.9744E+01     2.000     7   6.3679
      643     0.00000     0.1002E+02     2.000     7   6.3676
      646     0.00000     0.9282E+01     2.000     7   6.3850
      647     0.00000     0.9523E+01     2.000     7   6.3850
      648     0.00000     0.6173E+01     2.000     7   6.3868
      649     0.00000     0.1169E+02     2.000     7   6.3883
      650     0.00000     0.8060E+01     2.000     5   6.3886
      651     0.00000     0.6140E+01     2.000     7   6.3885
      652     0.00000     0.9235E+01     2.000     7   6.3884
      653     0.00000     0.3713E+01     2.000     7   6.3891
      654     0.00000     0.2597E+02     2.000     7   6.3900
      655     0.00000     0.3671E+01     2.000     7   6.3899
      656     0.00000     0.1252E+02     2.000     7   6.3896
      658     0.00000     0.1057E+02     2.000     7   6.3915
      659     0.00000     0.2907E+01     2.000     7   6.3914
      660     0.00000     0.3336E+01     2.000     7   6.3930
      662     0.00000     0.5205E+01     2.000     5   6.4024
      664     0.00000     0.4192E+02     1.000     6   6.4081
      665     0.00000     0.5249E+01     2.000     5   6.4089
      666     0.00000     0.4901E+01     2.000     5   6.4091
      667     0.00000     0.6418E+01     2.000     6   6.4110
      668     0.00000     0.6366E+01     2.000     6   6.4107
      669     0.00000     0.5457E+01     2.000     5   6.4163
      670     0.00000     0.1799E+02     2.000     5   6.4175
      671     0.00000     0.5778E+01     1.000     6   6.4249
      672     0.00000     0.4171E+01     2.000     6   6.4261
      676     0.00000     0.5334E+01     1.000     6   6.4350
      677     0.00000     0.3702E+01     2.000     6   6.4364
      678     0.00000     0.1877E+02     2.000     5   6.4376
      679     0.00000     0.3189E+01     2.000     6   6.4394
      680     0.00000     0.7735E+01     2.000     5   6.4431
      681     0.00000     0.2921E+01     2.000     6   6.4452
      682     0.00000     0.6869E+01     2.000     6   6.4474
      683     0.00000     0.7841E+01     2.000     6   6.4479
      684     0.00000     0.3301E+01     2.000     7   6.4524
      685     0.00000     0.3313E+01     2.000     7   6.4540
      686     0.00000     0.3469E+01     2.000     7   6.4544
      687     0.00000     0.7185E+01     2.000     7   6.4547
      688     0.00000     0.1602E+02     2.000     7   6.4567
      689     0.00000     0.2707E+01     2.000     5   6.4588
      690     0.00000     0.5725E+01     2.000     7   6.4602
      691     0.00000     0.1179E+02     2.000     7   6.4619
      692     0.00000     0.2737E+01     2.000     7   6.4634
      693     0.00000     0.9759E+01     2.000     7   6.4636
      694     0.00000     0.3178E+01     2.000     7   6.4652
      695     0.00000     0.7648E+01     2.000     7   6.4696
      696     0.00000     0.5451E+01     2.000     6   6.4708
      697     0.00000     0.2814E+01     2.000     6   6.4709
      698     0.00000     0.3419E+01     2.000     6   6.4725
      699     0.00000     0.3406E+01     2.000     7   6.4845
      700     0.00000     0.3347E+01     2.000     7   6.4863
      701     0.00000     0.3954E+01     2.000     6   6.4866
      702     0.00000     0.3603E+01     2.000     7   6.4865
      703     0.00000     0.6896E+01     2.000     7   6.4869
      704     0.00000     0.1543E+02     2.000     7   6.4889
      705     0.00000     0.1107E+02     2.000     5   6.4949
      706     0.00000     0.1094E+02     2.000     5   6.4948
      707     0.00000     0.7540E+01     2.000     7   6.4955
      709     0.00000     0.3494E+01     2.000     6   6.4982
      710     0.00000     0.3940E+02     2.000     6   6.4992
      711     0.00000     0.3421E+01     2.000     7   6.5032
      712     0.00000     0.2798E+01     2.000     7   6.5040
      713     0.00000     0.4018E+01     2.000     7   6.5051
      714     0.00000     0.4570E+01     2.000     7   6.5049
      715     0.00000     0.5655E+01     2.000     7   6.5064
      716     0.00000     0.6611E+01     2.000     7   6.5065
      717     0.00000     0.5345E+01     2.000     7   6.5069
      718     0.00000     0.6650E+01     2.000     7   6.5070
      719     0.00000     0.2293E+02     2.000     7   6.5086
      720     0.00000     0.2591E+02     2.000     7   6.5082
      721     0.00000     0.3444E+01     2.000     6   6.5089
      722     0.00000     0.6546E+01     2.000     6   6.5102
      723     0.00000     0.5237E+01     2.000     6   6.5171
      726     0.00000     0.3332E+01     2.000     6   6.5189
      728     0.00000     0.3747E+01     2.000     6   6.5237
      729     0.00000     0.4530E+01     2.000     5   6.5248
      730     0.00000     0.4024E+02     2.000     6   6.5262
      731     0.00000     0.6120E+01     2.000     7   6.5275
      732     0.00000     0.3552E+01     2.000     6   6.5328
      733     0.00000     0.4804E+01     2.000     5   6.5334
      734     0.00000     0.6549E+01     2.000     6   6.5331
      735     0.00000     0.5374E+01     2.000     7   6.5347
      736     0.00000     0.5434E+01     2.000     7   6.5356
      737     0.00000     0.3134E+01     2.000     7   6.5364
      738     0.00000     0.3719E+01     2.000     7   6.5362
      739     0.00000     0.5329E+01     2.000     5   6.5371
      741     0.00000     0.1054E+02     2.000     7   6.5439
      743     0.00000     0.3850E+01     2.000     6   6.5474
      745     0.00000     0.1060E+02     2.000     7   6.5478
      746     0.00000     0.1208E+02     2.000     7   6.5595
      747     0.00000     0.5687E+01     2.000     5   6.5613
      748     0.00000     0.1294E+02     2.000     7   6.5622
      749     0.00000     0.7999E+01     2.000     7   6.5688
      751     0.00000     0.1375E+02     2.000     6   6.5796
      752     0.00000     0.3033E+01     2.000     7   6.5795
      753     0.00000     0.2757E+01     2.000     7   6.5796
      754     0.00000     0.5040E+01     2.000     5   6.5821
      756     0.00000     0.2928E+01     2.000     6   6.5841
      758     0.00000     0.2969E+01     2.000     6   6.5961
      759     0.00000     0.2739E+01     2.000     6   6.5970
      760     0.00000     0.2917E+01     2.000     6   6.5989
      761     0.00000     0.6544E+01     2.000     3   6.6039
      762     0.00000     0.3311E+01     2.000     6   6.6210
      765     0.00000     0.4866E+01     2.000     5   6.6327
      766     0.00000     0.3507E+01     2.000     6   6.6370
      767     0.00000     0.2744E+01     2.000     6   6.6409
      768     0.00000     0.6029E+01     2.000     4   6.6442
      769     0.00000     0.7440E+01     2.000     7   6.6441
      770     0.00000     0.9460E+01     1.000     6   6.6443
      772     0.00000     0.5650E+01     2.000     6   6.6470
      773     0.00000     0.8200E+01     1.000     6   6.6477
      774     0.00000     0.3084E+01     2.000     6   6.6486
      775     0.00000     0.5921E+01     2.000     6   6.6500
      776     0.00000     0.3355E+01     2.000     6   6.6515
      778     0.00000     0.1281E+02     2.000     6   6.6521
      779     0.00000     0.2784E+01     2.000     6   6.6536
      781     0.00000     0.1145E+02     2.000     7   6.6546
      782     0.00000     0.2744E+01     2.000     6   6.6555
      783     0.00000     0.4245E+01     2.000     7   6.6558
      784     0.00000     0.7983E+01     2.000     7   6.6576
      787     0.00000     0.2750E+01     2.000     7   6.6592
      789     0.00000     0.1180E+02     2.000     6   6.6638
      790     0.00000     0.4797E+01     2.000     6   6.6655
      791     0.00000     0.6156E+01     2.000     5   6.6656
      792     0.00000     0.5897E+01     2.000     6   6.6667
      793     0.00000     0.3598E+01     2.000     6   6.6684
      794     0.00000     0.5897E+01     2.000     7   6.6684
      795     0.00000     0.4298E+01     2.000     6   6.6722
      796     0.00000     0.6791E+01     2.000     6   6.6735
      797     0.00000     0.6407E+01     2.000     6   6.6732
      798     0.00000     0.9054E+01     2.000     7   6.6749
      799     0.00000     0.9112E+01     2.000     7   6.6755
      800     0.00000     0.3029E+01     2.000     6   6.6810
      802     0.00000     0.2690E+01     2.000     6   6.6833
      804     0.00000     0.5358E+01     2.000     6   6.6863
      805     0.00000     0.3010E+01     2.000     6   6.6879
      806     0.00000     0.3211E+02     2.000     6   6.6927
      807     0.00000     0.5833E+01     2.000     7   6.7008
      808     0.00000     0.3243E+02     2.000     6   6.7158
      809     0.00000     0.1084E+02     2.000     7   6.7158
      810     0.00000     0.4047E+01     2.000     7   6.7175
      811     0.00000     0.7552E+01     2.000     7   6.7190
      814     0.00000     0.1121E+02     2.000     6   6.7213
      816     0.00000     0.7748E+01     2.000     6   6.7255
      817     0.00000     0.8754E+01     2.000     6   6.7257
      818     0.00000     0.2853E+01     2.000     6   6.7267
      819     0.00000     0.3729E+01     2.000     7   6.7316
      820     0.00000     0.8985E+01     2.000     7   6.7317
      821     0.00000     0.5404E+01     2.000     7   6.7332
      822     0.00000     0.2972E+01     2.000     6   6.7387
      824     0.00000     0.6153E+01     2.000     7   6.7418
      825     0.00000     0.2701E+01     2.000     7   6.7419
      826     0.00000     0.3780E+01     2.000     7   6.7434
      827     0.00000     0.2711E+01     2.000     6   6.7474
      829     0.00000     0.3789E+01     2.000     7   6.7551
      830     0.00000     0.9007E+01     2.000     7   6.7553
      831     0.00000     0.5534E+01     2.000     7   6.7569
      832     0.00000     0.3000E+01     2.000     3   6.7675
      833     0.00000     0.6279E+01     2.000     7   6.7696
      834     0.00000     0.2750E+01     2.000     7   6.7698
      835     0.00000     0.2704E+01     2.000     7   6.7697
      837     0.00000     0.3884E+01     2.000     7   6.7714
      838     0.00000     0.2772E+01     2.000     6   6.7737
      839     0.00000     0.7608E+02     2.000     7   6.7744
      842     0.00000     0.7700E+01     2.000     6   6.7762
      843     0.00000     0.2764E+01     2.000     6   6.7765
      844     0.00000     0.6380E+01     2.000     6   6.7771
      845     0.00000     0.3444E+01     2.000     7   6.7789
      846     0.00000     0.5503E+01     2.000     6   6.7828
      847     0.00000     0.5784E+01     2.000     6   6.7828
      848     0.00000     0.4258E+01     2.000     6   6.7828
      849     0.00000     0.4187E+01     2.000     6   6.7828
      850     0.00000     0.3884E+01     2.000     6   6.7875
      851     0.00000     0.3150E+01     2.000     7   6.7877
      852     0.00000     0.3950E+01     2.000     7   6.7873
      853     0.00000     0.2870E+01     2.000     6   6.7891
      855     0.00000     0.8233E+01     2.000     6   6.7910
      856     0.00000     0.3711E+01     2.000     7   6.7938
      857     0.00000     0.4238E+01     2.000     7   6.7950
      858     0.00000     0.4062E+01     2.000     7   6.7950
      859     0.00000     0.6519E+01     2.000     7   6.7957
      860     0.00000     0.6378E+01     2.000     7   6.7956
      861     0.00000     0.3196E+01     2.000     6   6.7971
      862     0.00000     0.4304E+01     2.000     7   6.7976
      863     0.00000     0.4123E+01     2.000     7   6.7978
      864     0.00000     0.4982E+01     2.000     4   6.8022
      865     0.00000     0.5091E+01     2.000     4   6.8025
      869     0.00000     0.3184E+01     2.000     7   6.8041
      870     0.00000     0.7554E+02     2.000     7   6.8044
      871     0.00000     0.3401E+01     2.000     7   6.8051
      872     0.00000     0.4448E+01     2.000     7   6.8057
      873     0.00000     0.4249E+01     2.000     7   6.8056
      874     0.00000     0.3404E+01     2.000     6   6.8061
      875     0.00000     0.3476E+01     2.000     7   6.8068
      876     0.00000     0.6052E+01     2.000     7   6.8070
      877     0.00000     0.1168E+02     2.000     7   6.8072
      878     0.00000     0.2812E+01     2.000     7   6.8071
      879     0.00000     0.8443E+01     2.000     7   6.8069
      880     0.00000     0.2181E+02     2.000     7   6.8074
      882     0.00000     0.4316E+01     2.000     7   6.8084
      883     0.00000     0.3324E+01     2.000     7   6.8087
      884     0.00000     0.6158E+01     2.000     6   6.8123
      885     0.00000     0.9226E+01     2.000     6   6.8123
      886     0.00000     0.3619E+01     2.000     7   6.8174
      887     0.00000     0.4431E+01     2.000     7   6.8204
      888     0.00000     0.5081E+01     2.000     4   6.8212
      889     0.00000     0.4141E+01     2.000     7   6.8213
      890     0.00000     0.5029E+01     2.000     5   6.8267
      891     0.00000     0.4945E+01     2.000     4   6.8295
      892     0.00000     0.3621E+01     2.000     6   6.8304
      896     0.00000     0.6178E+01     2.000     6   6.8371
      898     0.00000     0.6356E+01     2.000     6   6.8394
      899     0.00000     0.9256E+01     2.000     6   6.8394
      900     0.00000     0.4104E+01     2.000     5   6.8403
      901     0.00000     0.1096E+02     2.000     6   6.8420
      902     0.00000     0.3012E+01     2.000     7   6.8455
      903     0.00000     0.3038E+01     2.000     7   6.8460
      904     0.00000     0.4684E+01     2.000     4   6.8492
      905     0.00000     0.3585E+01     2.000     7   6.8497
      907     0.00000     0.3070E+01     2.000     7   6.8613
      908     0.00000     0.4178E+01     2.000     7   6.8631
      909     0.00000     0.3223E+01     2.000     7   6.8633
      910     0.00000     0.4043E+01     2.000     7   6.8630
      911     0.00000     0.7728E+01     2.000     7   6.8634
      912     0.00000     0.5649E+01     2.000     7   6.8645
      914     0.00000     0.1127E+02     2.000     7   6.8648
      915     0.00000     0.4061E+01     2.000     7   6.8651
      916     0.00000     0.3811E+01     2.000     6   6.8661
      917     0.00000     0.3151E+01     2.000     7   6.8663
      919     0.00000     0.3360E+01     2.000     7   6.8747
      920     0.00000     0.6957E+01     2.000     7   6.8751
      921     0.00000     0.4427E+01     2.000     4   6.8757
      922     0.00000     0.1196E+02     2.000     7   6.8765
      923     0.00000     0.4136E+01     2.000     4   6.8779
      924     0.00000     0.4170E+01     2.000     7   6.8777
      925     0.00000     0.3944E+01     2.000     7   6.8785
      926     0.00000     0.2038E+02     2.000     7   6.8796
      927     0.00000     0.6314E+01     2.000     7   6.8817
      928     0.00000     0.7040E+01     2.000     5   6.8839
      929     0.00000     0.9584E+01     2.000     6   6.8868
      930     0.00000     0.4588E+01     2.000     7   6.8895
      931     0.00000     0.7056E+01     2.000     5   6.8911
      932     0.00000     0.4126E+01     2.000     7   6.8919
      933     0.00000     0.1036E+02     2.000     6   6.9027
      934     0.00000     0.1208E+02     2.000     7   6.9086
      936     0.00000     0.6479E+01     2.000     6   6.9188
      937     0.00000     0.2860E+01     2.000     7   6.9224
      938     0.00000     0.3592E+02     2.000     7   6.9225
      939     0.00000     0.3297E+02     2.000     7   6.9229
      940     0.00000     0.5512E+01     2.000     6   6.9256
      941     0.00000     0.9283E+01     2.000     6   6.9260
      943     0.00000     0.2794E+01     2.000     7   6.9278
      944     0.00000     0.3742E+01     2.000     4   6.9293
      945     0.00000     0.3396E+01     2.000     7   6.9291
      947     0.00000     0.3154E+01     2.000     7   6.9326
      948     0.00000     0.9185E+01     2.000     6   6.9332
      950     0.00000     0.2758E+01     2.000     7   6.9466
      951     0.00000     0.7018E+01     2.000     7   6.9467
      952     0.00000     0.4117E+01     2.000     7   6.9482
      953     0.00000     0.3487E+01     2.000     7   6.9482
      954     0.00000     0.4411E+01     2.000     7   6.9482
      955     0.00000     0.9413E+01     2.000     6   6.9491
      956     0.00000     0.1211E+02     2.000     7   6.9498
      957     0.00000     0.6238E+01     2.000     6   6.9502
      958     0.00000     0.5853E+01     2.000     6   6.9553
      959     0.00000     0.1010E+02     2.000     7   6.9557
      960     0.00000     0.4085E+01     2.000     7   6.9569
      961     0.00000     0.3026E+01     2.000     7   6.9571
      962     0.00000     0.9924E+01     2.000     5   6.9574
      963     0.00000     0.5314E+01     2.000     6   6.9576
      964     0.00000     0.4620E+01     2.000     6   6.9608
      965     0.00000     0.4745E+01     2.000     6   6.9628
      967     0.00000     0.3694E+01     2.000     7   6.9689
      968     0.00000     0.4716E+01     2.000     5   6.9696
      969     0.00000     0.3542E+01     2.000     7   6.9698
      971     0.00000     0.5161E+01     2.000     3   6.9739
      972     0.00000     0.3166E+01     2.000     4   6.9762
      973     0.00000     0.1063E+02     2.000     7   6.9829
      975     0.00000     0.4158E+01     2.000     7   6.9832
      976     0.00000     0.3102E+01     2.000     7   6.9844
      977     0.00000     0.4587E+01     2.000     6   6.9950
      979     0.00000     0.3765E+01     2.000     7   6.9958
      980     0.00000     0.3672E+01     2.000     7   6.9967
      982     0.00000     0.6375E+01     2.000     7   6.9970
      984     0.00000     0.4041E+01     2.000     7   6.9986
      985     0.00000     0.3256E+01     2.000     7   6.9987
      986     0.00000     0.4271E+01     2.000     7   6.9987
      987     0.00000     0.1205E+02     2.000     7   7.0003
      988     0.00000     0.7638E+01     2.000     6   7.0012
      989     0.00000     0.2964E+01     2.000     4   7.0050
      990     0.00000     0.5939E+01     2.000     6   7.0058
      991     0.00000     0.4523E+01     2.000     4   7.0163
      992     0.00000     0.8786E+01     2.000     5   7.0179
      993     0.00000     0.2980E+01     2.000     4   7.0280
      994     0.00000     0.6005E+01     2.000     6   7.0290
      995     0.00000     0.7111E+01     2.000     5   7.0532
      996     0.00000     0.5081E+01     2.000     3   7.0543
      997     0.00000     0.8785E+01     2.000     6   7.0550
      998     0.00000     0.2792E+01     2.000     4   7.0554
      999     0.00000     0.7055E+01     2.000     6   7.0572
     1000     0.00000     0.9390E+01     2.000     6   7.0629
     1001     0.00000     0.5292E+01     2.000     7   7.0641
     1002     0.00000     0.6787E+01     2.000     6   7.0659
     1003     0.00000     0.4925E+01     2.000     7   7.0694
     1004     0.00000     0.4842E+01     2.000     7   7.0694
     1005     0.00000     0.1738E+02     2.000     7   7.0735
     1006     0.00000     0.2914E+01     2.000     5   7.0799
     1007     0.00000     0.2958E+01     2.000     5   7.0799
     1008     0.00000     0.4548E+01     2.000     4   7.0807
     1009     0.00000     0.5195E+01     2.000     5   7.0807
     1010     0.00000     0.6964E+01     2.000     6   7.0827
     1011     0.00000     0.1557E+02     2.000     7   7.0875
     1012     0.00000     0.3713E+01     2.000     7   7.0967
     1013     0.00000     0.1046E+02     2.000     7   7.0983
     1014     0.00000     0.8957E+01     2.000     6   7.1022
     1015     0.00000     0.6548E+01     2.000     5   7.1120
     1017     0.00000     0.3753E+01     2.000     7   7.1168
     1019     0.00000     0.8896E+01     2.000     7   7.1176
     1020     0.00000     0.1540E+02     2.000     7   7.1176
     1021     0.00000     0.1146E+02     2.000     7   7.1185
     1022     0.00000     0.5554E+01     2.000     7   7.1188
     1023     0.00000     0.6333E+01     2.000     7   7.1205
     1024     0.00000     0.3509E+01     2.000     5   7.1268
     1025     0.00000     0.3524E+01     2.000     5   7.1268
     1026     0.00000     0.1637E+02     2.000     7   7.1351
     1027     0.00000     0.2713E+01     2.000     5   7.1374
     1028     0.00000     0.2755E+01     2.000     5   7.1374
     1029     0.00000     0.6179E+01     2.000     6   7.1398
     1030     0.00000     0.9613E+01     2.000     6   7.1398
     1031     0.00000     0.6438E+01     2.000     6   7.1411
     1032     0.00000     0.5333E+01     2.000     6   7.1411
     1033     0.00000     0.4957E+01     2.000     7   7.1435
     1036     0.00000     0.5820E+01     2.000     7   7.1468
     1037     0.00000     0.1550E+02     2.000     7   7.1476
     1038     0.00000     0.6990E+01     2.000     6   7.1569
     1039     0.00000     0.1001E+02     2.000     7   7.1577
     1040     0.00000     0.1034E+02     2.000     6   7.1591
     1041     0.00000     0.1042E+02     2.000     6   7.1692
     1042     0.00000     0.1558E+02     2.000     7   7.1713
     1043     0.00000     0.6646E+01     2.000     7   7.1725
     1044     0.00000     0.4798E+01     2.000     7   7.1770
     1045     0.00000     0.3160E+01     2.000     5   7.1773
     1046     0.00000     0.3195E+01     2.000     5   7.1773
     1047     0.00000     0.1018E+02     2.000     7   7.1857
     1048     0.00000     0.8863E+01     2.000     7   7.1861
     1049     0.00000     0.5932E+01     2.000     6   7.1906
     1050     0.00000     0.9407E+01     2.000     6   7.1906
     1051     0.00000     0.4983E+01     2.000     6   7.1908
     1052     0.00000     0.9194E+01     2.000     6   7.1914
     1053     0.00000     0.5889E+01     2.000     7   7.1928
     1054     0.00000     0.6497E+01     2.000     6   7.1979
     1055     0.00000     0.8678E+01     2.000     6   7.2085
     1056     0.00000     0.5176E+01     2.000     6   7.2085
     1057     0.00000     0.1279E+02     2.000     7   7.2097
     1058     0.00000     0.1028E+02     2.000     7   7.2146
     1059     0.00000     0.8572E+01     2.000     7   7.2179
     1060     0.00000     0.6379E+01     2.000     6   7.2214
     1061     0.00000     0.1371E+02     2.000     7   7.2215
     1062     0.00000     0.1660E+02     2.000     7   7.2215
     1063     0.00000     0.1185E+02     2.000     7   7.2228
     1064     0.00000     0.1133E+02     2.000     7   7.2230
     1065     0.00000     0.9514E+01     2.000     7   7.2230
     1066     0.00000     0.1337E+02     2.000     7   7.2228
     1067     0.00000     0.7175E+01     2.000     7   7.2357
     1068     0.00000     0.6510E+01     2.000     7   7.2360
     1069     0.00000     0.4454E+01     2.000     7   7.2419
     1070     0.00000     0.8779E+01     2.000     6   7.2514
     1071     0.00000     0.6173E+01     2.000     6   7.2575
     1072     0.00000     0.6642E+01     2.000     7   7.2649
     1073     0.00000     0.8246E+01     2.000     6   7.2658
     1074     0.00000     0.3960E+01     2.000     6   7.2658
     1075     0.00000     0.1198E+02     2.000     7   7.2658
     1076     0.00000     0.5780E+01     2.000     7   7.2673
     1077     0.00000     0.9736E+01     2.000     7   7.2724
     1078     0.00000     0.1303E+02     2.000     7   7.2791
     1079     0.00000     0.1582E+02     2.000     7   7.2791
     1080     0.00000     0.1098E+02     2.000     7   7.2794
     1081     0.00000     0.1228E+02     2.000     7   7.2794
     1082     0.00000     0.1061E+02     2.000     7   7.2806
     1083     0.00000     0.8870E+01     2.000     7   7.2806
     1084     0.00000     0.6625E+01     2.000     6   7.2824
     1085     0.00000     0.5238E+01     2.000     6   7.2883
     1086     0.00000     0.9620E+01     2.000     7   7.2894
     1087     0.00000     0.8800E+01     2.000     7   7.2961
     1088     0.00000     0.5632E+01     2.000     7   7.3039
     1089     0.00000     0.5069E+01     2.000     7   7.3062
     1090     0.00000     0.5482E+01     2.000     6   7.3087
     1091     0.00000     0.6551E+01     2.000     6   7.3261
     1092     0.00000     0.3828E+01     2.000     6   7.3463
     1093     0.00000     0.5807E+01     2.000     6   7.3517
     1094     0.00000     0.7272E+01     2.000     7   7.3538
     1095     0.00000     0.9834E+01     2.000     7   7.3595
     1096     0.00000     0.7339E+01     2.000     7   7.3607
     1097     0.00000     0.5764E+01     2.000     7   7.3625
     1098     0.00000     0.1192E+02     2.000     7   7.3626
     1099     0.00000     0.8427E+01     2.000     7   7.3625
     1100     0.00000     0.8864E+01     2.000     7   7.3626
     1101     0.00000     0.9976E+01     2.000     7   7.3641
     1102     0.00000     0.1780E+02     2.000     7   7.3641
     1103     0.00000     0.1259E+02     2.000     7   7.3700
     1104     0.00000     0.5433E+01     2.000     7   7.3700
     1105     0.00000     0.3708E+01     2.000     6   7.3757
     1106     0.00000     0.3906E+01     2.000     6   7.3757
     1107     0.00000     0.5760E+01     2.000     6   7.3834
     1108     0.00000     0.6983E+01     2.000     7   7.3850
     1109     0.00000     0.5094E+01     2.000     7   7.3867
     1110     0.00000     0.4514E+01     2.000     6   7.3958
     1111     0.00000     0.1303E+02     2.000     7   7.3972
     1112     0.00000     0.5671E+01     2.000     7   7.3972
     1113     0.00000     0.3931E+01     2.000     3   7.4077
     1114     0.00000     0.9323E+01     2.000     7   7.4097
     1115     0.00000     0.7061E+01     2.000     7   7.4114
     1116     0.00000     0.1092E+02     2.000     7   7.4130
     1117     0.00000     0.8010E+01     2.000     7   7.4129
     1118     0.00000     0.8292E+01     2.000     7   7.4130
     1119     0.00000     0.9594E+01     2.000     7   7.4147
     1120     0.00000     0.1747E+02     2.000     7   7.4147
     1121     0.00000     0.4231E+01     2.000     6   7.4282
     1122     0.00000     0.4740E+01     2.000     7   7.4483
     1123     0.00000     0.3237E+01     2.000     4   7.4528
     1124     0.00000     0.5881E+01     2.000     7   7.4838
     1125     0.00000     0.3674E+01     2.000     6   7.4938
     1126     0.00000     0.3254E+01     2.000     6   7.4948
     1127     0.00000     0.8640E+01     2.000     7   7.5126
     1128     0.00000     0.5636E+01     2.000     7   7.5126
     1129     0.00000     0.5839E+01     2.000     7   7.5154
     1130     0.00000     0.5145E+01     2.000     7   7.5185
     1131     0.00000     0.9060E+01     2.000     7   7.5328
     1132     0.00000     0.6109E+01     2.000     7   7.5328
     1133     0.00000     0.7660E+01     2.000     7   7.5332
     1134     0.00000     0.4657E+01     2.000     7   7.5347
     1135     0.00000     0.5813E+01     2.000     7   7.5383
     1136     0.00000     0.3660E+01     2.000     5   7.5412
     1137     0.00000     0.7951E+01     2.000     7   7.5611
     1138     0.00000     0.4540E+01     2.000     7   7.5924
     1139     0.00000     0.3594E+01     2.000     6   7.5951
     1140     0.00000     0.7956E+01     2.000     7   7.6191
     1141     0.00000     0.5155E+01     2.000     7   7.6323
     1142     0.00000     0.3818E+01     2.000     5   7.6502
     1143     0.00000     0.7709E+01     2.000     7   7.6511
     1144     0.00000     0.5546E+01     2.000     7   7.6564
     1145     0.00000     0.3674E+01     2.000     5   7.6589
     1146     0.00000     0.4350E+01     2.000     7   7.6832
     1147     0.00000     0.4548E+01     2.000     5   7.6974
     1148     0.00000     0.4653E+01     2.000     5   7.6974
     1149     0.00000     0.4592E+01     2.000     7   7.7105
     1150     0.00000     0.5076E+01     2.000     6   7.7377
     1151     0.00000     0.5172E+01     2.000     6   7.7377
     1152     0.00000     0.3513E+01     2.000     6   7.7547
     1153     0.00000     0.3614E+01     2.000     6   7.7621
     1154     0.00000     0.4615E+01     2.000     6   7.7714
     1155     0.00000     0.5094E+02     2.000     7   7.7785
     1156     0.00000     0.4714E+01     2.000     6   7.7926
     1157     0.00000     0.4276E+01     2.000     6   7.7985
     1158     0.00000     0.4198E+01     2.000     6   7.7989
     1159     0.00000     0.5029E+01     2.000     6   7.8164
     1160     0.00000     0.4821E+02     2.000     7   7.8290
     1161     0.00000     0.4292E+01     2.000     7   7.8460
     1162     0.00000     0.4767E+01     2.000     6   7.8641
     1163     0.00000     0.3726E+01     2.000     6   7.8973
     1164     0.00000     0.3807E+01     2.000     6   7.8977
     1165     0.00000     0.8654E+01     2.000     7   7.8981
     1166     0.00000     0.8172E+01     2.000     6   7.9158
     1167     0.00000     0.8231E+01     2.000     6   7.9226
     1168     0.00000     0.1011E+02     2.000     6   7.9267
     1169     0.00000     0.2184E+02     2.000     7   7.9269
     1170     0.00000     0.9769E+01     2.000     6   7.9472
     1171     0.00000     0.2257E+02     2.000     7   7.9471
     1172     0.00000     0.7813E+01     2.000     7   7.9526
     1173     0.00000     0.4644E+01     2.000     7   7.9790
     1174     0.00000     0.4636E+01     2.000     7   7.9862
     1175     0.00000     0.2396E+02     2.000     7   8.0043
     1176     0.00000     0.6571E+01     2.000     7   8.0466
     1178     0.00000     0.3097E+01     2.000     7   8.0510
     1179     0.00000     0.3124E+01     2.000     7   8.0526
     1180     0.00000     0.4132E+01     2.000     7   8.0631
     1181     0.00000     0.4233E+01     2.000     7   8.0631
     1182     0.00000     0.3906E+01     2.000     5   8.0673
     1183     0.00000     0.3995E+01     2.000     5   8.0693
     1184     0.00000     0.6619E+01     2.000     7   8.0708
     1185     0.00000     0.5598E+01     2.000     7   8.0916
     1186     0.00000     0.3799E+01     2.000     6   8.1097
     1188     0.00000     0.3683E+01     2.000     6   8.1117
     1189     0.00000     0.5192E+01     2.000     7   8.1224
     1190     0.00000     0.5156E+01     2.000     7   8.1422
     1191     0.00000     0.3942E+01     2.000     5   8.1478
     1192     0.00000     0.3773E+01     2.000     5   8.1497
     1193     0.00000     0.4871E+01     2.000     7   8.1528
     1194     0.00000     0.3837E+01     2.000     6   8.1742
     1195     0.00000     0.3542E+01     2.000     6   8.1762
     1196     0.00000     0.5214E+01     2.000     6   8.2242
     1197     0.00000     0.5000E+01     2.000     6   8.3243
     1198     0.00000     0.1341E+02     2.000     7   8.4669
     1199     0.00000     0.1200E+02     2.000     7   8.5274
     1200     0.00000     0.3818E+01     2.000     7   8.6279
     1201     0.00000     0.5380E+01     2.000     7   8.6353
     1202     0.00000     0.4840E+01     2.000     7   8.7166
     1203     0.00000     0.3613E+01     2.000     7   8.7436
     1204     0.00000     0.3601E+01     2.000     7   8.7523
     1205     0.00000     0.5491E+01     2.000     7   8.7909
