# # Once                                                         FEFF 10.0.0 
# # POT  SCF 100  9.0000   0, core-hole, FOLP (folp(0)= 1.150)
# # Abs   Z=30 Rmt= 1.385 Rnm= 1.528 K  shell
# #   RGRID 0.0100
# # Pot 1 Z= 6 Rmt= 0.899 Rnm= 1.122
# # Pot 2 Z= 6 Rmt= 0.927 Rnm= 1.165
# # Pot 3 Z= 1 Rmt= 0.550 Rnm= 0.943
# # Pot 4 Z=16 Rmt= 1.253 Rnm= 1.470
# # Gam_ch=1.897E+00 H-L exch Vi= 0.000E+00 Vr= 0.000E+00
# # Mu=-7.015E+00eV kf=2.001E+00 Vint=-1.319E+01eV Rs_int= 1.812
# # PATH  Rmax= 9.000,  Keep_limit= 0.00, Heap_limit 0.00  Pwcrit= 2.50%
#  S02=1.000  Temp=  10.00  Debye_temp= 315.00  Global_sig2= 0.00000
#  Energy zero shift, vr, vi    0.00000E+00   0.00000E+00
#  Curved wave amplitude ratio filter   4.000%
#     file         sig2 tot  cw amp ratio   deg  nlegs   reff  inp sig2
#           1       0.00298    100.00      1.00     2   2.3566
#           2       0.00300     99.74      1.00     2   2.3590
#           3       0.00310    197.60      2.00     2   2.3673
#           4       0.03195     11.72      1.00     2   3.1291
#           5       0.02259     11.48      1.00     2   3.1535
#           6       0.03212     10.90      1.00     2   3.2154
#           7       0.02271     10.68      1.00     2   3.2402
#           8       0.03022     10.11      1.00     2   3.3075
#           9       0.00600     76.35      2.00     2   3.3221
#          10       0.00558     37.87      1.00     2   3.3318
#          11       0.03062      9.70      1.00     2   3.3589
#          12       0.00561     36.16      1.00     2   3.3891
#          13       0.02156      7.53      1.00     2   3.6869
#          14       0.00985     28.54      1.00     2   3.6941
#          15       0.02172      7.18      1.00     2   3.7530
#          16       0.00403     42.71      2.00     3   3.7555
#          17       0.00427     42.26      2.00     3   3.7571
#          18       0.00425     42.28      2.00     3   3.7569
#          19       0.01045     27.20      1.00     2   3.7587
#          20       0.00410     42.21      2.00     3   3.7854
#          21       0.01118     12.80      2.00     3   3.7885
#          22       0.01456      9.69      2.00     3   3.8610
#          23       0.01131     11.47      2.00     3   3.8606
#          24       0.01486      9.00      2.00     3   3.8867
#          25       0.01691     18.00      2.00     3   3.9580
#          26       0.01478      7.28      2.00     3   3.9577
#          27       0.01490      7.06      2.00     3   4.0055
#          28       0.01753     16.47      2.00     3   4.0334
#          29       0.01704      6.93      2.00     3   4.0387
#          30       0.01209      8.99      2.00     3   4.0546
#          31       0.01722      6.82      2.00     3   4.0657
#          32       0.01215      8.75      2.00     3   4.1161
#          33       0.03631      5.54      1.00     2   4.1194
#          34       0.00453     13.67      1.00     4   4.1792
#          35       0.00456     12.48      1.00     4   4.1817
#          36       0.00440      8.59      2.00     3   4.1901
#          37       0.00456     13.75      1.00     4   4.1922
#          38       0.00455     13.75      1.00     4   4.1917
#          40       0.03687      5.20      1.00     2   4.2141
#          41       0.03014      7.73      1.00     4   4.2219
#          42       0.01420      6.41      2.00     3   4.2240
#          43       0.00422      8.88      2.00     3   4.2333
#          44       0.01813      7.07      1.00     4   4.2451
#          45       0.00427      9.09      2.00     3   4.2507
#          47       0.01431      6.37      2.00     3   4.2586
#          48       0.00635     19.36      2.00     3   4.2657
#          51       0.00630     18.43      2.00     3   4.2980
#          52       0.01199      4.92      1.00     2   4.2985
#          53       0.01170      4.89      1.00     2   4.3060
#          54       0.03128      7.16      1.00     4   4.3082
#          56       0.00421     10.59      2.00     3   4.3227
#          57       0.01863      6.55      1.00     4   4.3321
#          58       0.01084     20.45      2.00     3   4.3570
#          59       0.01076     20.62      2.00     3   4.3608
#          60       0.00447     11.34      2.00     3   4.3630
#          61       0.00447     11.46      2.00     3   4.3704
#          63       0.02661      6.05      1.00     4   4.3999
#          64       0.01136     23.70      1.00     4   4.4156
#          65       0.01128     23.21      1.00     4   4.4156
#          67       0.00578     15.05      2.00     3   4.4334
#          68       0.02721      5.75      1.00     4   4.4513
#          69       0.01924      7.82      2.00     3   4.4534
#          70       0.00592     15.04      2.00     3   4.4651
#          71       0.01021      5.81      2.00     4   4.4783
#          75       0.01028      5.89      2.00     4   4.5124
#          76       0.01183      9.35      2.00     3   4.5277
#          77       0.01159      4.78      2.00     4   4.5296
#          78       0.01179      9.45      2.00     3   4.5313
#          79       0.02050      7.88      2.00     3   4.5329
#          80       0.01138      4.95      2.00     4   4.5728
#          81       0.00959     21.63      2.00     4   4.5860
#          82       0.00957     21.16      2.00     4   4.5862
#          88       0.00595     14.54      1.00     2   4.6778
#          90       0.00507      9.49      2.00     4   4.7008
#          91       0.01538     15.40      2.00     3   4.7126
#          92       0.00596      8.18      1.00     4   4.7132
#          93       0.00454      4.47      2.00     4   4.7156
#          95       0.00600      8.14      1.00     4   4.7179
#          96       0.00615     14.14      1.00     2   4.7215
#          97       0.00470      5.48      2.00     4   4.7239
#          99       0.00470      5.65      2.00     4   4.7262
#         101       0.00525      8.48      2.00     4   4.7328
#         102       0.00620     15.97      2.00     4   4.7345
#         104       0.01747      6.27      2.00     4   4.7429
#         105       0.01414      5.06      1.00     4   4.7565
#         106       0.01413      4.92      1.00     4   4.7569
#         107       0.00550     39.41      2.00     3   4.7595
#         108       0.01770      6.20      2.00     4   4.7679
#         110       0.01532     14.54      2.00     3   4.7701
#         112       0.01349     16.36      1.00     4   4.7896
#         113       0.00948     14.08      2.00     4   4.7918
#         115       0.00943     14.18      2.00     4   4.7958
#         118       0.00554     37.01      2.00     3   4.8100
#         120       0.00650      4.41      1.00     4   4.8373
#         121       0.00600     37.14      1.00     4   4.8413
#         123       0.02010      6.04      2.00     4   4.8454
#         127       0.00943     34.90      2.00     5   4.8504
#         128       0.00946     35.54      2.00     5   4.8506
#         130       0.01364     15.07      1.00     4   4.8541
#         132       0.00942      4.20      2.00     5   4.8755
#         135       0.00601     34.44      1.00     4   4.8986
#         136       0.00493     22.60      2.00     3   4.9080
#         138       0.02091      5.58      2.00     4   4.9204
#         140       0.00504     24.21      2.00     3   4.9281
#         142       0.02074      8.06      2.00     5   4.9545
#         143       0.01033      5.40      2.00     5   4.9647
#         145       0.02108      7.88      2.00     5   4.9802
#         146       0.00895      6.20      2.00     3   4.9884
#         147       0.00452     35.07      2.00     4   4.9898
#         148       0.00517      7.53      2.00     4   5.0044
#         149       0.01046      5.37      2.00     5   5.0076
#         151       0.00457     35.84      2.00     4   5.0167
#         153       0.00966     16.56      2.00     5   5.0211
#         154       0.00965     16.20      2.00     5   5.0210
#         155       0.01457      4.71      2.00     4   5.0250
#         159       0.06295     10.28      2.00     5   5.0508
#         160       0.00906      5.76      2.00     3   5.0540
#         161       0.02066      8.26      2.00     5   5.0535
#         162       0.01376      4.13      2.00     3   5.0609
#         163       0.00924     11.82      2.00     4   5.0701
#         164       0.01474      4.88      2.00     4   5.0722
#         165       0.01371      4.27      2.00     3   5.0866
#         166       0.02204      5.52      2.00     3   5.0909
#         168       0.02251      5.78      2.00     3   5.1080
#         172       0.06389      9.41      2.00     5   5.1263
#         173       0.02077      7.62      2.00     5   5.1289
#         174       0.01184      5.22      2.00     4   5.1306
#         175       0.00538     12.93      1.00     4   5.1348
#         177       0.00535     10.88      1.00     4   5.1382
#         178       0.01180      8.99      2.00     4   5.1379
#         179       0.00941     11.01      2.00     4   5.1426
#         180       0.01725      6.42      2.00     5   5.1452
#         181       0.00676      5.96      1.00     4   5.1466
#         182       0.00682      5.95      1.00     4   5.1470
#         184       0.00635      6.03      1.00     4   5.1544
#         185       0.01698      4.67      2.00     3   5.1561
#         186       0.01182      4.85      2.00     4   5.1629
#         188       0.01173      9.09      2.00     4   5.1706
#         190       0.00472     27.23      2.00     4   5.1832
#         192       0.01727      4.45      2.00     3   5.2029
#         193       0.00479     27.79      2.00     4   5.2063
#         194       0.01767      6.23      2.00     5   5.2063
#         195       0.00708      4.18      2.00     3   5.2065
#         196       0.00643      5.99      1.00     4   5.2118
#         197       0.01212      7.17      2.00     4   5.2162
#         198       0.02153      9.15      2.00     3   5.2567
#         199       0.02180      9.64      2.00     3   5.2624
#         200       0.00485     54.67      2.00     5   5.2649
#         204       0.00612      5.66      2.00     5   5.2724
#         205       0.00603      5.21      2.00     5   5.2721
#         207       0.01228      6.74      2.00     4   5.2815
#         208       0.01292      8.04      2.00     4   5.2842
#         211       0.00995     14.62      1.00     6   5.2852
#         212       0.00998     14.88      1.00     6   5.2857
#         213       0.00489     54.13      2.00     5   5.2949
#         215       0.01219     15.43      2.00     5   5.2979
#         218       0.01268      7.96      2.00     4   5.3094
#         219       0.00677      5.05      2.00     3   5.3172
#         222       0.00699      4.45      2.00     3   5.3308
#         223       0.01556      5.93      2.00     3   5.3319
#         224       0.02392      8.79      1.00     4   5.3314
#         225       0.01021      9.90      2.00     4   5.3326
#         228       0.02394      7.96      1.00     4   5.3414
#         231       0.01164      4.18      2.00     5   5.3589
#         232       0.01193     19.06      2.00     5   5.3592
#         234       0.01125     19.27      2.00     5   5.3612
#         236       0.01231     14.51      2.00     5   5.3701
#         237       0.01567      5.60      2.00     3   5.3706
#         238       0.01351      4.15      2.00     5   5.3762
#         239       0.01137      7.72      2.00     4   5.3773
#         241       0.01183     18.39      2.00     5   5.3914
#         242       0.01172      4.68      2.00     5   5.3911
#         243       0.01034      9.35      2.00     4   5.3932
#         244       0.01115     18.58      2.00     5   5.3934
#         245       0.01663      7.17      2.00     5   5.3945
#         246       0.02233      6.48      2.00     5   5.3973
#         248       0.00480     31.33      2.00     5   5.4130
#         249       0.00477     28.20      2.00     5   5.4134
#         250       0.01593      9.48      2.00     4   5.4166
#         253       0.01159      7.41      2.00     4   5.4237
#         254       0.01578      4.15      2.00     4   5.4271
#         255       0.00649      6.72      2.00     3   5.4314
#         256       0.01653      6.89      2.00     5   5.4376
#         257       0.01596      9.51      2.00     4   5.4396
#         258       0.00503      4.80      2.00     5   5.4392
#         259       0.00653      6.86      2.00     3   5.4399
#         260       0.02217      6.22      2.00     5   5.4403
#         261       0.00501      5.19      2.00     5   5.4401
#         262       0.00982      4.70      2.00     5   5.4464
#         263       0.00619      6.79      2.00     3   5.4480
#         264       0.02273     12.74      2.00     5   5.4505
#         265       0.02294     12.83      2.00     5   5.4543
#         266       0.01580      4.22      2.00     4   5.4554
#         267       0.01497      7.10      2.00     3   5.4577
#         270       0.01043      4.52      2.00     4   5.4659
#         271       0.01125      4.95      2.00     3   5.4717
#         272       0.01182      5.73      2.00     4   5.4824
#         273       0.01464      5.45      1.00     4   5.4878
#         274       0.01001      4.81      2.00     5   5.4882
#         276       0.03249      4.26      2.00     4   5.4964
#         277       0.01054      4.38      2.00     4   5.4979
#         278       0.01137      4.68      2.00     3   5.5042
#         280       0.00607      6.60      2.00     3   5.5084
#         282       0.02065      4.14      2.00     6   5.5080
#         283       0.02336     17.08      1.00     6   5.5090
#         284       0.02318     16.76      1.00     6   5.5090
#         286       0.01481      6.86      2.00     3   5.5178
#         290       0.01075     13.10      2.00     5   5.5289
#         291       0.01178      5.48      2.00     4   5.5370
#         293       0.01460      5.26      1.00     4   5.5455
#         294       0.02407      5.38      2.00     5   5.5465
#         297       0.02301      4.95      2.00     5   5.5488
#         298       0.01114      7.49      2.00     4   5.5534
#         299       0.01161      8.47      2.00     4   5.5564
#         300       0.01078     12.61      2.00     5   5.5606
#         301       0.01262     13.88      2.00     5   5.5641
#         303       0.01169      8.45      2.00     4   5.5732
#         304       0.01033      7.54      2.00     5   5.5729
#         305       0.00787     11.63      2.00     5   5.5781
#         306       0.00550      8.61      2.00     4   5.5798
#         307       0.00552      9.02      2.00     4   5.5800
#         308       0.00811     11.32      2.00     5   5.5814
#         309       0.00812     11.31      2.00     5   5.5820
#         312       0.01120      7.11      2.00     4   5.5928
#         313       0.01119      6.92      2.00     3   5.6003
#         314       0.01617      4.38      2.00     6   5.6026
#         316       0.01046      7.46      2.00     5   5.6054
#         318       0.00803     11.98      2.00     5   5.6081
#         319       0.00982      4.70      2.00     5   5.6111
#         320       0.01810      5.88      2.00     5   5.6211
#         321       0.01719     12.77      2.00     6   5.6231
#         322       0.01805      5.93      2.00     5   5.6247
#         323       0.01256     13.11      2.00     5   5.6256
#         324       0.02608      5.37      2.00     5   5.6260
#         325       0.02357      4.59      2.00     5   5.6284
#         326       0.01060     10.78      2.00     4   5.6304
#         328       0.01067      5.72      2.00     4   5.6316
#         329       0.01124     11.59      2.00     5   5.6381
#         330       0.01108      7.82      2.00     5   5.6483
#         331       0.00537      6.90      2.00     4   5.6496
#         332       0.01117      6.90      2.00     3   5.6534
#         333       0.00536      8.25      2.00     4   5.6597
#         334       0.01125     11.67      2.00     5   5.6618
#         335       0.01686     12.26      2.00     6   5.6662
#         337       0.01112      8.01      2.00     5   5.6762
#         338       0.01846     15.45      2.00     6   5.6795
#         339       0.01856     15.15      2.00     6   5.6797
#         340       0.01071      5.17      2.00     4   5.6813
#         341       0.01061     10.74      2.00     4   5.6811
#         342       0.01142      8.55      2.00     4   5.6820
#         343       0.01001      4.56      2.00     5   5.6833
#         344       0.01285      4.15      2.00     5   5.6855
#         345       0.00862      4.46      2.00     4   5.6884
#         346       0.00607     22.42      1.00     6   5.6886
#         347       0.00720      4.82      2.00     4   5.6893
#         348       0.00717      4.66      2.00     4   5.6894
#         349       0.00960      4.42      2.00     4   5.6893
#         350       0.00956      4.42      2.00     4   5.6894
#         351       0.00606     23.60      1.00     6   5.6912
#         354       0.00659      4.76      2.00     4   5.6991
#         356       0.01154      7.10      2.00     5   5.7003
#         357       0.01136      5.67      2.00     4   5.7019
#         358       0.01429      6.53      2.00     5   5.7022
#         359       0.01439      5.94      2.00     5   5.7022
#         363       0.01099      6.14      2.00     5   5.7099
#         364       0.01147      5.82      2.00     4   5.7109
#         365       0.01305      4.04      2.00     5   5.7116
#         366       0.01106     14.24      2.00     5   5.7121
#         367       0.01131      5.11      2.00     5   5.7126
#         368       0.01046      7.36      2.00     5   5.7135
#         369       0.01090     10.13      2.00     5   5.7133
#         370       0.01112      6.18      2.00     5   5.7192
#         371       0.01452     12.53      2.00     6   5.7216
#         375       0.01137      8.29      2.00     4   5.7420
#         376       0.01136      5.29      2.00     5   5.7437
#         377       0.01107      6.25      2.00     5   5.7442
#         378       0.00874      4.32      2.00     4   5.7480
#         379       0.00655      4.63      2.00     4   5.7563
#         380       0.01155      6.85      2.00     5   5.7563
#         381       0.01472     12.50      2.00     6   5.7664
#         383       0.01105     13.75      2.00     5   5.7696
#         384       0.01095      9.26      2.00     5   5.7699
#         386       0.01043      6.86      2.00     5   5.7711
#         387       0.01011      5.28      1.00     4   5.7730
#         388       0.01198     11.17      2.00     5   5.7799
#         389       0.01196     10.45      2.00     5   5.7866
#         394       0.01007     14.39      2.00     6   5.7963
#         397       0.01176      4.64      2.00     4   5.7994
#         398       0.01092      5.75      2.00     5   5.8010
#         399       0.02688      9.55      2.00     5   5.8081
#         400       0.01291      5.17      2.00     6   5.8110
#         401       0.01025      5.44      1.00     4   5.8166
#         402       0.01117      5.82      2.00     5   5.8201
#         403       0.00948      5.22      2.00     4   5.8233
#         405       0.01178      4.95      2.00     4   5.8275
#         406       0.01013     14.17      2.00     6   5.8282
#         407       0.00984      7.91      2.00     4   5.8305
#         408       0.01592      8.31      2.00     5   5.8359
#         409       0.01321      4.70      2.00     6   5.8370
#         410       0.01592      7.69      2.00     5   5.8403
#         411       0.01836      5.57      2.00     5   5.8480
#         413       0.01124      4.16      2.00     5   5.8530
#         414       0.01242      8.77      2.00     5   5.8531
#         415       0.00946      5.15      2.00     4   5.8548
#         416       0.00966     15.20      2.00     5   5.8547
#         418       0.00988      8.48      2.00     4   5.8601
#         419       0.00971     13.07      2.00     5   5.8606
#         420       0.00988      6.50      2.00     5   5.8618
#         423       0.02710      9.05      2.00     5   5.8656
#         426       0.01854      6.10      2.00     5   5.8722
#         430       0.01838      5.32      2.00     5   5.8804
#         431       0.01387      5.13      2.00     4   5.8814
#         432       0.02751      4.61      2.00     6   5.8828
#         433       0.02250      6.35      2.00     6   5.8824
#         434       0.02767     11.74      1.00     6   5.8851
#         435       0.00975     13.88      2.00     5   5.8878
#         436       0.00992      6.40      2.00     5   5.8880
#         439       0.00983      4.90      2.00     5   5.8988
#         442       0.01275      7.97      2.00     5   5.9035
#         443       0.00975     15.12      2.00     5   5.9052
#         446       0.01366      8.36      2.00     5   5.9115
#         447       0.01377      5.19      2.00     4   5.9141
#         451       0.01911     17.46      2.00     6   5.9307
#         452       0.01938     16.80      2.00     6   5.9308
#         453       0.01566     10.65      2.00     6   5.9318
#         455       0.01511      8.94      2.00     6   5.9329
#         456       0.01246      8.49      1.00     6   5.9348
#         457       0.01111      7.52      1.00     6   5.9347
#         458       0.00984     11.01      1.00     6   5.9364
#         461       0.00967      4.59      2.00     4   5.9420
#         462       0.01368      8.43      2.00     5   5.9418
#         466       0.01906     28.20      2.00     7   5.9438
#         467       0.01911     28.70      2.00     7   5.9441
#         468       0.02843      4.60      2.00     6   5.9472
#         469       0.02241      5.77      2.00     6   5.9470
#         471       0.02796     10.86      1.00     6   5.9496
#         472       0.00979      7.47      2.00     3   5.9577
#         473       0.00975      5.08      2.00     4   5.9630
#         476       0.01534      5.76      2.00     5   5.9759
#         477       0.01524      5.71      2.00     5   5.9759
#         478       0.01060      4.61      2.00     5   5.9771
#         479       0.01243     11.33      2.00     6   5.9878
#         480       0.01068      4.51      2.00     5   5.9891
#         481       0.01578     10.31      2.00     6   5.9887
#         482       0.01500      8.08      2.00     6   5.9905
#         483       0.01278      7.79      1.00     6   5.9921
#         484       0.01097      7.05      1.00     6   5.9920
#         485       0.00995     10.61      1.00     6   5.9937
#         486       0.01088      6.11      2.00     5   6.0016
#         487       0.00879      5.11      1.00     6   6.0018
#         488       0.01046     13.01      2.00     5   6.0032
#         489       0.00889      5.27      1.00     6   6.0044
#         490       0.00783      5.35      2.00     4   6.0129
#         492       0.00881      5.00      1.00     6   6.0162
#         493       0.01017      7.08      2.00     3   6.0165
#         494       0.00884      4.99      1.00     6   6.0171
#         496       0.01153      5.99      2.00     5   6.0216
#         497       0.01240     11.36      2.00     6   6.0219
#         498       0.01052     14.38      2.00     5   6.0233
#         499       0.00956      6.80      2.00     5   6.0237
#         500       0.05634      6.79      2.00     7   6.0469
#         501       0.03457      6.86      2.00     7   6.0479
#         502       0.00961      7.17      2.00     5   6.0516
#         503       0.00981      8.21      2.00     5   6.0541
#         504       0.01121      8.21      2.00     6   6.0581
#         505       0.01058      6.50      2.00     4   6.0614
#         506       0.01121      8.10      2.00     6   6.0618
#         507       0.01116      7.03      2.00     6   6.0720
#         508       0.01123      7.49      2.00     6   6.0726
#         509       0.05689      6.65      2.00     7   6.0726
#         510       0.03494      6.73      2.00     7   6.0737
#         511       0.00987      8.55      2.00     5   6.0774
#         512       0.01540      5.07      2.00     6   6.0796
#         515       0.01032      5.75      2.00     6   6.0832
#         516       0.01078      9.44      2.00     6   6.0833
#         517       0.01090     20.65      2.00     6   6.0849
#         520       0.01661      5.82      2.00     6   6.0948
#         521       0.01087      9.15      2.00     6   6.0979
#         522       0.01076      6.19      2.00     6   6.1013
#         523       0.01076      6.60      2.00     6   6.1014
#         524       0.01056      7.39      2.00     6   6.1012
#         525       0.01035      8.69      2.00     5   6.1057
#         528       0.01044      5.84      2.00     6   6.1101
#         529       0.01097      9.32      2.00     6   6.1102
#         530       0.01101     21.66      2.00     6   6.1119
#         533       0.01806     13.73      2.00     7   6.1146
#         534       0.01801     13.45      2.00     7   6.1145
#         537       0.01035      5.43      2.00     6   6.1240
#         538       0.01112      6.07      2.00     4   6.1259
#         541       0.01059      7.48      2.00     6   6.1312
#         542       0.01674      5.94      2.00     6   6.1332
#         543       0.00975     12.05      2.00     6   6.1358
#         544       0.01013     15.20      2.00     6   6.1358
#         545       0.00983      5.77      2.00     6   6.1370
#         546       0.01193      6.80      2.00     6   6.1370
#         547       0.00993      7.84      2.00     6   6.1370
#         548       0.00995      6.07      2.00     6   6.1372
#         549       0.01194      6.37      2.00     6   6.1373
#         550       0.00994      5.79      2.00     6   6.1372
#         551       0.01035      8.92      2.00     5   6.1383
#         553       0.01001      5.28      2.00     6   6.1447
#         555       0.01032      4.33      2.00     6   6.1447
#         557       0.07019      6.81      2.00     7   6.1463
#         558       0.03717      6.66      2.00     7   6.1490
#         559       0.01037      5.56      2.00     6   6.1526
#         561       0.04561      7.84      2.00     6   6.1618
#         562       0.01790      5.53      2.00     6   6.1637
#         564       0.00976     12.14      2.00     6   6.1659
#         565       0.01015     15.57      2.00     6   6.1659
#         566       0.00988      5.46      2.00     6   6.1662
#         567       0.00996      7.73      2.00     6   6.1662
#         568       0.00996      6.09      2.00     6   6.1674
#         569       0.00996      5.70      2.00     6   6.1674
#         571       0.00976      8.31      2.00     5   6.1697
#         572       0.01750      4.94      2.00     6   6.1700
#         573       0.01732      6.19      2.00     6   6.1700
#         574       0.00972      7.09      2.00     5   6.1722
#         576       0.01779      4.24      2.00     6   6.1739
#         578       0.00605      9.62      1.00     4   6.1873
#         579       0.07203      6.29      2.00     7   6.2218
#         581       0.02261      6.41      2.00     5   6.2226
#         583       0.01639      5.36      2.00     6   6.2234
#         585       0.03722      6.16      2.00     7   6.2244
#         586       0.01899      5.22      2.00     6   6.2262
#         588       0.01043     12.92      1.00     6   6.2300
#         589       0.00610      9.25      1.00     4   6.2309
#         591       0.01038     11.27      1.00     6   6.2334
#         592       0.01880      6.77      2.00     6   6.2334
#         593       0.01808      5.09      2.00     6   6.2361
#         594       0.01990      6.78      2.00     6   6.2401
#         595       0.01996      6.82      2.00     6   6.2405
#         596       0.01756      4.57      2.00     6   6.2414
#         597       0.01743      5.71      2.00     6   6.2414
#         600       0.00725      4.70      2.00     4   6.2563
#         603       0.01884      6.82      2.00     6   6.2660
#         604       0.01452     39.50      2.00     5   6.2690
#         607       0.01089      5.63      2.00     6   6.2768
#         608       0.00995     15.45      2.00     6   6.2784
#         609       0.00979     11.01      2.00     6   6.2843
#         610       0.00982     12.21      2.00     6   6.2841
#         611       0.00747      4.84      2.00     4   6.2879
#         612       0.02494      5.76      2.00     5   6.2916
#         615       0.01275      4.35      2.00     5   6.2999
#         616       0.01115      5.32      2.00     6   6.2998
#         617       0.01001     16.39      2.00     6   6.3015
#         618       0.00912      4.73      2.00     4   6.3069
#         619       0.01533      4.20      2.00     6   6.3070
#         624       0.01443     37.38      2.00     5   6.3195
#         625       0.02428      5.61      2.00     5   6.3503
#         626       0.01497     44.90      1.00     6   6.3507
#         627       0.00923      4.70      2.00     4   6.3546
#         628       0.01532      9.04      2.00     7   6.3555
#         629       0.01325      9.22      2.00     7   6.3555
#         630       0.02431      5.86      2.00     5   6.3559
#         631       0.01360      5.66      2.00     7   6.3566
#         632       0.00822      9.40      2.00     5   6.3582
#         633       0.01050     11.84      2.00     7   6.3584
#         634       0.01092      9.71      2.00     7   6.3585
#         635       0.01010     25.40      2.00     7   6.3601
#         636       0.01096      6.54      2.00     7   6.3650
#         637       0.01089      6.34      2.00     7   6.3652
#         640       0.01542     12.48      2.00     7   6.3655
#         641       0.01558     11.54      2.00     7   6.3659
#         642       0.01074      9.74      2.00     7   6.3679
#         643       0.01077     10.02      2.00     7   6.3676
#         646       0.01580      9.28      2.00     7   6.3850
#         647       0.01340      9.52      2.00     7   6.3850
#         648       0.01364      6.17      2.00     7   6.3868
#         649       0.01039     11.69      2.00     7   6.3883
#         650       0.00922      8.06      2.00     5   6.3886
#         651       0.02155      6.14      2.00     7   6.3885
#         652       0.01118      9.23      2.00     7   6.3884
#         654       0.01018     25.97      2.00     7   6.3900
#         656       0.04484     12.52      2.00     7   6.3896
#         658       0.02108     10.57      2.00     7   6.3915
#         662       0.02317      5.20      2.00     5   6.4024
#         664       0.01491     41.92      1.00     6   6.4081
#         665       0.01079      5.25      2.00     5   6.4089
#         666       0.01080      4.90      2.00     5   6.4091
#         667       0.01550      6.42      2.00     6   6.4109
#         668       0.01541      6.37      2.00     6   6.4107
#         669       0.02353      5.46      2.00     5   6.4163
#         670       0.00670     17.99      2.00     5   6.4175
#         671       0.02295      5.78      1.00     6   6.4249
#         672       0.01782      4.17      2.00     6   6.4261
#         676       0.02284      5.33      1.00     6   6.4350
#         678       0.00664     18.77      2.00     5   6.4376
#         680       0.00927      7.74      2.00     5   6.4431
#         682       0.00974      6.87      2.00     6   6.4474
#         683       0.00978      7.84      2.00     6   6.4479
#         687       0.02348      7.18      2.00     7   6.4547
#         688       0.02244     16.02      2.00     7   6.4567
#         690       0.02173      5.72      2.00     7   6.4602
#         691       0.04468     11.79      2.00     7   6.4619
#         693       0.02187      9.76      2.00     7   6.4636
#         695       0.02954      7.65      2.00     7   6.4696
#         696       0.01814      5.45      2.00     6   6.4708
#         703       0.02315      6.90      2.00     7   6.4869
#         704       0.02226     15.43      2.00     7   6.4889
#         705       0.00799     11.07      2.00     5   6.4949
#         706       0.00787     10.94      2.00     5   6.4948
#         707       0.03016      7.54      2.00     7   6.4955
#         710       0.00694     39.40      2.00     6   6.4992
#         713       0.01292      4.02      2.00     7   6.5051
#         714       0.01299      4.57      2.00     7   6.5049
#         715       0.01059      5.66      2.00     7   6.5064
#         716       0.01160      6.61      2.00     7   6.5065
#         717       0.01072      5.34      2.00     7   6.5069
#         718       0.01134      6.65      2.00     7   6.5070
#         719       0.00986     22.93      2.00     7   6.5086
#         720       0.00991     25.91      2.00     7   6.5082
#         722       0.02639      6.55      2.00     6   6.5102
#         723       0.01787      5.24      2.00     6   6.5171
#         729       0.01212      4.53      2.00     5   6.5248
#         730       0.00689     40.24      2.00     6   6.5262
#         731       0.01100      6.12      2.00     7   6.5275
#         733       0.01217      4.80      2.00     5   6.5334
#         734       0.02676      6.55      2.00     6   6.5331
#         735       0.01028      5.37      2.00     7   6.5347
#         736       0.01025      5.43      2.00     7   6.5356
#         739       0.01187      5.33      2.00     5   6.5371
#         741       0.03466     10.54      2.00     7   6.5439
#         745       0.03497     10.60      2.00     7   6.5478
#         746       0.01040     12.08      2.00     7   6.5595
#         747       0.01199      5.69      2.00     5   6.5613
#         748       0.01041     12.94      2.00     7   6.5622
#         749       0.03288      8.00      2.00     7   6.5688
#         751       0.00869     13.75      2.00     6   6.5796
#         754       0.01090      5.04      2.00     5   6.5821
#         761       0.00881      6.54      2.00     3   6.6039
#         765       0.01099      4.87      2.00     5   6.6327
#         768       0.00925      6.03      2.00     4   6.6442
#         769       0.03301      7.44      2.00     7   6.6441
#         770       0.00662      9.46      1.00     6   6.6443
#         772       0.02218      5.65      2.00     6   6.6470
#         773       0.00670      8.20      1.00     6   6.6477
#         775       0.02841      5.92      2.00     6   6.6500
#         778       0.00889     12.81      2.00     6   6.6521
#         781       0.03531     11.45      2.00     7   6.6546
#         783       0.02046      4.24      2.00     7   6.6558
#         784       0.02054      7.98      2.00     7   6.6576
#         789       0.01161     11.80      2.00     6   6.6638
#         790       0.01510      4.80      2.00     6   6.6655
#         791       0.02907      6.16      2.00     5   6.6656
#         792       0.02866      5.90      2.00     6   6.6667
#         794       0.01864      5.90      2.00     7   6.6684
#         795       0.01507      4.30      2.00     6   6.6722
#         796       0.01028      6.79      2.00     6   6.6735
#         797       0.01026      6.41      2.00     6   6.6732
#         798       0.01699      9.05      2.00     7   6.6749
#         799       0.01713      9.11      2.00     7   6.6755
#         804       0.02264      5.36      2.00     6   6.6863
#         806       0.01034     32.11      2.00     6   6.6927
#         807       0.01861      5.83      2.00     7   6.7008
#         808       0.01039     32.43      2.00     6   6.7158
#         809       0.03413     10.84      2.00     7   6.7158
#         810       0.02011      4.05      2.00     7   6.7175
#         811       0.02069      7.55      2.00     7   6.7190
#         814       0.01163     11.21      2.00     6   6.7213
#         816       0.01896      7.75      2.00     6   6.7255
#         817       0.01526      8.75      2.00     6   6.7257
#         820       0.02968      8.98      2.00     7   6.7317
#         821       0.01829      5.40      2.00     7   6.7332
#         824       0.02877      6.15      2.00     7   6.7418
#         830       0.03059      9.01      2.00     7   6.7553
#         831       0.01836      5.53      2.00     7   6.7569
#         833       0.02877      6.28      2.00     7   6.7696
#         839       0.01059     76.08      2.00     7   6.7744
#         842       0.01891      7.70      2.00     6   6.7762
#         844       0.01820      6.38      2.00     6   6.7771
#         846       0.01220      5.50      2.00     6   6.7828
#         847       0.01226      5.78      2.00     6   6.7828
#         848       0.01399      4.26      2.00     6   6.7828
#         849       0.01396      4.19      2.00     6   6.7828
#         855       0.01534      8.23      2.00     6   6.7910
#         857       0.01938      4.24      2.00     7   6.7950
#         858       0.01938      4.06      2.00     7   6.7950
#         859       0.02206      6.52      2.00     7   6.7957
#         860       0.02205      6.38      2.00     7   6.7956
#         862       0.02103      4.30      2.00     7   6.7976
#         863       0.02124      4.12      2.00     7   6.7978
#         864       0.00608      4.98      2.00     4   6.8022
#         865       0.00610      5.09      2.00     4   6.8025
#         870       0.01065     75.54      2.00     7   6.8044
#         872       0.01798      4.45      2.00     7   6.8057
#         873       0.02035      4.25      2.00     7   6.8056
#         876       0.02086      6.05      2.00     7   6.8070
#         877       0.01830     11.68      2.00     7   6.8072
#         879       0.02329      8.44      2.00     7   6.8069
#         880       0.01541     21.81      2.00     7   6.8074
#         882       0.01557      4.32      2.00     7   6.8084
#         884       0.00803      6.16      2.00     6   6.8123
#         885       0.01130      9.23      2.00     6   6.8123
#         887       0.01555      4.43      2.00     7   6.8204
#         888       0.00743      5.08      2.00     4   6.8212
#         889       0.01685      4.14      2.00     7   6.8213
#         890       0.00754      5.03      2.00     5   6.8267
#         891       0.00745      4.95      2.00     4   6.8295
#         896       0.01845      6.18      2.00     6   6.8371
#         898       0.00815      6.36      2.00     6   6.8394
#         899       0.01133      9.26      2.00     6   6.8394
#         900       0.00756      4.10      2.00     5   6.8403
#         901       0.00965     10.96      2.00     6   6.8420
#         904       0.00596      4.68      2.00     4   6.8492
#         908       0.01814      4.18      2.00     7   6.8631
#         910       0.02018      4.04      2.00     7   6.8630
#         911       0.02387      7.73      2.00     7   6.8634
#         912       0.02060      5.65      2.00     7   6.8645
#         914       0.01848     11.27      2.00     7   6.8648
#         915       0.01567      4.06      2.00     7   6.8651
#         920       0.01781      6.96      2.00     7   6.8751
#         921       0.00633      4.43      2.00     4   6.8757
#         922       0.01996     11.96      2.00     7   6.8765
#         923       0.00586      4.14      2.00     4   6.8779
#         924       0.01565      4.17      2.00     7   6.8777
#         926       0.01550     20.38      2.00     7   6.8796
#         927       0.01779      6.31      2.00     7   6.8817
#         928       0.00571      7.04      2.00     5   6.8839
#         929       0.01947      9.58      2.00     6   6.8868
#         930       0.01790      4.59      2.00     7   6.8895
#         931       0.00570      7.06      2.00     5   6.8911
#         932       0.01782      4.13      2.00     7   6.8919
#         933       0.00990     10.36      2.00     6   6.9027
#         934       0.01996     12.08      2.00     7   6.9086
#         936       0.01603      6.48      2.00     6   6.9188
#         938       0.01051     35.92      2.00     7   6.9225
#         939       0.01051     32.97      2.00     7   6.9229
#         940       0.01985      5.51      2.00     6   6.9256
#         941       0.01931      9.28      2.00     6   6.9260
#         948       0.01907      9.19      2.00     6   6.9332
#         951       0.02494      7.02      2.00     7   6.9467
#         952       0.01923      4.12      2.00     7   6.9482
#         954       0.02052      4.41      2.00     7   6.9482
#         955       0.01934      9.41      2.00     6   6.9491
#         956       0.01950     12.11      2.00     7   6.9498
#         957       0.01580      6.24      2.00     6   6.9502
#         958       0.02005      5.85      2.00     6   6.9553
#         959       0.02028     10.10      2.00     7   6.9557
#         960       0.02008      4.09      2.00     7   6.9569
#         962       0.00686      9.92      2.00     5   6.9574
#         963       0.01191      5.31      2.00     6   6.9576
#         964       0.01182      4.62      2.00     6   6.9608
#         965       0.01145      4.74      2.00     6   6.9628
#         968       0.00659      4.72      2.00     5   6.9696
#         971       0.01261      5.16      2.00     3   6.9739
#         973       0.02043     10.63      2.00     7   6.9829
#         975       0.02037      4.16      2.00     7   6.9832
#         977       0.01147      4.59      2.00     6   6.9950
#         982       0.02559      6.38      2.00     7   6.9970
#         984       0.01931      4.04      2.00     7   6.9986
#         986       0.02084      4.27      2.00     7   6.9987
#         987       0.01968     12.05      2.00     7   7.0003
#         988       0.02634      7.64      2.00     6   7.0012
#         990       0.01326      5.94      2.00     6   7.0058
#         991       0.01241      4.52      2.00     4   7.0163
#         992       0.00676      8.79      2.00     5   7.0179
#         994       0.01331      6.01      2.00     6   7.0290
#         995       0.01404      7.11      2.00     5   7.0532
#         996       0.01283      5.08      2.00     3   7.0543
#         997       0.02640      8.78      2.00     6   7.0550
#         999       0.02641      7.05      2.00     6   7.0572
#        1000       0.02282      9.39      2.00     6   7.0629
#        1001       0.03438      5.29      2.00     7   7.0641
#        1002       0.01217      6.79      2.00     6   7.0659
#        1003       0.02217      4.93      2.00     7   7.0694
#        1004       0.02216      4.84      2.00     7   7.0694
#        1005       0.01508     17.38      2.00     7   7.0735
#        1008       0.01270      4.55      2.00     4   7.0807
#        1009       0.00598      5.20      2.00     5   7.0807
#        1010       0.01210      6.96      2.00     6   7.0827
#        1011       0.01384     15.57      2.00     7   7.0875
#        1013       0.02134     10.46      2.00     7   7.0983
#        1014       0.02313      8.96      2.00     6   7.1022
#        1015       0.01408      6.55      2.00     5   7.1120
#        1019       0.00914      8.90      2.00     7   7.1176
#        1020       0.01377     15.40      2.00     7   7.1176
#        1021       0.02147     11.46      2.00     7   7.1185
#        1022       0.01577      5.55      2.00     7   7.1188
#        1023       0.01605      6.33      2.00     7   7.1205
#        1026       0.01499     16.37      2.00     7   7.1351
#        1029       0.01265      6.18      2.00     6   7.1398
#        1030       0.01886      9.61      2.00     6   7.1398
#        1031       0.02326      6.44      2.00     6   7.1411
#        1032       0.01265      5.33      2.00     6   7.1411
#        1033       0.03570      4.96      2.00     7   7.1435
#        1036       0.01578      5.82      2.00     7   7.1468
#        1037       0.01229     15.50      2.00     7   7.1476
#        1038       0.01420      6.99      2.00     6   7.1569
#        1039       0.01239     10.01      2.00     7   7.1577
#        1040       0.00609     10.34      2.00     6   7.1591
#        1041       0.00602     10.42      2.00     6   7.1692
#        1042       0.01223     15.58      2.00     7   7.1713
#        1043       0.01789      6.65      2.00     7   7.1725
#        1044       0.03233      4.80      2.00     7   7.1770
#        1047       0.01241     10.18      2.00     7   7.1857
#        1048       0.01739      8.86      2.00     7   7.1861
#        1049       0.01260      5.93      2.00     6   7.1906
#        1050       0.01884      9.41      2.00     6   7.1906
#        1051       0.01265      4.98      2.00     6   7.1908
#        1052       0.01964      9.19      2.00     6   7.1914
#        1053       0.01626      5.89      2.00     7   7.1928
#        1054       0.00901      6.50      2.00     6   7.1979
#        1055       0.00699      8.68      2.00     6   7.2085
#        1056       0.00725      5.18      2.00     6   7.2085
#        1057       0.01323     12.79      2.00     7   7.2097
#        1058       0.01235     10.28      2.00     7   7.2146
#        1059       0.01708      8.57      2.00     7   7.2179
#        1060       0.01433      6.38      2.00     6   7.2214
#        1061       0.01915     13.71      2.00     7   7.2215
#        1062       0.01916     16.60      2.00     7   7.2215
#        1063       0.02334     11.85      2.00     7   7.2228
#        1064       0.02107     11.33      2.00     7   7.2230
#        1065       0.02143      9.51      2.00     7   7.2230
#        1066       0.02352     13.37      2.00     7   7.2228
#        1067       0.01277      7.18      2.00     7   7.2357
#        1068       0.01279      6.51      2.00     7   7.2360
#        1069       0.03151      4.45      2.00     7   7.2419
#        1070       0.01964      8.78      2.00     6   7.2514
#        1071       0.00908      6.17      2.00     6   7.2575
#        1072       0.02088      6.64      2.00     7   7.2649
#        1073       0.00692      8.25      2.00     6   7.2658
#        1075       0.01346     11.98      2.00     7   7.2658
#        1076       0.02076      5.78      2.00     7   7.2673
#        1077       0.01234      9.74      2.00     7   7.2724
#        1078       0.01916     13.03      2.00     7   7.2791
#        1079       0.01916     15.82      2.00     7   7.2791
#        1080       0.02363     10.98      2.00     7   7.2794
#        1081       0.02382     12.28      2.00     7   7.2794
#        1082       0.02028     10.61      2.00     7   7.2806
#        1083       0.02062      8.87      2.00     7   7.2806
#        1084       0.01668      6.62      2.00     6   7.2824
#        1085       0.01062      5.24      2.00     6   7.2883
#        1086       0.01211      9.62      2.00     7   7.2894
#        1087       0.01220      8.80      2.00     7   7.2961
#        1088       0.01227      5.63      2.00     7   7.3039
#        1089       0.01229      5.07      2.00     7   7.3062
#        1090       0.01058      5.48      2.00     6   7.3087
#        1091       0.01687      6.55      2.00     6   7.3261
#        1093       0.01240      5.81      2.00     6   7.3517
#        1094       0.01591      7.27      2.00     7   7.3538
#        1095       0.01806      9.83      2.00     7   7.3595
#        1096       0.01588      7.34      2.00     7   7.3607
#        1097       0.02668      5.76      2.00     7   7.3625
#        1098       0.03118     11.92      2.00     7   7.3626
#        1099       0.01279      8.43      2.00     7   7.3625
#        1100       0.01432      8.86      2.00     7   7.3626
#        1101       0.01126      9.98      2.00     7   7.3641
#        1102       0.01801     17.80      2.00     7   7.3641
#        1103       0.01071     12.59      2.00     7   7.3700
#        1104       0.01446      5.43      2.00     7   7.3700
#        1107       0.01251      5.76      2.00     6   7.3834
#        1108       0.01606      6.98      2.00     7   7.3850
#        1109       0.01603      5.09      2.00     7   7.3867
#        1110       0.01194      4.51      2.00     6   7.3958
#        1111       0.01068     13.03      2.00     7   7.3972
#        1112       0.01453      5.67      2.00     7   7.3972
#        1114       0.01874      9.32      2.00     7   7.4097
#        1115       0.01612      7.06      2.00     7   7.4114
#        1116       0.03370     10.92      2.00     7   7.4130
#        1117       0.01263      8.01      2.00     7   7.4129
#        1118       0.01469      8.29      2.00     7   7.4130
#        1119       0.01137      9.59      2.00     7   7.4147
#        1120       0.01817     17.47      2.00     7   7.4147
#        1121       0.01217      4.23      2.00     6   7.4282
#        1122       0.01589      4.74      2.00     7   7.4483
#        1124       0.01387      5.88      2.00     7   7.4838
#        1127       0.01474      8.64      2.00     7   7.5126
#        1128       0.01833      5.64      2.00     7   7.5126
#        1129       0.01397      5.84      2.00     7   7.5154
#        1130       0.01393      5.14      2.00     7   7.5185
#        1131       0.01461      9.06      2.00     7   7.5328
#        1132       0.01830      6.11      2.00     7   7.5328
#        1133       0.01043      7.66      2.00     7   7.5332
#        1134       0.01506      4.66      2.00     7   7.5347
#        1135       0.01402      5.81      2.00     7   7.5383
#        1137       0.01040      7.95      2.00     7   7.5611
#        1138       0.01507      4.54      2.00     7   7.5924
#        1140       0.01182      7.96      2.00     7   7.6191
#        1141       0.01466      5.16      2.00     7   7.6323
#        1143       0.01197      7.71      2.00     7   7.6511
#        1144       0.01486      5.55      2.00     7   7.6564
#        1146       0.01052      4.35      2.00     7   7.6832
#        1147       0.01432      4.55      2.00     5   7.6974
#        1148       0.01435      4.65      2.00     5   7.6974
#        1149       0.01058      4.59      2.00     7   7.7105
#        1150       0.01454      5.08      2.00     6   7.7377
#        1151       0.01454      5.17      2.00     6   7.7377
#        1154       0.01038      4.61      2.00     6   7.7714
#        1155       0.02353     50.94      2.00     7   7.7785
#        1156       0.01059      4.71      2.00     6   7.7926
#        1157       0.01185      4.28      2.00     6   7.7985
#        1158       0.01187      4.20      2.00     6   7.7989
#        1159       0.00994      5.03      2.00     6   7.8164
#        1160       0.02339     48.21      2.00     7   7.8290
#        1161       0.01530      4.29      2.00     7   7.8460
#        1162       0.00999      4.77      2.00     6   7.8641
#        1165       0.00993      8.65      2.00     7   7.8981
#        1166       0.00874      8.17      2.00     6   7.9158
#        1167       0.00872      8.23      2.00     6   7.9226
#        1168       0.00932     10.11      2.00     6   7.9267
#        1169       0.01102     21.84      2.00     7   7.9269
#        1170       0.00895      9.77      2.00     6   7.9472
#        1171       0.01093     22.57      2.00     7   7.9471
#        1172       0.00998      7.81      2.00     7   7.9526
#        1173       0.01250      4.64      2.00     7   7.9790
#        1174       0.01255      4.64      2.00     7   7.9862
#        1175       0.00921     23.96      2.00     7   8.0043
#        1176       0.01049      6.57      2.00     7   8.0466
#        1180       0.01137      4.13      2.00     7   8.0631
#        1181       0.01136      4.23      2.00     7   8.0631
#        1184       0.01071      6.62      2.00     7   8.0708
#        1185       0.01082      5.60      2.00     7   8.0916
#        1189       0.00825      5.19      2.00     7   8.1224
#        1190       0.01085      5.16      2.00     7   8.1422
#        1193       0.00835      4.87      2.00     7   8.1528
#        1196       0.01225      5.21      2.00     6   8.2242
#        1197       0.01245      5.00      2.00     6   8.3243
#        1198       0.01569     13.41      2.00     7   8.4669
#        1199       0.01502     12.00      2.00     7   8.5274
#        1201       0.01368      5.38      2.00     7   8.6353
#        1202       0.01315      4.84      2.00     7   8.7166
#        1205       0.01960      5.49      2.00     7   8.7909
#   822/1075 paths used
#  xsedge+50, used to normalize mu           1.0000E+00
#  -----------------------------------------------------------------------
#  omega    e    k    mu    mu0     chi     @#
    9726.114   -204.525  -7.200 -2.78056E-06 -2.71843E-06  1.06480E-05
    9728.847   -201.791  -7.150 -6.11383E-06 -6.03872E-06  1.09660E-05
    9731.562   -199.077  -7.100 -9.44710E-06 -9.35901E-06  1.11820E-05
    9734.258   -196.381  -7.050 -1.27804E-05 -1.26793E-05  1.13369E-05
    9736.934   -193.704  -7.000 -1.61137E-05 -1.59996E-05  1.15157E-05
    9739.592   -191.047  -6.950 -1.94469E-05 -1.93199E-05  1.17912E-05
    9742.230   -188.409  -6.900 -2.27802E-05 -2.26402E-05  1.21737E-05
    9744.849   -185.789  -6.850 -2.60445E-05 -2.58770E-05  1.26688E-05
    9747.450   -183.189  -6.800 -2.92308E-05 -2.90195E-05  1.32050E-05
    9750.031   -180.608  -6.750 -3.24171E-05 -3.21619E-05  1.36538E-05
    9752.593   -178.045  -6.700 -3.56033E-05 -3.53043E-05  1.40160E-05
    9755.136   -175.502  -6.650 -3.87896E-05 -3.84468E-05  1.43506E-05
    9757.660   -172.978  -6.600 -4.19759E-05 -4.15892E-05  1.47399E-05
    9760.165   -170.473  -6.550 -4.51621E-05 -4.47316E-05  1.52391E-05
    9762.651   -167.987  -6.500 -4.83484E-05 -4.78741E-05  1.58420E-05
    9765.118   -165.520  -6.450 -5.15041E-05 -5.08996E-05  1.66204E-05
    9767.566   -163.072  -6.400 -5.46400E-05 -5.38495E-05  1.74551E-05
    9769.995   -160.643  -6.350 -5.77760E-05 -5.67994E-05  1.82085E-05
    9772.405   -158.233  -6.300 -6.09119E-05 -5.97493E-05  1.88815E-05
    9774.796   -155.843  -6.250 -6.40479E-05 -6.26992E-05  1.95281E-05
    9777.168   -153.471  -6.200 -6.71838E-05 -6.56491E-05  2.02274E-05
    9779.520   -151.118  -6.150 -7.03198E-05 -6.85990E-05  2.10407E-05
    9781.854   -148.785  -6.100 -7.34557E-05 -7.15489E-05  2.19775E-05
    9784.168   -146.470  -6.050 -7.67960E-05 -7.44500E-05  2.31832E-05
    9786.464   -144.175  -6.000 -8.07971E-05 -7.71934E-05  2.50436E-05
    9788.740   -141.898  -5.950 -8.47982E-05 -7.99368E-05  2.68784E-05
    9790.998   -139.641  -5.900 -8.87992E-05 -8.26801E-05  2.86593E-05
    9793.236   -137.402  -5.850 -9.28003E-05 -8.54235E-05  3.04104E-05
    9795.455   -135.183  -5.800 -9.68014E-05 -8.81669E-05  3.22001E-05
    9797.656   -132.983  -5.750 -1.00802E-04 -9.09103E-05  3.41092E-05
    9799.837   -130.802  -5.700 -1.04804E-04 -9.36536E-05  3.61926E-05
    9801.999   -128.639  -5.650 -1.08805E-04 -9.63970E-05  3.84500E-05
    9804.142   -126.496  -5.600 -1.26910E-04 -9.90859E-05  4.38530E-05
    9806.266   -124.372  -5.550 -1.88968E-04 -1.01605E-04  5.95242E-05
    9808.371   -122.267  -5.500 -2.51025E-04 -1.04124E-04  7.64006E-05
    9810.457   -120.181  -5.450 -3.13083E-04 -1.06644E-04  9.43963E-05
    9812.524   -118.114  -5.400 -3.75140E-04 -1.09163E-04  1.13491E-04
    9814.572   -116.066  -5.350 -4.37198E-04 -1.11682E-04  1.33729E-04
    9816.601   -114.038  -5.300 -4.99256E-04 -1.14202E-04  1.55189E-04
    9818.611   -112.028  -5.250 -5.61313E-04 -1.16721E-04  1.77926E-04
    9820.601   -110.037  -5.200 -6.23371E-04 -1.19240E-04  2.01921E-04
    9822.573   -108.066  -5.150 -6.85429E-04 -1.21759E-04  2.27055E-04
    9824.526   -106.113  -5.100 -7.05932E-04 -1.24164E-04  2.30194E-04
    9826.459   -104.179  -5.050 -6.78300E-04 -1.26436E-04  2.06387E-04
    9828.374   -102.265  -5.000 -6.50669E-04 -1.28708E-04  1.81785E-04
    9830.269   -100.369  -4.950 -6.23038E-04 -1.30980E-04  1.56442E-04
    9832.146    -98.493  -4.900 -5.95406E-04 -1.33252E-04  1.30451E-04
    9834.003    -96.636  -4.850 -5.67775E-04 -1.35524E-04  1.03943E-04
    9835.841    -94.797  -4.800 -5.40143E-04 -1.37796E-04  7.70666E-05
    9837.661    -92.978  -4.750 -5.12512E-04 -1.40068E-04  4.99655E-05
    9839.461    -91.178  -4.700 -4.84881E-04 -1.42340E-04  2.27595E-05
    9841.242    -89.397  -4.650 -4.57249E-04 -1.44612E-04 -4.47140E-06
    9843.004    -87.634  -4.600 -4.29618E-04 -1.46884E-04 -3.16904E-05
    9844.747    -85.891  -4.550 -4.12175E-04 -1.48975E-04 -4.01298E-05
    9846.471    -84.167  -4.500 -4.00316E-04 -1.50966E-04 -3.77631E-05
    9848.176    -82.462  -4.450 -3.88457E-04 -1.52958E-04 -3.48698E-05
    9849.862    -80.777  -4.400 -3.76598E-04 -1.54949E-04 -3.15627E-05
    9851.529    -79.110  -4.350 -3.64740E-04 -1.56941E-04 -2.79088E-05
    9853.177    -77.462  -4.300 -3.52881E-04 -1.58932E-04 -2.39002E-05
    9854.805    -75.833  -4.250 -3.41022E-04 -1.60924E-04 -1.94453E-05
    9856.415    -74.223  -4.200 -3.29163E-04 -1.62915E-04 -1.43878E-05
    9858.006    -72.633  -4.150 -3.17304E-04 -1.64907E-04 -8.54745E-06
    9859.577    -71.061  -4.100 -3.05445E-04 -1.66898E-04 -1.77416E-06
    9861.130    -69.508  -4.050 -2.93586E-04 -1.68890E-04  6.00198E-06
    9862.664    -67.975  -4.000 -2.81728E-04 -1.70881E-04  1.47401E-05
    9864.178    -66.460  -3.950 -2.74832E-04 -1.72750E-04  1.86990E-04
    9865.673    -64.965  -3.900 -2.76470E-04 -1.74407E-04  6.65213E-04
    9867.150    -63.489  -3.850 -2.78108E-04 -1.76064E-04  1.09612E-03
    9868.607    -62.031  -3.800 -2.79745E-04 -1.77722E-04  1.36955E-03
    9870.045    -60.593  -3.750 -2.81383E-04 -1.79379E-04  1.39597E-03
    9871.465    -59.174  -3.700 -2.83021E-04 -1.81036E-04  1.13036E-03
    9872.865    -57.774  -3.650 -2.84659E-04 -1.82693E-04  5.88067E-04
    9874.246    -56.393  -3.600 -2.86297E-04 -1.84350E-04 -1.51743E-04
    9875.608    -55.031  -3.550 -2.87935E-04 -1.86007E-04 -9.56724E-04
    9876.951    -53.688  -3.500 -2.89572E-04 -1.87665E-04 -1.66500E-03
    9878.275    -52.364  -3.450 -2.91210E-04 -1.89322E-04 -2.11755E-03
    9879.580    -51.059  -3.400 -2.92848E-04 -1.90979E-04 -2.19286E-03
    9880.866    -49.773  -3.350 -2.94486E-04 -1.92636E-04 -1.83646E-03
    9882.133    -48.506  -3.300 -2.96124E-04 -1.94293E-04 -1.07865E-03
    9883.380    -47.258  -3.250 -2.97761E-04 -1.95950E-04 -3.55382E-05
    9884.609    -46.029  -3.200 -3.00641E-04 -1.97242E-04  1.18680E-03
    9885.819    -44.820  -3.150 -3.03824E-04 -1.98444E-04  2.91749E-03
    9887.009    -43.629  -3.100 -3.07007E-04 -1.99647E-04  4.88097E-03
    9888.181    -42.458  -3.050 -3.10190E-04 -2.00849E-04  6.66474E-03
    9889.333    -41.305  -3.000 -3.13372E-04 -2.02051E-04  7.83740E-03
    9890.467    -40.172  -2.950 -3.16555E-04 -2.03254E-04  8.02422E-03
    9891.581    -39.057  -2.900 -3.19738E-04 -2.04456E-04  6.97555E-03
    9892.677    -37.962  -2.850 -3.22921E-04 -2.05658E-04  4.61790E-03
    9893.753    -36.885  -2.800 -3.26104E-04 -2.06861E-04  1.08130E-03
    9894.810    -35.828  -2.750 -3.29287E-04 -2.08063E-04 -3.30104E-03
    9895.849    -34.790  -2.700 -3.32470E-04 -2.09265E-04 -8.02119E-03
    9896.868    -33.771  -2.650 -3.35653E-04 -2.10467E-04 -1.24518E-02
    9897.868    -32.771  -2.600 -3.38836E-04 -2.11670E-04 -1.59240E-02
    9898.849    -31.790  -2.550 -3.42019E-04 -2.12872E-04 -1.78196E-02
    9899.811    -30.828  -2.500 -3.45202E-04 -2.14074E-04 -1.76684E-02
    9900.754    -29.885  -2.450 -3.48385E-04 -2.15277E-04 -1.52340E-02
    9901.678    -28.961  -2.400 -3.51568E-04 -2.16479E-04 -1.05745E-02
    9902.583    -28.056  -2.350 -3.54750E-04 -2.17681E-04 -4.06425E-03
    9903.469    -27.170  -2.300 -3.57933E-04 -2.18883E-04  3.63073E-03
    9904.335    -26.303  -2.250 -3.56747E-04 -2.19607E-04  1.23518E+00
    9905.183    -25.456  -2.200 -3.54620E-04 -2.20228E-04  2.49285E+00
    9906.012    -24.627  -2.150 -3.52493E-04 -2.20849E-04  2.26303E+00
    9906.821    -23.817  -2.100 -3.50366E-04 -2.21470E-04  1.80853E-01
    9907.612    -23.027  -2.050 -3.48240E-04 -2.22091E-04 -2.92828E+00
    9908.383    -22.255  -2.000 -3.46113E-04 -2.22712E-04 -5.57971E+00
    9909.136    -21.503  -1.950 -3.43986E-04 -2.23332E-04 -6.51994E+00
    9909.869    -20.769  -1.900 -3.41859E-04 -2.23953E-04 -5.37822E+00
    9910.584    -20.055  -1.850 -3.39733E-04 -2.24574E-04 -2.72279E+00
    9911.279    -19.360  -1.800 -3.37606E-04 -2.25195E-04  3.91951E-01
    9911.955    -18.683  -1.750 -3.35479E-04 -2.25816E-04  3.00349E+00
    9912.612    -18.026  -1.700 -3.33353E-04 -2.26437E-04  4.58736E+00
    9913.251    -17.388  -1.650 -3.31226E-04 -2.27058E-04  5.06966E+00
    9913.870    -16.769  -1.600 -3.25645E-04 -2.27526E-04  6.77660E+00
    9914.470    -16.169  -1.550 -3.13821E-04 -2.27716E-04 -2.07211E+01
    9915.051    -15.588  -1.500 -3.00631E-04 -2.27825E-04  4.77216E+00
    9915.613    -15.026  -1.450 -2.86612E-04 -2.27845E-04  8.43311E+00
    9916.156    -14.483  -1.400 -2.72777E-04 -2.27767E-04  5.76824E+00
    9916.680    -13.959  -1.350 -2.60919E-04 -2.27580E-04  4.49097E+00
    9917.184    -13.454  -1.300 -2.54020E-04 -2.27271E-04  4.16999E+00
    9917.670    -12.968  -1.250 -2.55743E-04 -2.26824E-04  2.67396E+00
    9918.137    -12.502  -1.200 -2.67600E-04 -2.26223E-04 -1.20374E+00
    9918.585    -12.054  -1.150 -2.88385E-04 -2.25443E-04 -5.02195E+00
    9919.013    -11.625  -1.100 -3.15963E-04 -2.24462E-04 -6.87567E+00
    9919.423    -11.216  -1.050 -3.48363E-04 -2.23245E-04 -5.35382E+00
    9919.813    -10.825  -1.000 -3.83555E-04 -2.21754E-04 -9.12257E-01
    9920.185    -10.454  -0.950 -4.19546E-04 -2.19943E-04  3.43332E+00
    9920.537    -10.101  -0.900 -4.54581E-04 -2.17760E-04  5.14910E+00
    9920.871     -9.768  -0.850 -4.87240E-04 -2.15131E-04  4.46278E+00
    9921.185     -9.454  -0.800 -5.16524E-04 -2.11983E-04  2.99719E+00
    9921.480     -9.158  -0.750 -5.41804E-04 -2.08221E-04  1.81970E+00
    9921.756     -8.882  -0.700 -5.62795E-04 -2.03742E-04  8.94015E-01
    9922.014     -8.625  -0.650 -5.79499E-04 -1.98443E-04 -1.81989E-01
    9922.252     -8.387  -0.600 -5.91894E-04 -1.92191E-04 -1.47087E+00
    9922.471     -8.168  -0.550 -6.00333E-04 -1.84937E-04 -2.71719E+00
    9922.671     -7.968  -0.500 -6.05167E-04 -1.76677E-04 -3.62389E+00
    9922.852     -7.787  -0.450 -6.06841E-04 -1.67527E-04 -4.06727E+00
    9923.014     -7.625  -0.400 -6.05961E-04 -1.57747E-04 -4.09055E+00
    9923.157     -7.482  -0.350 -6.03115E-04 -1.47768E-04 -3.82449E+00
    9923.280     -7.358  -0.300 -5.99228E-04 -1.38131E-04 -3.40802E+00
    9923.385     -7.253  -0.250 -5.95006E-04 -1.29368E-04 -2.95205E+00
    9923.471     -7.168  -0.200 -5.91060E-04 -1.21976E-04 -2.53499E+00
    9923.538     -7.101  -0.150 -5.69848E-04 -9.82421E-05 -2.19636E+00
    9923.585     -7.053  -0.100 -4.93329E-04 -2.05737E-05 -2.02880E+00
    9923.614     -7.025  -0.050 -4.16810E-04  5.70947E-05 -1.85907E+00
    9923.623     -7.015   0.000 -3.40291E-04  1.34763E-04 -1.68784E+00
    9923.633     -7.006   0.050 -2.91816E-04  1.38739E-04 -1.52642E+00
    9923.661     -6.977   0.100 -2.43438E-04  1.42370E-04 -1.36482E+00
    9923.709     -6.929   0.150 -1.94961E-04  1.46000E-04 -1.20357E+00
    9923.776     -6.863   0.200 -9.64893E-05  1.52816E-04 -8.76348E-01
    9923.861     -6.777   0.250  2.86775E-05  1.61279E-04 -4.63670E-01
    9923.966     -6.672   0.300  1.73777E-04  1.71027E-04  9.55739E-03
    9924.090     -6.548   0.350  3.26142E-04  1.81670E-04  4.98844E-01
    9924.233     -6.406   0.400  4.69833E-04  1.92715E-04  9.50417E-01
    9924.395     -6.244   0.450  5.87536E-04  2.03638E-04  1.30779E+00
    9924.576     -6.063   0.500  6.60463E-04  2.13997E-04  1.51124E+00
    9924.776     -5.863   0.550  6.76200E-04  2.23504E-04  1.52344E+00
    9924.995     -5.644   0.600  6.30968E-04  2.31997E-04  1.33592E+00
    9925.233     -5.405   0.650  5.31988E-04  2.39434E-04  9.75677E-01
    9925.490     -5.148   0.700  3.96762E-04  2.45804E-04  5.02060E-01
    9925.766     -4.872   0.750  2.49998E-04  2.51183E-04 -3.93592E-03
    9926.062     -4.577   0.800  1.17780E-04  2.55634E-04 -4.57756E-01
    9926.376     -4.263   0.850  2.16650E-05  2.59215E-04 -7.89875E-01
    9926.709     -3.929   0.900 -2.45733E-05  2.61999E-04 -9.55585E-01
    9927.062     -3.577   0.950 -2.04886E-05  2.64033E-04 -9.52795E-01
    9927.433     -3.205   1.000  2.73712E-05  2.65395E-04 -8.01616E-01
    9927.824     -2.815   1.050  1.04276E-04  2.66130E-04 -5.48907E-01
    9928.233     -2.405   1.100  1.92430E-04  2.66303E-04 -2.52593E-01
    9928.662     -1.977   1.150  2.75231E-04  2.65971E-04  3.19590E-02
    9929.110     -1.529   1.200  3.39888E-04  2.65198E-04  2.60451E-01
    9929.576     -1.062   1.250  3.79920E-04  2.64037E-04  4.08638E-01
    9930.062     -0.576   1.300  3.94413E-04  2.62541E-04  4.70588E-01
    9930.567     -0.072   1.350  3.87466E-04  2.60765E-04  4.57837E-01
    9931.091      0.452   1.400  3.66209E-04  2.58762E-04  3.93362E-01
    9931.634      0.995   1.450  3.38668E-04  2.56574E-04  3.04606E-01
    9932.196      1.557   1.500  3.11880E-04  2.54242E-04  2.16800E-01
    9932.777      2.138   1.550  2.90506E-04  2.51805E-04  1.47602E-01
    9933.377      2.738   1.600  2.76448E-04  2.49300E-04  1.04990E-01
    9933.996      3.357   1.650  2.69064E-04  2.46758E-04  8.74713E-02
    9934.634      3.996   1.700  2.66098E-04  2.44204E-04  8.70468E-02
    9935.291      4.653   1.750  2.64816E-04  2.41662E-04  9.33240E-02
    9935.968      5.329   1.800  2.63046E-04  2.39148E-04  9.76157E-02
    9936.663      6.024   1.850  2.59778E-04  2.36683E-04  9.55752E-02
    9937.377      6.739   1.900  2.55110E-04  2.34275E-04  8.73271E-02
    9938.111      7.472   1.950  2.49890E-04  2.31940E-04  7.61618E-02
    9938.863      8.225   2.000  2.44970E-04  2.29683E-04  6.56352E-02
    9939.635      8.996   2.050  2.41104E-04  2.27486E-04  5.91358E-02
    9940.425      9.787   2.100  2.38328E-04  2.25296E-04  5.72444E-02
    9941.235     10.596   2.150  2.36316E-04  2.23116E-04  5.86694E-02
    9942.064     11.425   2.200  2.34674E-04  2.21015E-04  6.14309E-02
    9942.911     12.273   2.250  2.33654E-04  2.19625E-04  6.37978E-02
    9943.778     13.140   2.300  2.33234E-04  2.19212E-04  6.42655E-02
    9944.664     14.025   2.350  2.33099E-04  2.19567E-04  6.22929E-02
    9945.569     14.930   2.400  2.33280E-04  2.20623E-04  5.83902E-02
    9946.493     15.854   2.450  2.33640E-04  2.21693E-04  5.51728E-02
    9947.436     16.797   2.500  2.33033E-04  2.21936E-04  5.13244E-02
    9948.398     17.759   2.550  2.31567E-04  2.21748E-04  4.55390E-02
    9949.379     18.740   2.600  2.29286E-04  2.21360E-04  3.68770E-02
    9950.379     19.740   2.650  2.26246E-04  2.20879E-04  2.50397E-02
    9951.398     20.760   2.700  2.22569E-04  2.20370E-04  1.02865E-02
    9952.436     21.798   2.750  2.18432E-04  2.19874E-04 -6.76441E-03
    9953.494     22.855   2.800  2.14055E-04  2.19422E-04 -2.52047E-02
    9954.570     23.931   2.850  2.09709E-04  2.19050E-04 -4.38996E-02
    9955.665     25.027   2.900  2.05645E-04  2.18772E-04 -6.16924E-02
    9956.780     26.141   2.950  2.02020E-04  2.18555E-04 -7.76652E-02
    9957.913     27.275   3.000  1.98987E-04  2.18387E-04 -9.10369E-02
    9959.066     28.427   3.050  1.96672E-04  2.18281E-04 -1.01267E-01
    9960.237     29.599   3.100  1.95141E-04  2.18225E-04 -1.08001E-01
    9961.428     30.789   3.150  1.94445E-04  2.18228E-04 -1.11054E-01
    9962.638     31.999   3.200  1.94604E-04  2.18274E-04 -1.10284E-01
    9963.866     33.228   3.250  1.95630E-04  2.18364E-04 -1.05667E-01
    9965.114     34.476   3.300  1.97525E-04  2.18508E-04 -9.72755E-02
    9966.381     35.742   3.350  2.00236E-04  2.18688E-04 -8.53051E-02
    9967.667     37.028   3.400  2.03673E-04  2.18907E-04 -7.02206E-02
    9968.972     38.333   3.450  2.07704E-04  2.19170E-04 -5.26908E-02
    9970.296     39.657   3.500  2.12113E-04  2.19455E-04 -3.36347E-02
    9971.639     41.000   3.550  2.16699E-04  2.19779E-04 -1.40686E-02
    9973.001     42.362   3.600  2.21220E-04  2.20124E-04  4.98932E-03
    9974.382     43.743   3.650  2.25481E-04  2.20486E-04  2.26652E-02
    9975.782     45.143   3.700  2.29341E-04  2.20870E-04  3.83128E-02
    9977.201     46.563   3.750  2.32706E-04  2.21265E-04  5.15846E-02
    9978.639     48.001   3.800  2.35547E-04  2.21670E-04  6.23698E-02
    9980.097     49.458   3.850  2.37862E-04  2.22076E-04  7.07335E-02
    9981.573     50.935   3.900  2.39676E-04  2.22489E-04  7.67899E-02
    9983.069     52.430   3.950  2.41005E-04  2.22899E-04  8.06735E-02
    9984.583     53.945   4.000  2.41851E-04  2.23299E-04  8.24388E-02
    9986.117     55.478   4.050  2.42206E-04  2.23686E-04  8.20899E-02
    9987.669     57.031   4.100  2.42054E-04  2.24063E-04  7.95557E-02
    9989.241     58.602   4.150  2.41365E-04  2.24418E-04  7.47752E-02
    9990.831     60.193   4.200  2.40133E-04  2.24753E-04  6.77286E-02
    9992.441     61.803   4.250  2.38372E-04  2.25068E-04  5.84775E-02
    9994.070     63.431   4.300  2.36105E-04  2.25345E-04  4.72236E-02
    9995.718     65.079   4.350  2.33433E-04  2.25608E-04  3.42917E-02
    9997.385     66.746   4.400  2.30429E-04  2.25828E-04  2.01431E-02
    9999.071     68.432   4.450  2.27244E-04  2.26023E-04  5.34052E-03
   10000.776     70.137   4.500  2.24008E-04  2.26181E-04 -9.49139E-03
   10002.500     71.861   4.550  2.20880E-04  2.26304E-04 -2.36847E-02
   10004.243     73.604   4.600  2.18008E-04  2.26396E-04 -3.66128E-02
   10006.005     75.366   4.650  2.15515E-04  2.26447E-04 -4.77024E-02
   10007.786     77.147   4.700  2.13522E-04  2.26471E-04 -5.65002E-02
   10009.586     78.948   4.750  2.12091E-04  2.26458E-04 -6.26973E-02
   10011.405     80.767   4.800  2.11259E-04  2.26411E-04 -6.61456E-02
   10013.244     82.605   4.850  2.11028E-04  2.26339E-04 -6.68664E-02
   10015.101     84.463   4.900  2.11345E-04  2.26231E-04 -6.50414E-02
   10016.977     86.339   4.950  2.12159E-04  2.26102E-04 -6.09662E-02
   10018.873     88.234   5.000  2.13369E-04  2.25943E-04 -5.50226E-02
   10020.787     90.149   5.050  2.14887E-04  2.25764E-04 -4.76376E-02
   10022.721     92.082   5.100  2.16619E-04  2.25565E-04 -3.92156E-02
   10024.674     94.035   5.150  2.18479E-04  2.25347E-04 -3.01351E-02
   10026.645     96.007   5.200  2.20402E-04  2.25117E-04 -2.07164E-02
   10028.636     97.997   5.250  2.22326E-04  2.24876E-04 -1.12141E-02
   10030.646    100.007   5.300  2.24208E-04  2.24626E-04 -1.83904E-03
   10032.675    102.036   5.350  2.26008E-04  2.24367E-04  7.23336E-03
   10034.722    104.084   5.400  2.27696E-04  2.24106E-04  1.58391E-02
   10036.789    106.151   5.450  2.29235E-04  2.23847E-04  2.38007E-02
   10038.875    108.237   5.500  2.30579E-04  2.23587E-04  3.09176E-02
   10040.980    110.342   5.550  2.31681E-04  2.23331E-04  3.69635E-02
   10043.104    112.466   5.600  2.32491E-04  2.23081E-04  4.16925E-02
   10045.248    114.609   5.650  2.32956E-04  2.22840E-04  4.48637E-02
   10047.410    116.771   5.700  2.33031E-04  2.22605E-04  4.62778E-02
   10049.591    118.952   5.750  2.32699E-04  2.22386E-04  4.58094E-02
   10051.791    121.153   5.800  2.31955E-04  2.22183E-04  4.34423E-02
   10054.011    123.372   5.850  2.30821E-04  2.21989E-04  3.92900E-02
   10056.249    125.610   5.900  2.29363E-04  2.21816E-04  3.35946E-02
   10058.506    127.868   5.950  2.27647E-04  2.21650E-04  2.67056E-02
   10060.783    130.144   6.000  2.25784E-04  2.21509E-04  1.90470E-02
   10063.078    132.440   6.050  2.23862E-04  2.21380E-04  1.10641E-02
   10065.393    134.754   6.100  2.21981E-04  2.21268E-04  3.17813E-03
   10067.726    137.088   6.150  2.20217E-04  2.21170E-04 -4.25093E-03
   10070.079    139.441   6.200  2.18634E-04  2.21089E-04 -1.09479E-02
   10072.451    141.812   6.250  2.17271E-04  2.21021E-04 -1.67232E-02
   10074.842    144.203   6.300  2.16159E-04  2.20970E-04 -2.14612E-02
   10077.251    146.613   6.350  2.15302E-04  2.20929E-04 -2.51015E-02
   10079.680    149.042   6.400  2.14707E-04  2.20899E-04 -2.76205E-02
   10082.128    151.490   6.450  2.14380E-04  2.20885E-04 -2.90164E-02
   10084.595    153.957   6.500  2.14302E-04  2.20874E-04 -2.93098E-02
   10087.081    156.443   6.550  2.14470E-04  2.20870E-04 -2.85437E-02
   10089.586    158.948   6.600  2.14863E-04  2.20871E-04 -2.67913E-02
   10092.110    161.472   6.650  2.15458E-04  2.20877E-04 -2.41623E-02
   10094.654    164.015   6.700  2.16214E-04  2.20879E-04 -2.08018E-02
   10097.216    166.577   6.750  2.17098E-04  2.20884E-04 -1.68801E-02
   10099.797    169.158   6.800  2.18067E-04  2.20889E-04 -1.25836E-02
   10102.397    171.759   6.850  2.19071E-04  2.20887E-04 -8.09873E-03
   10105.017    174.378   6.900  2.20074E-04  2.20881E-04 -3.59729E-03
   10107.655    177.017   6.950  2.21038E-04  2.20865E-04  7.71172E-04
   10110.313    179.674   7.000  2.21935E-04  2.20842E-04  4.88004E-03
   10112.989    182.351   7.050  2.22740E-04  2.20808E-04  8.62529E-03
   10115.685    185.046   7.100  2.23431E-04  2.20762E-04  1.19217E-02
   10118.399    187.761   7.150  2.23989E-04  2.20700E-04  1.46960E-02
   10121.133    190.494   7.200  2.24401E-04  2.20625E-04  1.68860E-02
   10123.886    193.247   7.250  2.24659E-04  2.20537E-04  1.84417E-02
   10126.657    196.019   7.300  2.24748E-04  2.20432E-04  1.93268E-02
   10129.448    198.810   7.350  2.24670E-04  2.20314E-04  1.95240E-02
   10132.258    201.620   7.400  2.24422E-04  2.20179E-04  1.90379E-02
   10135.087    204.448   7.450  2.24010E-04  2.20025E-04  1.78971E-02
   10137.935    207.296   7.500  2.23452E-04  2.19858E-04  1.61546E-02
   10140.802    210.163   7.550  2.22759E-04  2.19675E-04  1.38840E-02
   10143.688    213.049   7.600  2.21958E-04  2.19478E-04  1.11753E-02
   10146.593    215.955   7.650  2.21070E-04  2.19268E-04  8.13122E-03
   10149.517    218.879   7.700  2.20119E-04  2.19043E-04  4.86253E-03
   10152.460    221.822   7.750  2.19134E-04  2.18806E-04  1.48529E-03
   10155.423    224.784   7.800  2.18138E-04  2.18553E-04 -1.88203E-03
   10158.404    227.766   7.850  2.17169E-04  2.18297E-04 -5.12064E-03
   10161.404    230.766   7.900  2.16245E-04  2.18030E-04 -8.11309E-03
   10164.424    233.785   7.950  2.15395E-04  2.17755E-04 -1.07479E-02
   10167.462    236.824   8.000  2.14643E-04  2.17477E-04 -1.29218E-02
   10170.520    239.881   8.050  2.14008E-04  2.17192E-04 -1.45460E-02
   10173.596    242.958   8.100  2.13507E-04  2.16906E-04 -1.55528E-02
   10176.692    246.053   8.150  2.13151E-04  2.16620E-04 -1.58990E-02
   10179.807    249.168   8.200  2.12942E-04  2.16335E-04 -1.55709E-02
   10182.940    252.302   8.250  2.12876E-04  2.16049E-04 -1.45868E-02
   10186.093    255.455   8.300  2.12943E-04  2.15766E-04 -1.29961E-02
   10189.265    258.626   8.350  2.13131E-04  2.15490E-04 -1.08776E-02
   10192.456    261.817   8.400  2.13409E-04  2.15215E-04 -8.33588E-03
   10195.666    265.027   8.450  2.13759E-04  2.14948E-04 -5.49607E-03
   10198.895    268.256   8.500  2.14146E-04  2.14685E-04 -2.49802E-03
   10202.143    271.504   8.550  2.14543E-04  2.14432E-04  5.10805E-04
   10205.410    274.771   8.600  2.14922E-04  2.14194E-04  3.38278E-03
   10208.696    278.057   8.650  2.15245E-04  2.13959E-04  5.97817E-03
   10212.001    281.362   8.700  2.15490E-04  2.13734E-04  8.17467E-03
   10215.325    284.687   8.750  2.15637E-04  2.13518E-04  9.87553E-03
   10218.668    288.030   8.800  2.15675E-04  2.13313E-04  1.10160E-02
   10222.031    291.392   8.850  2.15594E-04  2.13117E-04  1.15690E-02
   10225.412    294.774   8.900  2.15399E-04  2.12930E-04  1.15456E-02
   10228.813    298.174   8.950  2.15096E-04  2.12747E-04  1.09922E-02
   10232.232    301.594   9.000  2.14712E-04  2.12581E-04  9.98361E-03
   10235.671    305.032   9.050  2.14254E-04  2.12416E-04  8.61408E-03
   10239.128    308.490   9.100  2.13750E-04  2.12261E-04  6.98649E-03
   10242.605    311.966   9.150  2.13222E-04  2.12114E-04  5.20255E-03
   10246.100    315.462   9.200  2.12687E-04  2.11973E-04  3.35502E-03
   10249.615    318.977   9.250  2.12155E-04  2.11831E-04  1.52320E-03
   10253.149    322.510   9.300  2.11652E-04  2.11701E-04 -2.28686E-04
   10256.702    326.063   9.350  2.11173E-04  2.11566E-04 -1.85048E-03
   10260.274    329.635   9.400  2.10737E-04  2.11437E-04 -3.30330E-03
   10263.864    333.226   9.450  2.10344E-04  2.11309E-04 -4.55650E-03
   10267.474    336.836   9.500  2.09994E-04  2.11176E-04 -5.58557E-03
   10271.103    340.465   9.550  2.09698E-04  2.11045E-04 -6.37087E-03
   10274.751    344.113   9.600  2.09451E-04  2.10908E-04 -6.89780E-03
   10278.419    347.780   9.650  2.09259E-04  2.10771E-04 -7.15710E-03
   10282.105    351.466   9.700  2.09124E-04  2.10632E-04 -7.14646E-03
   10285.810    355.171   9.750  2.09036E-04  2.10485E-04 -6.87153E-03
   10289.534    358.896   9.800  2.08997E-04  2.10333E-04 -6.34625E-03
   10293.278    362.639   9.850  2.08996E-04  2.10173E-04 -5.59349E-03
   10297.040    366.401   9.900  2.09029E-04  2.10005E-04 -4.64451E-03
   10300.821    370.183   9.950  2.09085E-04  2.09827E-04 -3.53836E-03
   10304.622    373.983  10.000  2.09159E-04  2.09646E-04 -2.32053E-03
   10308.441    377.803  10.050  2.09239E-04  2.09457E-04 -1.04157E-03
   10312.280    381.641  10.100  2.09308E-04  2.09257E-04  2.45002E-04
   10316.137    385.499  10.150  2.09359E-04  2.09049E-04  1.48524E-03
   10320.014    389.376  10.200  2.09380E-04  2.08831E-04  2.62755E-03
   10323.910    393.271  10.250  2.09365E-04  2.08609E-04  3.62553E-03
   10327.825    397.186  10.300  2.09298E-04  2.08373E-04  4.44058E-03
   10331.758    401.120  10.350  2.09184E-04  2.08135E-04  5.04372E-03
   10335.711    405.073  10.400  2.09018E-04  2.07893E-04  5.41690E-03
   10339.683    409.045  10.450  2.08797E-04  2.07645E-04  5.55313E-03
   10343.674    413.036  10.500  2.08521E-04  2.07390E-04  5.45594E-03
   10347.684    417.046  10.550  2.08201E-04  2.07138E-04  5.13829E-03
   10351.713    421.075  10.600  2.07835E-04  2.06880E-04  4.62110E-03
   10355.761    425.123  10.650  2.07425E-04  2.06613E-04  3.93216E-03
   10359.828    429.190  10.700  2.06994E-04  2.06354E-04  3.10461E-03
   10363.915    433.276  10.750  2.06542E-04  2.06094E-04  2.17601E-03
   10368.020    437.381  10.800  2.06080E-04  2.05836E-04  1.18712E-03
   10372.144    441.506  10.850  2.05614E-04  2.05577E-04  1.80430E-04
   10376.288    445.649  10.900  2.05154E-04  2.05319E-04 -8.00872E-04
   10380.450    449.811  10.950  2.04711E-04  2.05063E-04 -1.71519E-03
   10384.631    453.993  11.000  2.04297E-04  2.04814E-04 -2.52414E-03
   10388.832    458.193  11.050  2.03917E-04  2.04571E-04 -3.19522E-03
   10393.051    462.413  11.100  2.03570E-04  2.04326E-04 -3.70279E-03
   10397.290    466.652  11.150  2.03273E-04  2.04095E-04 -4.02985E-03
   10401.548    470.909  11.200  2.03011E-04  2.03861E-04 -4.16864E-03
   10405.824    475.186  11.250  2.02800E-04  2.03640E-04 -4.12056E-03
   10410.120    479.482  11.300  2.02623E-04  2.03416E-04 -3.89534E-03
   10414.435    483.796  11.350  2.02490E-04  2.03203E-04 -3.51036E-03
   10418.769    488.130  11.400  2.02386E-04  2.02994E-04 -2.98916E-03
   10423.122    492.483  11.450  2.02309E-04  2.02788E-04 -2.35987E-03
   10427.494    496.855  11.500  2.02253E-04  2.02589E-04 -1.65426E-03
   10431.885    501.246  11.550  2.02210E-04  2.02393E-04 -9.05876E-04
   10436.295    505.656  11.600  2.02174E-04  2.02204E-04 -1.48956E-04
   10440.724    510.085  11.650  2.02134E-04  2.02016E-04  5.82908E-04
   10445.172    514.534  11.700  2.02090E-04  2.01835E-04  1.25831E-03
   10449.639    519.001  11.750  2.02022E-04  2.01649E-04  1.84956E-03
   10454.126    523.487  11.800  2.01940E-04  2.01469E-04  2.33380E-03
   10458.631    527.992  11.850  2.01834E-04  2.01290E-04  2.69397E-03
   10463.155    532.517  11.900  2.01700E-04  2.01112E-04  2.91973E-03
   10467.699    537.060  11.950  2.01539E-04  2.00933E-04  3.00753E-03
   10472.261    541.623  12.000  2.01350E-04  2.00754E-04  2.96030E-03
   10476.843    546.204  12.050  2.01136E-04  2.00576E-04  2.78664E-03
   10481.443    550.805  12.100  2.00898E-04  2.00396E-04  2.49999E-03
   10486.063    555.424  12.150  2.00634E-04  2.00209E-04  2.11785E-03
   10490.701    560.063  12.200  2.00353E-04  2.00020E-04  1.66044E-03
   10495.359    564.721  12.250  2.00059E-04  1.99829E-04  1.14986E-03
   10500.036    569.397  12.300  1.99752E-04  1.99630E-04  6.09572E-04
   10504.732    574.093  12.350  1.99441E-04  1.99428E-04  6.32950E-05
   10509.446    578.808  12.400  1.99127E-04  1.99220E-04 -4.65491E-04
   10514.180    583.542  12.450  1.98820E-04  1.99010E-04 -9.54815E-04
   10518.933    588.295  12.500  1.98514E-04  1.98790E-04 -1.38466E-03
   10523.705    593.067  12.550  1.98216E-04  1.98562E-04 -1.73801E-03
   10528.496    597.858  12.600  1.97934E-04  1.98332E-04 -2.00173E-03
   10533.307    602.668  12.650  1.97664E-04  1.98094E-04 -2.16724E-03
   10538.136    607.497  12.700  1.97410E-04  1.97852E-04 -2.23047E-03
   10542.984    612.345  12.750  1.97169E-04  1.97603E-04 -2.19244E-03
   10547.851    617.213  12.800  1.96938E-04  1.97346E-04 -2.05868E-03
   10552.737    622.099  12.850  1.96723E-04  1.97087E-04 -1.83885E-03
   10557.643    627.004  12.900  1.96519E-04  1.96825E-04 -1.54657E-03
   10562.567    631.929  12.950  1.96319E-04  1.96555E-04 -1.19782E-03
   10567.511    636.872  13.000  1.96119E-04  1.96279E-04 -8.10791E-04
   10572.473    641.835  13.050  1.95928E-04  1.96007E-04 -4.04857E-04
   10577.455    646.816  13.100  1.95729E-04  1.95729E-04  8.75747E-07
   10582.455    651.817  13.150  1.95524E-04  1.95448E-04  3.87982E-04
   10587.475    656.836  13.200  1.95307E-04  1.95162E-04  7.40059E-04
   10592.514    661.875  13.250  1.95086E-04  1.94882E-04  1.04315E-03
   10597.571    666.933  13.300  1.94851E-04  1.94601E-04  1.28670E-03
   10602.648    672.010  13.350  1.94600E-04  1.94315E-04  1.46362E-03
   10607.744    677.106  13.400  1.94341E-04  1.94035E-04  1.57031E-03
   10612.859    682.220  13.450  1.94068E-04  1.93756E-04  1.60661E-03
   10617.993    687.354  13.500  1.93783E-04  1.93478E-04  1.57509E-03
   10623.146    692.507  13.550  1.93493E-04  1.93207E-04  1.48076E-03
   10628.318    697.679  13.600  1.93189E-04  1.92932E-04  1.33041E-03
   10633.509    702.871  13.650  1.92881E-04  1.92663E-04  1.13226E-03
   10638.719    708.081  13.700  1.92572E-04  1.92400E-04  8.95648E-04
   10643.948    713.310  13.750  1.92255E-04  1.92134E-04  6.30594E-04
   10649.197    718.558  13.800  1.91944E-04  1.91877E-04  3.47837E-04
   10654.464    723.825  13.850  1.91637E-04  1.91625E-04  5.84976E-05
   10659.750    729.112  13.900  1.91334E-04  1.91377E-04 -2.25667E-04
   10665.056    734.417  13.950  1.91035E-04  1.91130E-04 -4.93309E-04
   10670.380    739.742  14.000  1.90749E-04  1.90890E-04 -7.33263E-04
   10675.724    745.085  14.050  1.90472E-04  1.90651E-04 -9.35465E-04
   10681.086    750.448  14.100  1.90206E-04  1.90414E-04 -1.09130E-03
   10686.468    755.829  14.150  1.89957E-04  1.90185E-04 -1.19418E-03
   10691.869    761.230  14.200  1.89719E-04  1.89955E-04 -1.24025E-03
   10697.288    766.650  14.250  1.89493E-04  1.89727E-04 -1.22833E-03
   10702.727    772.088  14.300  1.89283E-04  1.89504E-04 -1.16025E-03
   10708.185    777.546  14.350  1.89080E-04  1.89277E-04 -1.04071E-03
   10713.662    783.023  14.400  1.88889E-04  1.89055E-04 -8.76944E-04
   10719.158    788.519  14.450  1.88701E-04  1.88829E-04 -6.78170E-04
   10724.672    794.034  14.500  1.88523E-04  1.88609E-04 -4.55209E-04
   10730.206    799.568  14.550  1.88340E-04  1.88382E-04 -2.19521E-04
   10735.760    805.121  14.600  1.88162E-04  1.88158E-04  1.73602E-05
   10741.332    810.693  14.650  1.87978E-04  1.87932E-04  2.44153E-04
   10746.923    816.284  14.700  1.87786E-04  1.87701E-04  4.51037E-04
   10752.533    821.894  14.750  1.87589E-04  1.87470E-04  6.29561E-04
   10758.162    827.524  14.800  1.87377E-04  1.87232E-04  7.73252E-04
   10763.811    833.172  14.850  1.87158E-04  1.86993E-04  8.77448E-04
   10769.478    838.839  14.900  1.86929E-04  1.86753E-04  9.39513E-04
   10775.164    844.526  14.950  1.86685E-04  1.86505E-04  9.58672E-04
   10780.870    850.231  15.000  1.86431E-04  1.86256E-04  9.35908E-04
   10786.594    855.956  15.050  1.86166E-04  1.86003E-04  8.73512E-04
   10792.338    861.699  15.100  1.85889E-04  1.85745E-04  7.75286E-04
   10798.100    867.462  15.150  1.85605E-04  1.85484E-04  6.46092E-04
   10803.882    873.244  15.200  1.85308E-04  1.85216E-04  4.91899E-04
   10809.683    879.044  15.250  1.85004E-04  1.84945E-04  3.19591E-04
   10815.503    884.864  15.300  1.84699E-04  1.84674E-04  1.37033E-04
   10821.341    890.703  15.350  1.84387E-04  1.84395E-04 -4.73826E-05
   10827.199    896.561  15.400  1.84072E-04  1.84114E-04 -2.25074E-04
   10833.076    902.438  15.450  1.83755E-04  1.83827E-04 -3.87436E-04
   10838.972    908.333  15.500  1.83442E-04  1.83539E-04 -5.26844E-04
   10844.887    914.248  15.550  1.83138E-04  1.83255E-04 -6.36633E-04
   10850.821    920.183  15.600  1.82835E-04  1.82966E-04 -7.12149E-04
   10856.774    926.136  15.650  1.82533E-04  1.82670E-04 -7.50855E-04
   10862.746    932.108  15.700  1.82241E-04  1.82378E-04 -7.52575E-04
   10868.738    938.099  15.750  1.81956E-04  1.82087E-04 -7.19416E-04
   10874.748    944.109  15.800  1.81673E-04  1.81792E-04 -6.55295E-04
   10880.777    950.139  15.850  1.81399E-04  1.81502E-04 -5.65700E-04
   10886.825    956.187  15.900  1.81127E-04  1.81210E-04 -4.57176E-04
   10892.893    962.254  15.950  1.80859E-04  1.80920E-04 -3.36357E-04
   10898.979    968.341  16.000  1.80595E-04  1.80633E-04 -2.09785E-04
   10905.085    974.446  16.050  1.80330E-04  1.80345E-04 -8.32165E-05
   10911.209    980.571  16.100  1.80071E-04  1.80064E-04  3.83039E-05
   10917.353    986.714  16.150  1.79812E-04  1.79785E-04  1.50956E-04
   10923.516    992.877  16.200  1.79551E-04  1.79505E-04  2.51646E-04
   10929.697    999.059  16.250  1.79287E-04  1.79227E-04  3.38101E-04
   10935.898   1005.259  16.300  1.79029E-04  1.78956E-04  4.08721E-04
   10942.118   1011.479  16.350  1.78769E-04  1.78687E-04  4.62193E-04
   10948.357   1017.718  16.400  1.78508E-04  1.78420E-04  4.97511E-04
   10954.615   1023.976  16.450  1.78243E-04  1.78152E-04  5.13938E-04
   10960.892   1030.253  16.500  1.77982E-04  1.77891E-04  5.10913E-04
   10967.188   1036.549  16.550  1.77719E-04  1.77632E-04  4.88400E-04
   10973.503   1042.864  16.600  1.77452E-04  1.77373E-04  4.47007E-04
   10979.837   1049.198  16.650  1.77190E-04  1.77121E-04  3.87996E-04
   10986.190   1055.551  16.700  1.76919E-04  1.76864E-04  3.13564E-04
   10992.562   1061.923  16.750  1.76653E-04  1.76613E-04  2.26868E-04
   10998.953   1068.315  16.800  1.76387E-04  1.76363E-04  1.31927E-04
   11005.364   1074.725  16.850  1.76114E-04  1.76108E-04  3.33831E-05
   11011.793   1081.154  16.900  1.75847E-04  1.75858E-04 -6.35733E-05
   11018.241   1087.603  16.950  1.75582E-04  1.75609E-04 -1.54085E-04
   11024.709   1094.070  17.000  1.75316E-04  1.75357E-04 -2.33549E-04
   11031.195   1100.557  17.050  1.75054E-04  1.75106E-04 -2.98352E-04
   11037.701   1107.062  17.100  1.74790E-04  1.74851E-04 -3.45868E-04
   11044.225   1113.587  17.150  1.74533E-04  1.74598E-04 -3.74778E-04
   11050.769   1120.130  17.200  1.74272E-04  1.74339E-04 -3.84999E-04
   11057.332   1126.693  17.250  1.74014E-04  1.74080E-04 -3.77555E-04
   11063.913   1133.275  17.300  1.73759E-04  1.73820E-04 -3.54317E-04
   11070.514   1139.876  17.350  1.73503E-04  1.73558E-04 -3.17683E-04
   11077.134   1146.496  17.400  1.73242E-04  1.73289E-04 -2.70420E-04
   11083.773   1153.134  17.450  1.72982E-04  1.73020E-04 -2.15226E-04
   11090.431   1159.792  17.500  1.72723E-04  1.72749E-04 -1.54825E-04
   11097.108   1166.469  17.550  1.72456E-04  1.72471E-04 -9.14722E-05
   11103.804   1173.165  17.600  1.72187E-04  1.72192E-04 -2.76195E-05
   11110.519   1179.881  17.650  1.71918E-04  1.71912E-04  3.47762E-05
   11117.253   1186.615  17.700  1.71640E-04  1.71624E-04  9.35866E-05
   11124.006   1193.368  17.750  1.71366E-04  1.71341E-04  1.46862E-04
   11130.779   1200.140  17.800  1.71084E-04  1.71051E-04  1.92766E-04
   11137.570   1206.931  17.850  1.70795E-04  1.70755E-04  2.29429E-04
   11144.380   1213.742  17.900  1.70507E-04  1.70463E-04  2.55189E-04
   11151.210   1220.571  17.950  1.70210E-04  1.70165E-04  2.69001E-04
   11158.058   1227.420  18.000  1.69919E-04  1.69873E-04  2.70130E-04
   11164.926   1234.287  18.050  1.69619E-04  1.69575E-04  2.58566E-04
   11171.812   1241.174  18.100  1.69315E-04  1.69275E-04  2.35071E-04
   11178.718   1248.079  18.150  1.69010E-04  1.68976E-04  2.01071E-04
   11185.642   1255.004  18.200  1.68703E-04  1.68676E-04  1.58764E-04
   11192.586   1261.948  18.250  1.68396E-04  1.68377E-04  1.10708E-04
   11199.549   1268.910  18.300  1.68088E-04  1.68078E-04  5.98012E-05
   11206.531   1275.892  18.350  1.67780E-04  1.67778E-04  9.05228E-06
   11213.532   1282.893  18.400  1.67473E-04  1.67479E-04 -3.88487E-05
   11220.551   1289.913  18.450  1.67175E-04  1.67188E-04 -8.15195E-05
   11227.590   1296.952  18.500  1.66871E-04  1.66891E-04 -1.17242E-04
   11234.648   1304.010  18.550  1.66576E-04  1.66600E-04 -1.44833E-04
   11241.725   1311.087  18.600  1.66283E-04  1.66311E-04 -1.63817E-04
   11248.822   1318.183  18.650  1.65993E-04  1.66021E-04 -1.74286E-04
   11255.937   1325.298  18.700  1.65706E-04  1.65735E-04 -1.76665E-04
   11263.071   1332.432  18.750  1.65426E-04  1.65455E-04 -1.71772E-04
   11270.224   1339.586  18.800  1.65141E-04  1.65167E-04 -1.60603E-04
   11277.396   1346.758  18.850  1.64866E-04  1.64889E-04 -1.44174E-04
   11284.588   1353.949  18.900  1.64597E-04  1.64617E-04 -1.23496E-04
   11291.798   1361.160  18.950  1.64322E-04  1.64339E-04 -9.94931E-05
   11299.028   1368.389  19.000  1.64056E-04  1.64068E-04 -7.31172E-05
   11306.276   1375.638  19.050  1.63785E-04  1.63793E-04 -4.52524E-05
   11313.544   1382.905  19.100  1.63521E-04  1.63523E-04 -1.68203E-05
   11320.830   1390.192  19.150  1.63256E-04  1.63254E-04  1.12125E-05
   11328.136   1397.497  19.200  1.62992E-04  1.62985E-04  3.78351E-05
   11335.461   1404.822  19.250  1.62733E-04  1.62723E-04  6.20703E-05
   11342.804   1412.166  19.300  1.62467E-04  1.62454E-04  8.29098E-05
   11350.167   1419.529  19.350  1.62203E-04  1.62187E-04  9.94847E-05
   11357.549   1426.910  19.400  1.61938E-04  1.61920E-04  1.11059E-04
   11364.950   1434.311  19.450  1.61676E-04  1.61657E-04  1.17299E-04
   11372.370   1441.731  19.500  1.61408E-04  1.61389E-04  1.17980E-04
   11379.809   1449.170  19.550  1.61138E-04  1.61120E-04  1.13332E-04
   11387.267   1456.628  19.600  1.60868E-04  1.60852E-04  1.03742E-04
   11394.744   1464.105  19.650  1.60597E-04  1.60583E-04  9.00940E-05
   11402.240   1471.602  19.700  1.60318E-04  1.60307E-04  7.32733E-05
   11409.755   1479.117  19.750  1.60046E-04  1.60037E-04  5.44368E-05
   11417.290   1486.651  19.800  1.59767E-04  1.59761E-04  3.45886E-05
   11424.843   1494.204  19.850  1.59487E-04  1.59485E-04  1.48467E-05
   11432.415   1501.777  19.900  1.59209E-04  1.59210E-04 -3.90644E-06
   11440.007   1509.368  19.950  1.58932E-04  1.58935E-04 -2.09550E-05
