# r  chir_mag  chir_re  chir_im
0.000000000000000000e+00 9.744713231471357606e-04 -9.744713231471357606e-04 0.000000000000000000e+00
3.067961575771282340e-02 1.120202437614632078e-03 -1.103309469931256469e-03 -1.938084487265026633e-04
6.135923151542564680e-02 1.435365979323694049e-03 -1.419584685863485140e-03 -2.122611934898545837e-04
9.203884727313846326e-02 1.754357751742078100e-03 -1.754235062333661709e-03 2.074770292663914674e-05
1.227184630308512936e-01 1.989322378601087946e-03 -1.939529847520722388e-03 4.422979726149952944e-04
1.533980787885641239e-01 2.107107016658146641e-03 -1.907859275747861424e-03 8.944120770611502409e-04
1.840776945462769265e-01 2.120097446374919706e-03 -1.729502140820869888e-03 1.226228170864412893e-03
2.147573103039897569e-01 2.095804436550614824e-03 -1.565290300198463090e-03 1.393650785659680293e-03
2.454369260617025872e-01 2.161747802560048254e-03 -1.560420270639724686e-03 1.496075579925642152e-03
2.761165418194154175e-01 2.451647497025678368e-03 -1.741258402388267974e-03 1.725860546447635473e-03
3.067961575771282479e-01 3.000410974149895094e-03 -1.976650293157313464e-03 2.257281469458390002e-03
3.374757733348410782e-01 3.736510119522347493e-03 -2.028615347954459188e-03 3.137869921353737823e-03
3.681553890925538530e-01 4.559702776150987777e-03 -1.665422320870249377e-03 4.244674062868217072e-03
3.988350048502666834e-01 5.386479226726488719e-03 -7.733743659261009019e-04 5.330670741106074972e-03
4.295146206079795137e-01 6.162647069243685702e-03 5.956951055362308314e-04 6.133788897679635747e-03
4.601942363656923440e-01 6.868539002184161600e-03 2.265778235547369780e-03 6.484063310289687153e-03
4.908738521234051744e-01 7.521578080186721096e-03 4.037490286392090080e-03 6.346086116941281226e-03
5.215534678811180047e-01 8.171546705798348603e-03 5.781838396339768378e-03 5.774471432404441017e-03
5.522330836388308350e-01 8.882942252171014547e-03 7.463990029722415709e-03 4.816172327856368431e-03
5.829126993965436654e-01 9.705017970119607720e-03 9.078282853463067598e-03 3.431057305388959290e-03
6.135923151542564957e-01 1.064152183238092561e-02 1.053581655973501521e-02 1.496180580228648064e-03
6.442719309119693261e-01 1.163665592677210966e-02 1.158544994830449856e-02 -1.090463503933876031e-03
6.749515466696821564e-01 1.258303561404689776e-02 1.184086188018935656e-02 -4.257555072885275613e-03
7.056311624273949867e-01 1.334365107726275500e-02 1.092999731428536889e-02 -7.654291788366190605e-03
7.363107781851077061e-01 1.377711600249717505e-02 8.707339137683843197e-03 -1.067666476422403019e-02
7.669903939428205364e-01 1.376066481528043749e-02 5.417483085686927019e-03 -1.264937837108183818e-02
7.976700097005333667e-01 1.321007694883945607e-02 1.704518534756613909e-03 -1.309964692497208975e-02
8.283496254582461971e-01 1.209820917414165635e-02 -1.570404334451816573e-03 -1.199585326050716175e-02
8.590292412159590274e-01 1.047724276141996126e-02 -3.642678459091989139e-03 -9.823619980709462005e-03
8.897088569736718577e-01 8.521244339548813412e-03 -4.151751047957116109e-03 -7.441409028542892400e-03
9.203884727313846881e-01 6.640773096770053764e-03 -3.295074329735125322e-03 -5.765618135491245091e-03
9.510680884890975184e-01 5.700125659444355355e-03 -1.748750955137905920e-03 -5.425246780595350399e-03
9.817477042468103487e-01 6.559365867594564928e-03 -3.897248601349473005e-04 -6.547777876375876667e-03
1.012427320004523068e+00 8.774559874025108716e-03 4.373984870524425553e-05 -8.774450855095535656e-03
1.043106935762236009e+00 1.151325356846129126e-02 -8.158235533850911403e-04 -1.148431276400241688e-02
1.073786551519948729e+00 1.440058452878613740e-02 -2.950502016282348112e-03 -1.409508327831476490e-02
1.104466167277661670e+00 1.739073239925203324e-02 -6.147877321398368365e-03 -1.626779572724682335e-02
1.135145783035374389e+00 2.063366826302735421e-02 -1.026581128798752414e-02 -1.789864197608551089e-02
1.165825398793087331e+00 2.438145493226038032e-02 -1.539200734276629720e-02 -1.890876660636733528e-02
1.196505014550800050e+00 2.888102712786714751e-02 -2.177635136750801295e-02 -1.897114253489836852e-02
1.227184630308512991e+00 3.427566539654083172e-02 -2.955021835993235091e-02 -1.736680262040032896e-02
1.257864246066225711e+00 4.056153272307246732e-02 -3.838730927576036039e-02 -1.310161911414010547e-02
1.288543861823938652e+00 4.761187663140496046e-02 -4.731991134697256796e-02 -5.264673444648076267e-03
1.319223477581651371e+00 5.524572484368206471e-02 -5.485628767326791028e-02 6.548115470232991620e-03
1.349903093339364313e+00 6.331499798476113161e-02 -5.937404584550928094e-02 2.198889832951319775e-02
1.380582709097077032e+00 7.179498087051622290e-02 -5.958217919535761103e-02 4.005600080549834296e-02
1.411262324854789973e+00 8.086518720751144362e-02 -5.476463609941659150e-02 5.949800950455694237e-02
1.441941940612502693e+00 9.095790644852887186e-02 -4.461265954624288321e-02 7.926570099173003980e-02
1.472621556370215412e+00 1.027408111987768990e-01 -2.870172416525375303e-02 9.865031837619385457e-02
1.503301172127928353e+00 1.170080477132211944e-01 -5.953643174444806473e-03 1.168564819024209556e-01
1.533980787885641073e+00 1.344961080769896955e-01 2.542224762187451220e-02 1.320716185018923350e-01
1.564660403643354014e+00 1.556932641427542785e-01 6.712490178463802193e-02 1.404800343815026109e-01
1.595340019401066733e+00 1.807190421766287358e-01 1.190983357866937375e-01 1.359226199647360356e-01
1.626019635158779675e+00 2.093001503567892552e-01 1.775427361155223760e-01 1.108383047145190398e-01
1.656699250916492394e+00 2.408159346544900548e-01 2.335568655918247027e-01 5.868138476926013786e-02
1.687378866674205335e+00 2.743730794519220195e-01 2.734335155054594679e-01 -2.268698583453469808e-02
1.718058482431918055e+00 3.088844608448133577e-01 2.812044213031792417e-01 -1.278033003914027521e-01
1.748738098189630996e+00 3.431437903443022575e-01 2.431952766744419625e-01 -2.420820486014939599e-01
1.779417713947343715e+00 3.758955667961306202e-01 1.533973480307912196e-01 -3.431715762619401699e-01
1.810097329705056657e+00 4.059011858446903709e-01 1.779458561687563903e-02 -4.055109436166298709e-01
1.840776945462769376e+00 4.320009838766478150e-01 -1.442457501225183902e-01 -4.072075805310894081e-01
1.871456561220482318e+00 4.531707548568240096e-01 -3.026754559807710576e-01 -3.372703684054322859e-01
1.902136176978195037e+00 4.685705716350896388e-01 -4.233945165976744640e-01 -2.007373007626042649e-01
1.932815792735907978e+00 4.775836140529267637e-01 -4.771805570656179607e-01 -1.961694090324675455e-02
1.963495408493620697e+00 4.798430231792789602e-01 -4.482551164290287660e-01 1.712211362216357335e-01
1.994175024251333417e+00 4.752454188968274207e-01 -3.396580554372727878e-01 3.324012839310214185e-01
2.024854640009046136e+00 4.639505131831673235e-01 -1.734507145663150007e-01 4.303079458938204316e-01
2.055534255766759077e+00 4.463671217023115756e-01 1.461189294648402269e-02 4.461278963720232693e-01
2.086213871524472019e+00 4.231267364164468248e-01 1.844664615870656166e-01 3.807996318537886227e-01
2.116893487282184960e+00 3.950466010963535890e-01 3.023288385068186312e-01 2.542815180953966192e-01
2.147573103039897457e+00 3.630848744339131851e-01 3.492120404425366753e-01 9.940612080073664425e-02
2.178252718797610399e+00 3.282909347089268959e-01 3.248152471830846322e-01 -4.764444363671974103e-02
2.208932334555323340e+00 2.917541613576842829e-01 2.458053675336332455e-01 -1.571630107919200214e-01
2.239611950313036282e+00 2.545546392188873797e-01 1.393833032467444999e-01 -2.130031904077588911e-01
2.270291566070748779e+00 2.177192355433917592e-01 3.451073526374052319e-02 -2.149666827142171777e-01
2.300971181828461720e+00 1.821865501061168402e-01 -4.624241847026104579e-02 -1.762202535850799501e-01
2.331650797586174662e+00 1.487846713037947188e-01 -9.174388554254801764e-02 -1.171321385467459508e-01
2.362330413343887603e+00 1.182272441095701121e-01 -1.030449148833531003e-01 -5.796056216451318799e-02
2.393010029101600100e+00 9.113774133254758103e-02 -9.021656286130508295e-02 -1.292515689229884260e-02
2.423689644859313042e+00 6.812171805758009124e-02 -6.694502985722726451e-02 1.260680167732411601e-02
2.454369260617025983e+00 4.991626837841513231e-02 -4.509353919581498421e-02 2.140576024394986315e-02
2.485048876374738480e+00 3.755582659259441847e-02 -3.111968508568748598e-02 2.102392235575136284e-02
2.515728492132451422e+00 3.191887205771348074e-02 -2.527691642689926937e-02 1.949081551357541645e-02
2.546408107890164363e+00 3.197050483544414123e-02 -2.336203097324914338e-02 2.182495562969383532e-02
2.577087723647877304e+00 3.476337405492033877e-02 -1.986149771010143825e-02 2.853091453833794811e-02
2.607767339405589802e+00 3.793559482765201940e-02 -1.100805086593551786e-02 3.630333553629411930e-02
2.638446955163302743e+00 4.041864314305212980e-02 3.462471065957443885e-03 4.027006341741718592e-02
2.669126570921015684e+00 4.189107053457794688e-02 2.036075862071006978e-02 3.661012563379379553e-02
2.699806186678728626e+00 4.235751548200025751e-02 3.461329943791689734e-02 2.441472137520707061e-02
2.730485802436441123e+00 4.195408223829820427e-02 4.150383040657009553e-02 6.130014522051041755e-03
2.761165418194154064e+00 4.086344661646940796e-02 3.859664066196719784e-02 -1.342090157135598580e-02
2.791845033951867006e+00 3.927614336051385435e-02 2.661838575362775877e-02 -2.888039087593350512e-02
2.822524649709579947e+00 3.737134379972550935e-02 9.082896364782641618e-03 -3.625077007490876135e-02
2.853204265467292444e+00 3.530587367353927447e-02 -9.045555515643012925e-03 -3.412744703703067539e-02
2.883883881225005386e+00 3.320678349665451973e-02 -2.304059458064330532e-02 -2.391278887047927279e-02
2.914563496982718327e+00 3.116604853653432913e-02 -2.981322443428922539e-02 -9.082633440380251041e-03
2.945243112740430824e+00 2.923778397608147589e-02 -2.859495303966162402e-02 6.097267625055772730e-03
2.975922728498143766e+00 2.743906852600557986e-02 -2.080500346338994000e-02 1.789006183508493400e-02
3.006602344255856707e+00 2.575504219003527800e-02 -9.297610747704217540e-03 2.401825623551118866e-02
3.037281960013569648e+00 2.414767222140533007e-02 2.653997884223792229e-03 2.400138264648447525e-02
3.067961575771282146e+00 2.256631142941805876e-02 1.228070415564770645e-02 1.893205527593190898e-02
3.098641191528995087e+00 2.095780601745257307e-02 1.790980016011384929e-02 1.088433237685973963e-02
3.129320807286708028e+00 1.927467360225576867e-02 1.914848698400396787e-02 2.201928404132608586e-03
3.160000423044420970e+00 1.748123386365838666e-02 1.671324964951953138e-02 -5.124531544322076873e-03
3.190680038802133467e+00 1.555888254746751360e-02 1.203104648562754002e-02 -9.865735988083119273e-03
3.221359654559846408e+00 1.351287700076521901e-02 6.751439477798424661e-03 -1.170537952462176803e-02
3.252039270317559350e+00 1.138498656496646916e-02 2.288738161530863135e-03 -1.115256009678581781e-02
3.282718886075272291e+00 9.281678019076823258e-03 -5.157366438987817702e-04 -9.267338483294645587e-03
3.313398501832984788e+00 7.438394940978577258e-03 -1.549393784643110289e-03 -7.275238703856045340e-03
3.344078117590697730e+00 6.316768614737123567e-03 -1.372599632499570468e-03 -6.165836194790615121e-03
3.374757733348410671e+00 6.453804059042403396e-03 -9.662905250871200178e-04 -6.381055512502539599e-03
3.405437349106123612e+00 7.804370756874893199e-03 -1.352285043499039385e-03 -7.686320841071676672e-03
3.436116964863836110e+00 9.809520781389583638e-03 -3.203084621023426400e-03 -9.271836218952387784e-03
3.466796580621549051e+00 1.201546706842104850e-02 -6.573807021732083235e-03 -1.005765927606103866e-02
3.497476196379261992e+00 1.416523818577479152e-02 -1.085588739773485530e-02 -9.099652832247716663e-03
3.528155812136974490e+00 1.611228868053574473e-02 -1.497416066365869942e-02 -5.948139116047708626e-03
3.558835427894687431e+00 1.777302716523054826e-02 -1.775395503145093395e-02 -8.231496566488005632e-04
3.589515043652400372e+00 1.911052808256696878e-02 -1.831432144077468557e-02 5.458746537307030897e-03
3.620194659410113314e+00 2.013046392902006348e-02 -1.633232533343357759e-02 1.176820832584390270e-02
3.650874275167825811e+00 2.088035563097677058e-02 -1.208077418423581136e-02 1.703068249911214929e-02
3.681553890925538752e+00 2.144756654636562065e-02 -6.244408177435880128e-03 2.051841800125812909e-02
3.712233506683251694e+00 2.195253730122958408e-02 3.796335160956018444e-04 2.194925448290517903e-02
3.742913122440964635e+00 2.253420468468480056e-02 7.141125323912796662e-03 2.137275625368524612e-02
3.773592738198677132e+00 2.332672750308938461e-02 1.362671220336234695e-02 1.893274756949245297e-02
3.804272353956390074e+00 2.443193944555258415e-02 1.954465170348793773e-02 1.466036339455794278e-02
3.834951969714103015e+00 2.589764702915023364e-02 2.448425467942179704e-02 8.438565899468095793e-03
3.865631585471815956e+00 2.771137215470073634e-02 2.771072177387193941e-02 1.898564388771387253e-04
3.896311201229528454e+00 2.981049929863589798e-02 2.815833370693561835e-02 -9.786424846838854413e-03
3.926990816987241395e+00 3.210096319334030529e-02 2.470098556036217155e-02 -2.050202795547231838e-02
3.957670432744954336e+00 3.447527145102644713e-02 1.664255427415059496e-02 -3.019221304995562197e-02
3.988350048502666834e+00 3.682510198040115507e-02 4.241813350322590909e-03 -3.657998298752980493e-02
4.019029664260379775e+00 3.904822266564375588e-02 -1.097085609207258845e-02 -3.747537871660176767e-02
4.049709280018092272e+00 4.105150376494950265e-02 -2.628125179021164118e-02 -3.153603915686243458e-02
4.080388895775805658e+00 4.275194237925115243e-02 -3.834035925471308837e-02 -1.891415949542425007e-02
4.111068511533518155e+00 4.407707050000902321e-02 -4.405090343654591289e-02 -1.518568499236278707e-03
4.141748127291231540e+00 4.496551521867905854e-02 -4.151907939611333004e-02 1.726451867213494099e-02
4.172427743048944038e+00 4.536801363960005912e-02 -3.074477185394973097e-02 3.336188941369354344e-02
4.203107358806656535e+00 4.524886955361515778e-02 -1.379011956262279730e-02 4.309632000912199529e-02
4.233786974564369920e+00 4.458764924179817180e-02 5.667101879867001216e-03 4.422603781928505923e-02
4.264466590322082418e+00 4.338082569414004191e-02 2.328205798008101124e-02 3.660384971717465380e-02
4.295146206079794915e+00 4.164307332259406524e-02 3.520869846363321176e-02 2.223720099850468382e-02
4.325825821837508300e+00 3.940796919588005626e-02 3.912369045982763693e-02 4.724921263579249554e-03
4.356505437595220798e+00 3.672795330749650811e-02 3.479697263593702766e-02 -1.175215935611379110e-02
4.387185053352934183e+00 3.367352445453133253e-02 2.404799780628261163e-02 -2.357116990518175886e-02
4.417864669110646680e+00 3.033179228242329981e-02 1.012521365067687099e-02 -2.859191619308192392e-02
4.448544284868359178e+00 2.680467332169120601e-02 -3.276143705179606139e-03 -2.660371016053204862e-02
4.479223900626072563e+00 2.320722533162917697e-02 -1.304409625884213504e-02 -1.919444868661435849e-02
4.509903516383785060e+00 1.966687264222815104e-02 -1.742133807736824525e-02 -9.125944286464904298e-03
4.540583132141497558e+00 1.632448568017064172e-02 -1.631498548034340454e-02 5.568496190894942901e-04
4.571262747899210943e+00 1.333770872654770068e-02 -1.110008715552320696e-02 7.394764310917245793e-03
4.601942363656923440e+00 1.088241540343308847e-02 -4.030219828488963880e-03 1.010862469117001887e-02
4.632621979414635938e+00 9.132124372711186711e-03 2.524466809695556212e-03 8.776261327319921646e-03
4.663301595172349323e+00 8.176191722706236190e-03 6.764224885825773081e-03 4.592969930276624528e-03
4.693981210930061820e+00 7.904545569709073988e-03 7.877197768213346080e-03 -6.569596517762876006e-04
4.724660826687775206e+00 8.027618076110205197e-03 6.100566394729115688e-03 -5.217829207572158463e-03
4.755340442445487703e+00 8.244517071543741235e-03 2.460264369921588354e-03 -7.868872916312127583e-03
4.786020058203200200e+00 8.352760798820071594e-03 -1.680631957700617083e-03 -8.181936762470162425e-03
4.816699673960913586e+00 8.251426830413698815e-03 -5.093679359727988111e-03 -6.491569557352993604e-03
4.847379289718626083e+00 7.910837000241767100e-03 -7.025651949433506585e-03 -3.636145862010399174e-03
4.878058905476338580e+00 7.346992992514231498e-03 -7.323005242981735913e-03 -5.932118030815244133e-04
4.908738521234051966e+00 6.605472472376229531e-03 -6.340113723613587104e-03 1.853435878299221178e-03
4.939418136991764463e+00 5.752066306585208733e-03 -4.703209063445543819e-03 3.311508916019477184e-03
4.970097752749476960e+00 4.867975282152800336e-03 -3.038154941130462566e-03 3.803524405250370988e-03
5.000777368507190346e+00 4.047905865419606716e-03 -1.762942176928643159e-03 3.643840937267234063e-03
5.031456984264902843e+00 3.395758120907334948e-03 -1.003939352257151967e-03 3.243960387041987595e-03
5.062136600022616229e+00 3.000865463027258592e-03 -6.388316393362493840e-04 2.932079068472192955e-03
5.092816215780328726e+00 2.881566471584398170e-03 -4.217969182026117068e-04 2.850528493096348218e-03
5.123495831538041223e+00 2.954965241509838973e-03 -1.243762942975019665e-04 2.952346544013443458e-03
5.154175447295754608e+00 3.097176780801237563e-03 3.668154436221334846e-04 3.075378097381623304e-03
5.184855063053467106e+00 3.213818139865787151e-03 1.024853018968196420e-03 3.046030749293605379e-03
5.215534678811179603e+00 3.256311549048768270e-03 1.723270439488306478e-03 2.762952025796714100e-03
5.246214294568892988e+00 3.210955351793926167e-03 2.310227892805108256e-03 2.230040662077560718e-03
5.276893910326605486e+00 3.086100245727416320e-03 2.676366310738262713e-03 1.536580000333233505e-03
5.307573526084318871e+00 2.902435317353538932e-03 2.788300772076486578e-03 8.059215692974151151e-04
5.338253141842031368e+00 2.685396208099294791e-03 2.681567198796411776e-03 1.433532448646894595e-04
5.368932757599743866e+00 2.458662376807818802e-03 2.427039804151165554e-03 -3.930629366858990497e-04
5.399612373357457251e+00 2.238786499032788171e-03 2.094137178250103301e-03 -7.916782597256181607e-04
5.430291989115169748e+00 2.032125516506051114e-03 1.729939682428938662e-03 -1.066228310444178621e-03
5.460971604872882246e+00 1.835560803287717129e-03 1.360102872035467677e-03 -1.232640920968926029e-03
5.491651220630595631e+00 1.641212851581259685e-03 1.003578511642401385e-03 -1.298618417844561550e-03
5.522330836388308128e+00 1.443395315358064410e-03 6.862645802044891772e-04 -1.269815326082640366e-03
5.553010452146020626e+00 1.245578310962190466e-03 4.417492294377659478e-04 -1.164612788453983725e-03
5.583690067903734011e+00 1.066224792477199696e-03 2.974656295190354367e-04 -1.023889401912086994e-03
5.614369683661446508e+00 9.409243486647744532e-04 2.552581741069864926e-04 -9.056389426597100068e-04
5.645049299419159894e+00 9.085372902450999325e-04 2.801296411313562306e-04 -8.642727532009363218e-04
5.675728915176872391e+00 9.744497082516090066e-04 3.070490847571757183e-04 -9.248097606867189792e-04
5.706408530934584888e+00 1.099240714454013555e-03 2.654767634557225276e-04 -1.066701568564724792e-03
5.737088146692298274e+00 1.232970735515322592e-03 1.106338200116573545e-04 -1.227997146782851268e-03
5.767767762450010771e+00 1.338982836571794757e-03 -1.543530487828276353e-04 -1.330056454803815952e-03
5.798447378207723268e+00 1.396065796745100821e-03 -4.775432325576485721e-04 -1.311850665998201505e-03
5.829126993965436654e+00 1.395598818319336402e-03 -7.800809203088161867e-04 -1.157225051346745656e-03
5.859806609723149151e+00 1.339549817555675060e-03 -9.907610331529724968e-04 -9.015466093880543721e-04
5.890486225480861648e+00 1.239501268572890547e-03 -1.076513681298626535e-03 -6.143953847244329773e-04
5.921165841238575034e+00 1.116151036573397428e-03 -1.054087958821543422e-03 -3.670036941384941030e-04
5.951845456996287531e+00 9.981868259519373517e-04 -9.778073348423960229e-04 -2.006732553989538112e-04
5.982525072754000917e+00 9.171598698039764219e-04 -9.103545890400724068e-04 -1.115201730294921451e-04
