# r  chir_mag  chir_re  chir_im
0.000000000000000000e+00 9.855451788016911588e-03 -9.855451788016911588e-03 0.000000000000000000e+00
3.067961575771282340e-02 9.795534678467710671e-03 -9.507771929837281755e-03 2.356856501202768579e-03
6.135923151542564680e-02 9.641003825115455547e-03 -8.577980367855309388e-03 4.400818965213149775e-03
9.203884727313846326e-02 9.466920404965450259e-03 -7.343535740053809026e-03 5.974534692216921031e-03
1.227184630308512936e-01 9.391101639844957188e-03 -6.093114600198270593e-03 7.146099948835681406e-03
1.533980787885641239e-01 9.547290754267044599e-03 -4.966272884764763064e-03 8.153949618470993782e-03
1.840776945462769265e-01 1.003295696243682207e-02 -3.873723764246403498e-03 9.254971075504351760e-03
2.147573103039897569e-01 1.085874089515344310e-02 -2.543366970035973017e-03 1.055668216267818642e-02
2.454369260617025872e-01 1.194232447189304790e-02 -6.699811361030392608e-04 1.192351622086545472e-02
2.761165418194154175e-01 1.314739484122449259e-02 1.908867330222531900e-03 1.300808274215172443e-02
3.067961575771282479e-01 1.433079661999279129e-02 5.101712396737916391e-03 1.339194766957246818e-02
3.374757733348410782e-01 1.537473293623650011e-02 8.572401080234491252e-03 1.276308554308831431e-02
3.681553890925538530e-01 1.620330858127890308e-02 1.186021587108476195e-02 1.104004023866831871e-02
3.988350048502666834e-01 1.678733498942786007e-02 1.454310517077286348e-02 8.385267320670726152e-03
4.295146206079795137e-01 1.713784021199410076e-02 1.635710039275400929e-02 5.113788602710200512e-03
4.601942363656923440e-01 1.728684635510886747e-02 1.721614474420795834e-02 1.561863326805991697e-03
4.908738521234051744e-01 1.725669617061369870e-02 1.714035931117794190e-02 -2.000411309853310227e-03
5.215534678811180047e-01 1.702608691946562794e-02 1.615992341482255443e-02 -5.361390772576492963e-03
5.522330836388308350e-01 1.650720254332334672e-02 1.427976799018506639e-02 -8.281060436489202231e-03
5.829126993965436654e-01 1.554661664892862880e-02 1.155277748086065183e-02 -1.040339472030470808e-02
6.135923151542564957e-01 1.395245428831515255e-02 8.233964212877156741e-03 -1.126378329019970745e-02
6.442719309119693261e-01 1.154310550895634030e-02 4.917576284475832539e-03 -1.044321446094348231e-02
6.749515466696821564e-01 8.233863445356388172e-03 2.538123323995833402e-03 -7.832907329272095764e-03
7.056311624273949867e-01 4.450516567557552018e-03 2.166179199236875977e-03 -3.887771263191514958e-03
7.363107781851077061e-01 4.641967679286940381e-03 4.633271026439514211e-03 2.840132586706291392e-04
7.669903939428205364e-01 1.058942350092726380e-02 1.012638348969371188e-02 3.097135370249296058e-03
7.976700097005333667e-01 1.817700408261843301e-02 1.794176252351492931e-02 2.914898792294922780e-03
8.283496254582461971e-01 2.658137470574164010e-02 2.654330956843823849e-02 -1.422040224851789814e-03
8.590292412159590274e-01 3.543799728681500810e-02 3.394300054398813327e-02 -1.018451598119073445e-02
8.897088569736718577e-01 4.446822349572780025e-02 3.826638047476119825e-02 -2.265186584427014704e-02
9.203884727313846881e-01 5.348941068549016575e-02 3.826373842241424794e-02 -3.737650836316962211e-02
9.510680884890975184e-01 6.246658270938004742e-02 3.353706521273860930e-02 -5.270046690783997123e-02
9.817477042468103487e-01 7.155844387069607015e-02 2.438134932715090714e-02 -6.727674705411222644e-02
1.012427320004523068e+00 8.112931145756945017e-02 1.133041628913769062e-02 -8.033421963456266468e-02
1.043106935762236009e+00 9.170217699766583519e-02 -5.343101235077247005e-03 -9.154638461076956835e-02
1.073786551519948729e+00 1.038475472809137906e-01 -2.588499258342898471e-02 -1.005697779415737209e-01
1.104466167277661670e+00 1.180412935494236371e-01 -5.089854961957737678e-02 -1.065039183760138619e-01
1.135145783035374389e+00 1.345557289865849659e-01 -8.080830212788667199e-02 -1.075883939387492216e-01
1.165825398793087331e+00 1.534376884487858028e-01 -1.152037568185769190e-01 -1.013470209300344899e-01
1.196505014550800050e+00 1.745822831593868141e-01 -1.524054475073970683e-01 -8.515605182965189923e-02
1.227184630308512991e+00 1.978723249398959549e-01 -1.894930066002248337e-01 -5.697242689869300158e-02
1.257864246066225711e+00 2.233417415709725573e-01 -2.227786528776783126e-01 -1.584945898010453602e-02
1.288543861823938652e+00 2.513232221345062523e-01 -2.484302360033343593e-01 3.802341151708983624e-02
1.319223477581651371e+00 2.825398199571046431e-01 -2.628133475988367329e-01 1.037202689221645158e-01
1.349903093339364313e+00 3.180990306393473577e-01 -2.622480398063876117e-01 1.800359933774348942e-01
1.380582709097077032e+00 3.593612478138648592e-01 -2.422510188652980956e-01 2.654335138769461921e-01
1.411262324854789973e+00 4.076937244689081696e-01 -1.967991928291523696e-01 3.570493672773053517e-01
1.441941940612502693e+00 4.641728134668687278e-01 -1.184520884232559967e-01 4.488045270604092418e-01
1.472621556370215412e+00 5.293240467023921925e-01 -7.768638046289649975e-05 5.293240410015613850e-01
1.503301172127928353e+00 6.029672077724439472e-01 1.616433550824310228e-01 5.808966167973373951e-01
1.533980787885641073e+00 6.841813780179792914e-01 3.616618518905118096e-01 5.807795303845568746e-01
1.564660403643354014e+00 7.713636476895050498e-01 5.825624151217579927e-01 5.055916429930021883e-01
1.595340019401066733e+00 8.623437214913244331e-01 7.931653041535926540e-01 3.384161554690403584e-01
1.626019635158779675e+00 9.545254015932861380e-01 9.514215479568089995e-01 7.691411034585091122e-02
1.656699250916492394e+00 1.045038560266656091e+00 1.012117387753059150e+00 -2.602383251024512067e-01
1.687378866674205335e+00 1.130893439025644431e+00 9.381978314070104075e-01 -6.314307559617537979e-01
1.718058482431918055e+00 1.209132365486085492e+00 7.128692163684939853e-01 -9.766363487092553086e-01
1.748738098189630996e+00 1.276974416730404238e+00 3.487133988154118569e-01 -1.228439101653215459e+00
1.779417713947343715e+00 1.331948104442279623e+00 -1.096751418964436731e-01 -1.327424994558026761e+00
1.810097329705056657e+00 1.372006850074467987e+00 -5.914533104225363491e-01 -1.237976485334631338e+00
1.840776945462769376e+00 1.395622238036140272e+00 -1.013170384488842446e+00 -9.598162341280417342e-01
1.871456561220482318e+00 1.401850821465573160e+00 -1.297207876854184372e+00 -5.314484451676959598e-01
1.902136176978195037e+00 1.390371506288324621e+00 -1.390167749712139189e+00 -2.380237716598096812e-02
1.932815792735907978e+00 1.361492104491937916e+00 -1.276037643080742079e+00 4.747511811831864881e-01
1.963495408493620697e+00 1.316125367713416150e+00 -9.802831070710985584e-01 8.781975936711556852e-01
1.994175024251333417e+00 1.255736535943165366e+00 -5.636003919655271366e-01 1.122153664111490867e+00
2.024854640009046136e+00 1.182266028205651853e+00 -1.070800751594424560e-01 1.177406819647743852e+00
2.055534255766759077e+00 1.098032249402929761e+00 3.070051795282807139e-01 1.054240314383616095e+00
2.086213871524472019e+00 1.005620503964756107e+00 6.134591999074680002e-01 7.968314803289460180e-01
2.116893487282184960e+00 9.077646370383868346e-01 7.766894237127954792e-01 4.698831507408195995e-01
2.147573103039897457e+00 8.072282449074725807e-01 7.946932404895287183e-01 1.417042444553117952e-01
2.178252718797610399e+00 7.066921179064508118e-01 6.943663051620642124e-01 -1.314122664239839866e-01
2.208932334555323340e+00 6.086540394266202192e-01 5.204687026910522762e-01 -3.155504226418257008e-01
2.239611950313036282e+00 5.153462172495532068e-01 3.220926865486656299e-01 -4.022909704496071548e-01
2.270291566070748779e+00 4.286745001805421507e-01 1.406424951619246189e-01 -4.049463120707060271e-01
2.300971181828461720e+00 3.501820356005951873e-01 2.271191311032720941e-03 -3.501746703395395288e-01
2.331650797586174662e+00 2.810376141961656860e-01 -8.407363254171995592e-02 -2.681674195429278873e-01
2.362330413343887603e+00 2.220438427677020876e-01 -1.236844377349321650e-01 -1.844061494995264672e-01
2.393010029101600100e+00 1.736479256557602324e-01 -1.301904595267900644e-01 -1.149088609844848563e-01
2.423689644859313042e+00 1.359113422750832523e-01 -1.191251977675001489e-01 -6.542996420500937771e-02
2.454369260617025983e+00 1.083647219223167479e-01 -1.029623890192589986e-01 -3.378845075980560497e-02
2.485048876374738480e+00 8.973606795471149311e-02 -8.867514106806179131e-02 -1.375795219253002355e-02
2.515728492132451422e+00 7.783060250943434066e-02 -7.782258439949060747e-02 1.117159060173319616e-03
2.546408107890164363e+00 6.999561974722405544e-02 -6.838097748910641760e-02 1.494753161670190310e-02
2.577087723647877304e+00 6.396492177332996354e-02 -5.720678137469234481e-02 2.861634816353015101e-02
2.607767339405589802e+00 5.835730742005587612e-02 -4.213710542210700322e-02 4.037374983779868504e-02
2.638446955163302743e+00 5.264353133438517962e-02 -2.313514044404279060e-02 4.728748955050172259e-02
2.669126570921015684e+00 4.689947457428811362e-02 -2.358438687215848057e-03 4.684013751370655343e-02
2.699806186678728626e+00 4.158200692277982252e-02 1.660868885673919687e-02 3.812105394904679451e-02
2.730485802436441123e+00 3.735296820579641491e-02 2.994130887524177123e-02 2.233298584203657206e-02
2.761165418194154064e+00 3.485566505079035898e-02 3.475903272441532854e-02 2.593651903381164782e-03
2.791845033951867006e+00 3.438333772658015014e-02 2.999452920388426258e-02 -1.680898959061501510e-02
2.822524649709579947e+00 3.565208463627841246e-02 1.676666759509544413e-02 -3.146347082996304306e-02
2.853204265467292444e+00 3.796260583956699575e-02 -1.794444769277706280e-03 -3.792017154629364478e-02
2.883883881225005386e+00 4.056203102439028679e-02 -2.121824606155491705e-02 -3.456970342503547233e-02
2.914563496982718327e+00 4.286062591476554745e-02 -3.671680428484194042e-02 -2.211129885181068594e-02
2.945243112740430824e+00 4.447422078686643493e-02 -4.433775802729086890e-02 -3.481311205903061482e-03
2.975922728498143766e+00 4.520304850786101974e-02 -4.197424061789113703e-02 1.677732752721404486e-02
3.006602344255856707e+00 4.500980580173451207e-02 -2.996456577892710541e-02 3.358582165125939545e-02
3.037281960013569648e+00 4.401228545561476635e-02 -1.109585428070837369e-02 4.259064790312311333e-02
3.067961575771282146e+00 4.248868368325406375e-02 1.002434293475978032e-02 4.128923334069006107e-02
3.098641191528995087e+00 4.088457119956732250e-02 2.808593390818012528e-02 2.971074685493159048e-02
3.129320807286708028e+00 3.979282184963110758e-02 3.839404681005952752e-02 1.045781240525171449e-02
3.160000423044420970e+00 3.985490138752145750e-02 3.803552792761814849e-02 -1.190427569726273775e-02
3.190680038802133467e+00 4.155954421142592226e-02 2.659104682152830385e-02 -3.193919134851030267e-02
3.221359654559846408e+00 4.504745872485182295e-02 6.228953593485225988e-03 -4.461472486407862953e-02
3.252039270317559350e+00 5.009984201395152603e-02 -1.880475489270761608e-02 -4.643678889897632361e-02
3.282718886075272291e+00 5.630208634582452298e-02 -4.313187698394182340e-02 -3.618792774855711381e-02
3.313398501832984788e+00 6.321259350353068684e-02 -6.137103302462363491e-02 -1.514689020667822107e-02
3.344078117590697730e+00 7.044583075769234037e-02 -6.919881520048472290e-02 1.319617543042666402e-02
3.374757733348410671e+00 7.768847547878850179e-02 -6.415457382540985798e-02 4.381426570762494976e-02
3.405437349106123612e+00 8.468770608436733405e-02 -4.608641924006915552e-02 7.104962718734542104e-02
3.436116964863836110e+00 9.123370592014240499e-02 -1.720928632753102733e-02 8.959592379132033657e-02
3.466796580621549051e+00 9.714481723940002200e-02 1.820918245329740739e-02 9.542295945347196995e-02
3.497476196379261992e+00 1.022578534574255932e-01 5.449467483485174318e-02 8.652744656098493303e-02
3.528155812136974490e+00 1.064238784447055913e-01 8.547902574220504757e-02 6.339856513657794734e-02
3.558835427894687431e+00 1.095088045979375480e-01 1.055732624197851244e-01 2.909406376758760446e-02
3.589515043652400372e+00 1.113976077271923298e-01 1.108386596750265546e-01 -1.114533663848064036e-02
3.620194659410113314e+00 1.120006474183007916e-01 9.984649523429102447e-02 -5.074270796427034214e-02
3.650874275167825811e+00 1.112605199708474185e-01 7.411115695895409416e-02 -8.298457518351592954e-02
3.681553890925538752e+00 1.091580453724799310e-01 3.794019585065798450e-02 -1.023524323519187512e-01
3.712233506683251694e+00 1.057163445072989150e-01 -2.331553004229106746e-03 -1.056906304105258848e-01
3.742913122440964635e+00 1.010024199622005792e-01 -3.959808171047149439e-02 -9.291652578024836573e-02
3.773592738198677132e+00 9.512614007809432060e-02 -6.745880006417120933e-02 -6.706931354993427019e-02
3.804272353956390074e+00 8.823699171794024965e-02 -8.156683512878876163e-02 -3.365439220227946227e-02
3.834951969714103015e+00 8.051939947304219414e-02 -8.051733914349609722e-02 5.760110681054830296e-04
3.865631585471815956e+00 7.218784609836169375e-02 -6.605623747877722995e-02 2.911457735341761721e-02
3.896311201229528454e+00 6.348359092374818158e-02 -4.256428964490158173e-02 4.710039876262966246e-02
3.926990816987241395e+00 5.467572928513042552e-02 -1.595604930801564070e-02 5.229569641319486983e-02
3.957670432744954336e+00 4.607111315397265094e-02 7.724426557111296714e-03 4.541894650484470941e-02
3.988350048502666834e+00 3.804047861914101880e-02 2.366594380800341943e-02 2.978256398045255049e-02
4.019029664260379775e+00 3.106820521246258029e-02 2.929210875715017315e-02 1.035402045984908613e-02
4.049709280018092272e+00 2.580392592658765916e-02 2.468703224372905541e-02 -7.509529427461135095e-03
4.080388895775805658e+00 2.296084280682074777e-02 1.237647278275129728e-02 -1.933968003503027180e-02
4.111068511533518155e+00 2.281071981509076238e-02 -3.449541373229378805e-03 -2.254838359610180851e-02
4.141748127291231540e+00 2.474436308625790892e-02 -1.806041711059606231e-02 -1.691463385166383157e-02
4.172427743048944038e+00 2.773458476266446940e-02 -2.737097567742844545e-02 -4.476257635909773602e-03
4.203107358806656535e+00 3.096672659668242567e-02 -2.890187367956690428e-02 1.111844656074024822e-02
4.233786974564369920e+00 3.395661859958745005e-02 -2.229085046388446303e-02 2.561581410602813483e-02
4.264466590322082418e+00 3.644576340881627158e-02 -9.248951034817131864e-03 3.525266763249224056e-02
4.295146206079794915e+00 3.830675567461982317e-02 7.000399906728242000e-03 3.766167722580736343e-02
4.325825821837508300e+00 3.948936644431593618e-02 2.262820521222012188e-02 3.236316410747131639e-02
4.356505437595220798e+00 3.999223555439680722e-02 3.419490964903185853e-02 2.073854041954031543e-02
4.387185053352934183e+00 3.984774988804778983e-02 3.946258542898817973e-02 5.526981309921577372e-03
4.417864669110646680e+00 3.911351333315793433e-02 3.781848787080181046e-02 -9.981427775080074088e-03
4.448544284868359178e+00 3.786710157622655282e-02 3.022871886122826049e-02 -2.280662048162950678e-02
4.479223900626072563e+00 3.620232499275879978e-02 1.878483462454336519e-02 -3.094734759248173733e-02
4.509903516383785060e+00 3.422587061043456252e-02 6.022534468824464020e-03 -3.369182835071480447e-02
4.540583132141497558e+00 3.205342229642612478e-02 -5.757894376799618796e-03 -3.153202393216532340e-02
4.571262747899210943e+00 2.980440811072798332e-02 -1.496905660864191259e-02 -2.577266162192220697e-02
4.601942363656923440e+00 2.759459383626339940e-02 -2.090551568193471307e-02 -1.801169128818079154e-02
4.632621979414635938e+00 2.552612373548744304e-02 -2.361814844027337879e-02 -9.683287520910842730e-03
4.663301595172349323e+00 2.367570299602902995e-02 -2.360727138240590120e-02 -1.798791325756641819e-03
4.693981210930061820e+00 2.208357504445080874e-02 -2.149204229462185062e-02 5.077046853248076350e-03
4.724660826687775206e+00 2.074788558123866200e-02 -1.779085672026726669e-02 1.067521303071242329e-02
4.755340442445487703e+00 1.962880107963548351e-02 -1.287433829000528621e-02 1.481692429009485654e-02
4.786020058203200200e+00 1.866297738926073549e-02 -7.064473558282301398e-03 1.727425652166794667e-02
4.816699673960913586e+00 1.778378506394421438e-02 -7.887710336617228916e-04 1.776628412068830681e-02
4.847379289718626083e+00 1.694031242881620380e-02 5.318011216919734871e-03 1.608393427873356513e-02
4.878058905476338580e+00 1.610993946131022633e-02 1.043783312771740142e-02 1.227117716623004305e-02
4.908738521234051966e+00 1.530257848579999122e-02 1.372712264313535012e-02 6.762766612444164743e-03
4.939418136991764463e+00 1.455669380757740675e-02 1.455124501943623819e-02 3.982499113553245279e-04
4.970097752749476960e+00 1.392765512180097441e-02 1.270169345840577863e-02 -5.713716870874930957e-03
5.000777368507190346e+00 1.346964672037492122e-02 8.506914222463503317e-03 -1.044336120142145760e-02
5.031456984264902843e+00 1.321517598059095133e-02 2.789186987903703209e-03 -1.291748087455509529e-02
5.062136600022616229e+00 1.316019625225730086e-02 -3.321827154010342526e-03 -1.273405786687050942e-02
5.092816215780328726e+00 1.326266446314453180e-02 -8.657978052589545767e-03 -1.004677484085487842e-02
5.123495831538041223e+00 1.345489814492388525e-02 -1.227924754156553729e-02 -5.500396704168973409e-03
5.154175447295754608e+00 1.366185763042200227e-02 -1.366177473585524632e-02 -4.759181302757708494e-05
5.184855063053467106e+00 1.381657899937587843e-02 -1.276407768813960820e-02 5.289250988290422270e-03
5.215534678811179603e+00 1.386894040942391465e-02 -9.970530399795902998e-03 9.640333584834985189e-03
5.246214294568892988e+00 1.378844090163878350e-02 -5.946448605638608720e-03 1.244029145472420189e-02
5.276893910326605486e+00 1.356320639141018157e-02 -1.457116852658425690e-03 1.348470904742437616e-02
5.307573526084318871e+00 1.319712865565111741e-02 2.798171780858401281e-03 1.289707096354112542e-02
5.338253141842031368e+00 1.270629493296003554e-02 6.301369907829972895e-03 1.103370600514898443e-02
5.368932757599743866e+00 1.211525623775360806e-02 8.765679623211323004e-03 8.363150988093273619e-03
5.399612373357457251e+00 1.145329323279790576e-02 1.012509309784048045e-02 5.353542344701999779e-03
5.430291989115169748e+00 1.075063955525984265e-02 1.048129074653590155e-02 2.391400245399838160e-03
5.460971604872882246e+00 1.003461355390992092e-02 1.003130093164220082e-02 -2.578193071649536347e-04
5.491651220630595631e+00 9.325811715674961824e-03 8.998435586508006165e-03 -2.449269513893210983e-03
5.522330836388308128e+00 8.634890746828544419e-03 7.583364727078299034e-03 -4.129638921960353259e-03
5.553010452146020626e+00 7.960812184760019186e-03 5.943522296510309923e-03 -5.296137588083264618e-03
5.583690067903734011e+00 7.291407173736348842e-03 4.199212302939245647e-03 -5.960808217688066089e-03
5.614369683661446508e+00 6.606524933297179027e-03 2.456107801485919642e-03 -6.133001399132181203e-03
5.645049299419159894e+00 5.883086411596187733e-03 8.288737934546549970e-04 -5.824403313716503862e-03
5.675728915176872391e+00 5.100675600767544914e-03 -5.486493733476503331e-04 -5.071082275943724661e-03
5.706408530934584888e+00 4.246314003927401104e-03 -1.534728558593411287e-03 -3.959266456224908026e-03
5.737088146692298274e+00 3.317775967659457575e-03 -2.010401825528381099e-03 -2.639303292820058527e-03
5.767767762450010771e+00 2.326424290604560928e-03 -1.917882618926369017e-03 -1.316805315881990155e-03
5.798447378207723268e+00 1.308916797989735084e-03 -1.290346788221715052e-03 -2.197005921375853031e-04
5.829126993965436654e+00 5.188090938240348714e-04 -2.592208754522501370e-04 4.494078476888061142e-04
5.859806609723149151e+00 1.116414059925262704e-03 9.661643745532567246e-04 5.593806883893312704e-04
5.890486225480861648e+00 2.142087663402047690e-03 2.140620394745485627e-03 7.927094864404183846e-05
5.921165841238575034e+00 3.168850256037458561e-03 3.032638786151454959e-03 -9.190832051117539796e-04
5.951845456996287531e+00 4.149778183144537530e-03 3.465493544409977648e-03 -2.282764434398597882e-03
5.982525072754000917e+00 5.068598149178120925e-03 3.339295223334689221e-03 -3.813108260889795827e-03
