# r  chir_mag  chir_re  chir_im
0.000000000000000000e+00 1.453529359316622395e-02 -1.453529359316622395e-02 0.000000000000000000e+00
3.067961575771282340e-02 1.461169151091136140e-02 -1.450208920322651474e-02 1.786319554754986494e-03
6.135923151542564680e-02 1.482421953410129577e-02 -1.436933975148652412e-02 3.644113047310643290e-03
9.203884727313846326e-02 1.513240970574696379e-02 -1.405926303419823345e-02 5.597048011033317789e-03
1.227184630308512936e-01 1.549479123412717332e-02 -1.349956582562534396e-02 7.605937017146052054e-03
1.533980787885641239e-01 1.589252900706954880e-02 -1.266748511873940809e-02 9.597254764101170732e-03
1.840776945462769265e-01 1.634297994479744914e-02 -1.159607428822598957e-02 1.151625175905753549e-02
2.147573103039897569e-01 1.689707308626423043e-02 -1.033546144599913064e-02 1.336747229586882600e-02
2.454369260617025872e-01 1.761975384397416675e-02 -8.892423498352128655e-03 1.521119751525820338e-02
2.761165418194154175e-01 1.856006922679971291e-02 -7.188759763944167769e-03 1.711133842689972068e-02
3.067961575771282479e-01 1.972513272354110489e-02 -5.070829081634977212e-03 1.906220221763889333e-02
3.374757733348410782e-01 2.107222005652734792e-02 -2.373087939542628446e-03 2.093816877718562147e-02
3.681553890925538530e-01 2.252229667039300220e-02 9.948775649935364621e-04 2.250031257427034803e-02
3.988350048502666834e-01 2.398605158373131110e-02 4.984772656968108548e-03 2.346236799932526623e-02
4.295146206079795137e-01 2.539006739947214514e-02 9.405015059919925868e-03 2.358391855210701521e-02
4.601942363656923440e-01 2.669447687462978350e-02 1.397755430072542514e-02 2.274253880683545226e-02
4.908738521234051744e-01 2.789800099247055631e-02 1.842349549641560807e-02 2.094930244827836879e-02
5.215534678811180047e-01 2.902949314525849617e-02 2.252979052399844626e-02 1.830628338072368133e-02
5.522330836388308350e-01 3.012847936059176446e-02 2.616377260980948943e-02 1.493928617450601681e-02
5.829126993965436654e-01 3.122159444267689349e-02 2.923767852986721566e-02 1.095199131332444398e-02
6.135923151542564957e-01 3.230534424358895429e-02 3.165894224717968886e-02 6.430135495191928278e-03
6.442719309119693261e-01 3.334471123420110206e-02 3.331153785143286389e-02 1.487014883857185835e-03
6.749515466696821564e-01 3.429066672215413947e-02 3.409143496163696829e-02 -3.691054931361176152e-03
7.056311624273949867e-01 3.511115284999796748e-02 3.397860265241017114e-02 -8.845768267682829408e-03
7.363107781851077061e-01 3.582409942986368445e-02 3.309587452466158930e-02 -1.371237358769864141e-02
7.669903939428205364e-01 3.651889415234720743e-02 3.170499911041409907e-02 -1.812243530872659561e-02
7.976700097005333667e-01 3.735395341486976578e-02 3.012627390228513058e-02 -2.208450715965276992e-02
8.283496254582461971e-01 3.852494322821391898e-02 2.861944619382439381e-02 -2.578950465394587790e-02
8.590292412159590274e-01 4.021509949682765261e-02 2.729539081739432507e-02 -2.953330099507085402e-02
8.897088569736718577e-01 4.256095117735961275e-02 2.611379537613853566e-02 -3.360809807434443630e-02
9.203884727313846881e-01 4.567139291031761111e-02 2.496288394317278461e-02 -3.824566061147717522e-02
9.510680884890975184e-01 4.970863023424935273e-02 2.374651592202030315e-02 -4.366979392360999940e-02
9.817477042468103487e-01 5.499239972886661026e-02 2.237105577350151364e-02 -5.023643987702883923e-02
1.012427320004523068e+00 6.205603742245990179e-02 2.056419640141338157e-02 -5.854968494314756466e-02
1.043106935762236009e+00 7.158971831878560566e-02 1.756442975636653483e-02 -6.940157473931504728e-02
1.073786551519948729e+00 8.427226875473534107e-02 1.184061278991577378e-02 -8.343629408015211524e-02
1.104466167277661670e+00 1.005843307690355432e-01 1.060400898257470980e-03 -1.005787410250780917e-01
1.135145783035374389e+00 1.207102552926245242e-01 -1.753167463414469912e-02 -1.194303400201685572e-01
1.165825398793087331e+00 1.445552424910307998e-01 -4.633741448450823253e-02 -1.369272147914051274e-01
1.196505014550800050e+00 1.718356263916895055e-01 -8.645146868305698951e-02 -1.485046331262654951e-01
1.227184630308512991e+00 2.021983894682239657e-01 -1.368885397156874573e-01 -1.488143689233343003e-01
1.257864246066225711e+00 2.353488573048014565e-01 -1.943134825421385659e-01 -1.327831131470482151e-01
1.288543861823938652e+00 2.711753165333165017e-01 -2.533783498602053541e-01 -9.662020554244214743e-02
1.319223477581651371e+00 3.098540358480036394e-01 -3.074648545897559759e-01 -3.840425397525837337e-02
1.349903093339364313e+00 3.519080767886786365e-01 -3.494080777877185406e-01 4.187230213157833170e-02
1.380582709097077032e+00 3.981884681813319116e-01 -3.717972773431261757e-01 1.425511864308189047e-01
1.411262324854789973e+00 4.497557047359291849e-01 -3.667625909565181974e-01 2.603178745637226288e-01
1.441941940612502693e+00 5.076668871774863145e-01 -3.256447520342968249e-01 3.894626603526966102e-01
1.472621556370215412e+00 5.727102777369114106e-01 -2.393480133008009658e-01 5.202975982593517346e-01
1.503301172127928353e+00 6.451535132368649839e-01 -1.002028610131733000e-01 6.373244403650658585e-01
1.533980787885641073e+00 7.245669328807907705e-01 9.434995238463429745e-02 7.183977496549481812e-01
1.564660403643354014e+00 8.097532791982871014e-01 3.369099861664709428e-01 7.363369027786719201e-01
1.595340019401066733e+00 8.987805773197644621e-01 6.058130099094224397e-01 6.639255403972157410e-01
1.626019635158779675e+00 9.890942848901227435e-01 8.637007695752948466e-01 4.820046525059137332e-01
1.656699250916492394e+00 1.077680581024773376e+00 1.061015757912082247e+00 1.887882310424636723e-01
1.687378866674205335e+00 1.161257534369485311e+00 1.145149473486677394e+00 -1.927478780767299116e-01
1.718058482431918055e+00 1.236477263960435113e+00 1.073906832103112441e+00 -6.128622522666420380e-01
1.748738098189630996e+00 1.300126622858509107e+00 8.298525078263556676e-01 -1.000836675347071880e+00
1.779417713947343715e+00 1.349316193414265452e+00 4.308591488418687665e-01 -1.278676887907662207e+00
1.810097329705056657e+00 1.381648480050675643e+00 -6.752392969524810551e-02 -1.379997478745832229e+00
1.840776945462769376e+00 1.395357077004668378e+00 -5.802470441044940141e-01 -1.268989653289186448e+00
1.871456561220482318e+00 1.389409830580917049e+00 -1.010614607919938956e+00 -9.534766864342935078e-01
1.902136176978195037e+00 1.363570805680708764e+00 -1.273561107000818149e+00 -4.872037036390295950e-01
1.932815792735907978e+00 1.318418175166961692e+00 -1.317796315382177008e+00 4.048895868924410474e-02
1.963495408493620697e+00 1.255317830533168921e+00 -1.140027522911708058e+00 5.255093744723274840e-01
1.994175024251333417e+00 1.176355370114845922e+00 -7.865454480411450122e-01 8.747332250256590891e-01
2.024854640009046136e+00 1.084231965813533760e+00 -3.412672228354660664e-01 1.029123723519212330e+00
2.055534255766759077e+00 9.821322900525187860e-01 9.640389155264152132e-02 9.773894438028843945e-01
2.086213871524472019e+00 8.735751256314369106e-01 4.373062814380784258e-01 7.562385313753728910e-01
2.116893487282184960e+00 7.622595111389618427e-01 6.241836953626503925e-01 4.375320294164019019e-01
2.147573103039897457e+00 6.519214081774478142e-01 6.431258563202999490e-01 1.067270133206555532e-01
2.178252718797610399e+00 5.462178405124912262e-01 5.221095233549915005e-01 -1.604854352150153207e-01
2.208932334555323340e+00 4.486556203385581032e-01 3.181675475173681433e-01 -3.163246392049782751e-01
2.239611950313036282e+00 3.625715552853941981e-01 9.814898904346029684e-02 -3.490342514020885467e-01
2.270291566070748779e+00 2.911184551636141205e-01 -8.044531855942649301e-02 -2.797829617019620962e-01
2.300971181828461720e+00 2.370414832748914402e-01 -1.828467913085265184e-01 -1.508499774654831760e-01
2.331650797586174662e+00 2.017706664211367518e-01 -2.015210878267860994e-01 -1.003259633088113625e-02
2.362330413343887603e+00 1.837992743458774225e-01 -1.520098105590406146e-01 1.033208146690477169e-01
2.393010029101600100e+00 1.782408395613081786e-01 -6.311219598139569675e-02 1.666932740272561164e-01
2.423689644859313042e+00 1.791384668897178511e-01 3.428811659939285522e-02 1.758263785092128162e-01
2.454369260617025983e+00 1.820832970195336575e-01 1.158824277674939812e-01 1.404478194498413879e-01
2.485048876374738480e+00 1.848697112595198422e-01 1.679617006091352893e-01 7.723779689805664039e-02
2.515728492132451422e+00 1.868949431048857468e-01 1.868670438192196193e-01 3.229193776213910849e-03
2.546408107890164363e+00 1.883892593968594653e-01 1.756166120184041446e-01 -6.818591232266760227e-02
2.577087723647877304e+00 1.898346218350853154e-01 1.400703540806082503e-01 -1.281307127702132065e-01
2.607767339405589802e+00 1.916005505279506915e-01 8.647162195387636530e-02 -1.709778627755057512e-01
2.638446955163302743e+00 1.937736421985868096e-01 2.098295070765697143e-02 -1.926342134474195167e-01
2.669126570921015684e+00 1.961464327489289838e-01 -4.941572854116935837e-02 -1.898196745674051167e-01
2.699806186678728626e+00 1.983089883773691553e-01 -1.159883376233267482e-01 -1.608513612209504784e-01
2.730485802436441123e+00 1.997754615149119894e-01 -1.684654407062596004e-01 -1.073761161112740947e-01
2.761165418194154064e+00 2.000933199366485005e-01 -1.968582104574048142e-01 -3.583548044575497055e-02
2.791845033951867006e+00 1.989122423166475861e-01 -1.943164693391004061e-01 4.251105605631529116e-02
2.822524649709579947e+00 1.960133772127111151e-01 -1.598054483767265277e-01 1.135053422330683515e-01
2.853204265467292444e+00 1.913104655194900749e-01 -9.931580446400972706e-02 1.635116668649383709e-01
2.883883881225005386e+00 1.848354280812540829e-01 -2.488482635164189147e-02 1.831526163925295270e-01
2.914563496982718327e+00 1.767178715644134313e-01 4.839107175887812778e-02 1.699632616311055056e-01
2.945243112740430824e+00 1.671641159487764206e-01 1.063523172844985237e-01 1.289690903633630981e-01
2.975922728498143766e+00 1.564382819825745619e-01 1.393976551399518371e-01 7.100161836988348740e-02
3.006602344255856707e+00 1.448460548264856040e-01 1.445398816086760907e-01 9.412875402721830945e-03
3.037281960013569648e+00 1.327208669423611820e-01 1.253487278292047258e-01 -4.361794302270449730e-02
3.067961575771282146e+00 1.204121656889189790e-01 9.002843123693617111e-02 -7.996231121542156373e-02
3.098641191528995087e+00 1.082758257508644462e-01 4.849073148268370076e-02 -9.681065748307789154e-02
3.129320807286708028e+00 9.666723972964137712e-02 9.499434468769272708e-03 -9.619935541219346020e-02
3.160000423044420970e+00 8.593763281246076524e-02 -2.124393037635892781e-02 -8.327047589376289360e-02
3.190680038802133467e+00 7.643287001560199190e-02 -4.168269627634194757e-02 -6.406665630385387222e-02
3.221359654559846408e+00 6.849037901179914900e-02 -5.278409465812090862e-02 -4.364368646554080827e-02
3.252039270317559350e+00 6.242382134097818058e-02 -5.719997414122880014e-02 -2.499792849523974417e-02
3.282718886075272291e+00 5.848238339887819326e-02 -5.779748749544055125e-02 -8.924102600697482804e-03
3.313398501832984788e+00 5.678623746043784393e-02 -5.652949471153344285e-02 5.393792040109295777e-03
3.344078117590697730e+00 5.727522203408223073e-02 -5.388608568797446235e-02 1.940981268023192485e-02
3.374757733348410671e+00 5.972095343875147289e-02 -4.894956282869828562e-02 3.421304690484085892e-02
3.405437349106123612e+00 6.380138631667614524e-02 -3.993393351751337028e-02 4.975839476659764393e-02
3.436116964863836110e+00 6.918049083865282500e-02 -2.502774348665835064e-02 6.449459177824880263e-02
3.466796580621549051e+00 7.554800070639752785e-02 -3.335623875159809872e-03 7.547432692046551761e-02
3.497476196379261992e+00 8.261959444627807458e-02 2.430755314561256278e-02 7.896290424332608193e-02
3.528155812136974490e+00 9.011901460784355056e-02 5.489510197756882620e-02 7.147002569441988917e-02
3.558835427894687431e+00 9.775974944094142915e-02 8.340274043427228778e-02 5.099952449591123316e-02
3.589515043652400372e+00 1.052345127117145090e-01 1.036529504753323644e-01 1.817604256790517070e-02
3.620194659410113314e+00 1.122145304884432787e-01 1.097979586146266978e-01 -2.316266687586924014e-02
3.650874275167825811e+00 1.183577308648341847e-01 9.807831202676035864e-02 -6.625101633525296019e-02
3.681553890925538752e+00 1.233237799997366629e-01 6.831959318879073095e-02 -1.026702873276469641e-01
3.712233506683251694e+00 1.267935041208635982e-01 2.460103748620756994e-02 -1.243840087866991961e-01
3.742913122440964635e+00 1.284901553300440147e-01 -2.527740515377035341e-02 -1.259792554567258360e-01
3.773592738198677132e+00 1.282000810433008842e-01 -7.152590343673138895e-02 -1.063922267699491664e-01
3.804272353956390074e+00 1.257906070545857236e-01 -1.048567682288257946e-01 -6.948622151022101900e-02
3.834951969714103015e+00 1.212233293245393723e-01 -1.189837590436092080e-01 -2.319397888198730315e-02
3.865631585471815956e+00 1.145615125030308851e-01 -1.123144906046874003e-01 2.257864803728712108e-02
3.896311201229528454e+00 1.059708895061351186e-01 -8.826280346473372451e-02 5.864730980417846157e-02
3.926990816987241395e+00 9.571382314439375039e-02 -5.407196512310594866e-02 7.897694935005973582e-02
3.957670432744954336e+00 8.413752854073701382e-02 -1.855325705026415056e-02 8.206643870529632678e-02
3.988350048502666834e+00 7.165794679305506620e-02 1.048958202547355459e-02 7.088603534919393767e-02
4.019029664260379775e+00 5.874225450523440362e-02 2.830066960295561651e-02 5.147547536819912367e-02
4.049709280018092272e+00 4.589618620771603041e-02 3.405920664108621349e-02 3.076410816833688097e-02
4.080388895775805658e+00 3.367254542797402939e-02 3.043794773125176045e-02 1.440040463002899979e-02
4.111068511533518155e+00 2.275825208526870494e-02 2.213163831273583237e-02 5.303642481434891857e-03
4.141748127291231540e+00 1.436962775962254829e-02 1.397976258348313655e-02 3.324521027089436150e-03
4.172427743048944038e+00 1.111277749411476723e-02 9.374482523026092876e-03 5.967654569358220480e-03
4.203107358806656535e+00 1.358759785749867784e-02 9.451934752109475771e-03 9.761339302522369088e-03
4.233786974564369920e+00 1.764308930655432081e-02 1.321407943416309794e-02 1.169045358344488611e-02
4.264466590322082418e+00 2.100190177376385151e-02 1.837120388937315760e-02 1.017736438229003247e-02
4.295146206079794915e+00 2.309597539076552533e-02 2.246880429154413800e-02 5.345737831126262142e-03
4.325825821837508300e+00 2.387549959293647217e-02 2.383511446452073884e-02 -1.388091954988551931e-03
4.356505437595220798e+00 2.348261423350216440e-02 2.203760189072798484e-02 -8.110318991584781340e-03
4.387185053352934183e+00 2.215402113098287676e-02 1.778074618808527310e-02 -1.321535914256312741e-02
4.417864669110646680e+00 2.017839801833787999e-02 1.240279196527274523e-02 -1.591661075897215019e-02
4.448544284868359178e+00 1.786951391406543452e-02 7.250761941695093964e-03 -1.633235986591785247e-02
4.479223900626072563e+00 1.554219957963987389e-02 3.201762598398486936e-03 -1.520883572259410128e-02
4.509903516383785060e+00 1.348012678143223515e-02 4.840833674367639103e-04 -1.347143204477006112e-02
4.540583132141497558e+00 1.188272570115874414e-02 -1.200391741957030191e-03 -1.182193849395351756e-02
4.571262747899210943e+00 1.079767651284029191e-02 -2.371984962217318135e-03 -1.053392165411143507e-02
4.601942363656923440e+00 1.009490547807127478e-02 -3.454569504122503940e-03 -9.485413335874205015e-03
4.632621979414635938e+00 9.535143892959657003e-03 -4.580378432469540614e-03 -8.362960150258622397e-03
4.663301595172349323e+00 8.883440473101571200e-03 -5.577582044601313294e-03 -6.914195048946776036e-03
4.693981210930061820e+00 7.980657434600847006e-03 -6.113715411722557558e-03 -5.129656611598465248e-03
4.724660826687775206e+00 6.760730505331552162e-03 -5.909429343843320033e-03 -3.284223164744462173e-03
4.755340442445487703e+00 5.253408890985201626e-03 -4.922353264838608480e-03 -1.835413662370162990e-03
4.786020058203200200e+00 3.640641186171820164e-03 -3.425975140572415627e-03 -1.231650349178034726e-03
4.816699673960913586e+00 2.598895238933560808e-03 -1.956013072861961626e-03 -1.711218665672109909e-03
4.847379289718626083e+00 3.369944135459692659e-03 -1.146441140424453746e-03 -3.168942439941352558e-03
4.878058905476338580e+00 5.358089281873058655e-03 -1.513648929816560369e-03 -5.139843156146705651e-03
4.908738521234051966e+00 7.640631279765021204e-03 -3.262421868201719442e-03 -6.909113539898072143e-03
4.939418136991764463e+00 9.887102076109615181e-03 -6.180429967833446503e-03 -7.717322908633363412e-03
4.970097752749476960e+00 1.193032880267015129e-02 -9.661883698384820043e-03 -6.998624774818740582e-03
5.000777368507190346e+00 1.365171072658294057e-02 -1.286210153567366767e-02 -4.575538203132042091e-03
5.031456984264902843e+00 1.496050998709393468e-02 -1.494210586098902900e-02 -7.418433210150631157e-04
5.062136600022616229e+00 1.579303771831754369e-02 -1.532809677267734857e-02 3.803878244586545582e-03
5.092816215780328726e+00 1.611785708566840225e-02 -1.389751486219883980e-02 8.163602004568414061e-03
5.123495831538041223e+00 1.594415595898257543e-02 -1.102012412294669369e-02 1.152271554622467942e-02
5.154175447295754608e+00 1.533332152607267372e-02 -7.428401367609292240e-03 1.341378403522376639e-02
5.184855063053467106e+00 1.441473218494702946e-02 -3.953539038926525036e-03 1.386196353448643746e-02
5.215534678811179603e+00 1.340458644124761269e-02 -1.218940984215473398e-03 1.334904942450506997e-02
5.246214294568892988e+00 1.261295096467525585e-02 5.918089972964180653e-04 1.259905925646916808e-02
5.276893910326605486e+00 1.239085432486800031e-02 1.795500396354159133e-03 1.226007541684765063e-02
5.307573526084318871e+00 1.297198400379979445e-02 3.063289106731566583e-03 1.260510328571001586e-02
5.338253141842031368e+00 1.432065882741674102e-02 5.114972541584367378e-03 1.337603547954725573e-02
5.368932757599743866e+00 1.617770928012893239e-02 8.369261199651962732e-03 1.384462872468489314e-02
5.399612373357457251e+00 1.822510015207284839e-02 1.269125813577851557e-02 1.307999397874943376e-02
5.430291989115169748e+00 2.018805700583217733e-02 1.734677159374186511e-02 1.032701123003553281e-02
5.460971604872882246e+00 2.185950177480465439e-02 2.119463956130899357e-02 5.350240341226134184e-03
5.491651220630595631e+00 2.309603694382537931e-02 2.305391763775888406e-02 -1.394203737613878722e-03
5.522330836388308128e+00 2.381024639666667539e-02 2.211153740691501265e-02 -8.832199441394907383e-03
5.553010452146020626e+00 2.396441546164173111e-02 1.821796285899775908e-02 -1.556916946039034813e-02
5.583690067903734011e+00 2.356510397737203791e-02 1.196132537921757236e-02 -2.030371445417909065e-02
5.614369683661446508e+00 2.265742329043670192e-02 4.496534290533228499e-03 -2.220675594354300231e-02
5.645049299419159894e+00 2.131831564312489796e-02 -2.801030711721876672e-03 -2.113349968206625420e-02
5.675728915176872391e+00 1.964858607054590853e-02 -8.725645587901953437e-03 -1.760483012261061103e-02
5.706408530934584888e+00 1.776373004025159907e-02 -1.253663390273776490e-02 -1.258502742673464452e-02
5.737088146692298274e+00 1.578375815537113452e-02 -1.406835376800997725e-02 -7.156007529716852666e-03
5.767767762450010771e+00 1.382232931196564901e-02 -1.364356996580291456e-02 -2.215803736043749084e-03
5.798447378207723268e+00 1.197575182281254529e-02 -1.185491047386529918e-02 1.696976540272978045e-03
5.829126993965436654e+00 1.031311425277735457e-02 -9.320325811019937803e-03 4.414957799036696787e-03
5.859806609723149151e+00 8.870179572650887384e-03 -6.511109021945304248e-03 6.023748414020587555e-03
5.890486225480861648e+00 7.651055745040928613e-03 -3.703291313817688030e-03 6.695094283034874576e-03
5.921165841238575034e+00 6.640878531235393581e-03 -1.040124438013779453e-03 6.558918266000094734e-03
5.951845456996287531e+00 5.827820586208240852e-03 1.355640248717393873e-03 5.667956624841973337e-03
5.982525072754000917e+00 5.224884027883730866e-03 3.295417214264388054e-03 4.054582406212070209e-03
