# r  chir_mag  chir_re  chir_im
0.000000000000000000e+00 1.795260540377507236e-02 -1.795260540377507236e-02 0.000000000000000000e+00
3.067961575771282340e-02 1.787909417685901517e-02 -1.744915935652021147e-02 3.897287048160186923e-03
6.135923151542564680e-02 1.769843349744303768e-02 -1.609584909557384633e-02 7.359224833902570408e-03
9.203884727313846326e-02 1.752961708234994712e-02 -1.428341352295331781e-02 1.016226220809763291e-02
1.227184630308512936e-01 1.756098773085610146e-02 -1.243387434181935161e-02 1.240109103809519144e-02
1.533980787885641239e-01 1.801168166005589349e-02 -1.077412078256743955e-02 1.443395294386961084e-02
1.840776945462769265e-01 1.905468711748847105e-02 -9.197658784332067225e-03 1.668784509852546186e-02
2.147573103039897569e-01 2.073635745451600509e-02 -7.287656798058401476e-03 1.941356687667607911e-02
2.454369260617025872e-01 2.295398860085809747e-02 -4.498849238810102846e-03 2.250879712945099559e-02
2.761165418194154175e-01 2.550310596824261269e-02 -4.180974994783010368e-04 2.549967859617728247e-02
3.067961575771282479e-01 2.814911742414628534e-02 5.019123062121938136e-03 2.769803631028112251e-02
3.374757733348410782e-01 3.068691254865127047e-02 1.146330609518667228e-02 2.846540382879938699e-02
3.681553890925538530e-01 3.298287024800094364e-02 1.827325851348209421e-02 2.745829115396513503e-02
3.988350048502666834e-01 3.500304443737749932e-02 2.476923908565437440e-02 2.473252746895706483e-02
4.295146206079795137e-01 3.682471779705649706e-02 3.048895018859431455e-02 2.065148317265044428e-02
4.601942363656923440e-01 3.861995286236095948e-02 3.530930286976451116e-02 1.564461216976062441e-02
4.908738521234051744e-01 4.059871293196874037e-02 3.936084356128488615e-02 9.948843444162972643e-03
5.215534678811180047e-01 4.291480344157456300e-02 4.277282958879058405e-02 3.487893834000735382e-03
5.522330836388308350e-01 4.556814891318983901e-02 4.539077897084965035e-02 -4.016637871916948349e-03
5.829126993965436654e-01 4.835333636924523532e-02 4.664713293726145682e-02 -1.273146208299860867e-02
6.135923151542564957e-01 5.088047291005422246e-02 4.570865606510553930e-02 -2.235042022586270632e-02
6.442719309119693261e-01 5.265305071880888726e-02 4.188776606086486859e-02 -3.190233227254268833e-02
6.749515466696821564e-01 5.317235007361518356e-02 3.515064354792445112e-02 -3.989650448996556048e-02
7.056311624273949867e-01 5.205446597819980703e-02 2.646286677603469292e-02 -4.482615431050716165e-02
7.363107781851077061e-01 4.917596528537247075e-02 1.774220154813081762e-02 -4.586381848444002346e-02
7.669903939428205364e-01 4.490616785241458714e-02 1.134141742390507718e-02 -4.345038736312917954e-02
7.976700097005333667e-01 4.053462929698823519e-02 9.200541362483456026e-03 -3.947665399804659719e-02
8.283496254582461971e-01 3.879952426080898742e-02 1.198623400801505055e-02 -3.690167038455317156e-02
8.590292412159590274e-01 4.310166373559831676e-02 1.858206075771494728e-02 -3.889036429211201185e-02
8.897088569736718577e-01 5.447345894741037475e-02 2.617072692732039241e-02 -4.777500164092964713e-02
9.203884727313846881e-01 7.128663379176908288e-02 3.090359851244130901e-02 -6.423979885042938043e-02
9.510680884890975184e-01 9.171022090711024310e-02 2.889658159953445091e-02 -8.703879704299920250e-02
9.817477042468103487e-01 1.146075673704918946e-01 1.715188588168425204e-02 -1.133168447728912093e-01
1.012427320004523068e+00 1.394518681046692798e-01 -5.940647583667130541e-03 -1.393252748935696617e-01
1.043106935762236009e+00 1.661940442887467895e-01 -4.063884742352664309e-02 -1.611488269803328377e-01
1.073786551519948729e+00 1.951737848270788944e-01 -8.624145507853304971e-02 -1.750863150268011648e-01
1.104466167277661670e+00 2.270129101729086996e-01 -1.414551422828763949e-01 -1.775536654279609716e-01
1.135145783035374389e+00 2.624611347308825615e-01 -2.043545622999956013e-01 -1.646968734111237120e-01
1.165825398793087331e+00 3.022094455098890409e-01 -2.717858851484586391e-01 -1.321475750419334461e-01
1.196505014550800050e+00 3.467165901363248315e-01 -3.384227327328936941e-01 -7.538201274415963493e-02
1.227184630308512991e+00 3.960959160051229500e-01 -3.959916494591739777e-01 9.087806915865845325e-03
1.257864246066225711e+00 4.500858359914137741e-01 -4.332735143564235836e-01 1.218659982001698561e-01
1.288543861823938652e+00 5.080968117358015679e-01 -4.372853295048626521e-01 2.587352134826457761e-01
1.319223477581651371e+00 5.693086753382824439e-01 -3.956212890821594885e-01 4.093851040773227035e-01
1.349903093339364313e+00 6.327878994406341828e-01 -2.994644349960238205e-01 5.574419950550930647e-01
1.380582709097077032e+00 6.975987977480938573e-01 -1.464794568646440587e-01 6.820468102236273422e-01
1.411262324854789973e+00 7.628891839184962498e-01 5.720481351545313176e-02 7.607414253545626837e-01
1.441941940612502693e+00 8.279372908605233672e-01 2.964311080915871810e-01 7.730515867347125258e-01
1.472621556370215412e+00 8.921531449842390327e-01 5.479579121459791091e-01 7.040449990035352323e-01
1.503301172127928353e+00 9.550350371239334502e-01 7.826587477947689608e-01 5.472999238394221644e-01
1.533980787885641073e+00 1.016090238249024003e+00 9.686017677064916453e-01 3.070016088896249107e-01
1.564660403643354014e+00 1.074737279619928376e+00 1.074736892084914075e+00 -9.126864215109448640e-04
1.595340019401066733e+00 1.130212574427793548e+00 1.075090435092859842e+00 -3.486560192604543085e-01
1.626019635158779675e+00 1.181504662093319391e+00 9.533901934689218427e-01 -6.978541434608959149e-01
1.656699250916492394e+00 1.227334127027561284e+00 7.077690251449294534e-01 -1.002702381772329510e+00
1.687378866674205335e+00 1.266187629104998047e+00 3.546648965907032158e-01 -1.215501510992414325e+00
1.718058482431918055e+00 1.296403432313916859e+00 -6.949004136684819311e-02 -1.294539684005916236e+00
1.748738098189630996e+00 1.316296470786253670e+00 -5.103416677941507995e-01 -1.213337455581682489e+00
1.779417713947343715e+00 1.324305350094374223e+00 -9.024523972656689486e-01 -9.692080947650149048e-01
1.810097329705056657e+00 1.319142136088323092e+00 -1.180638902983545124e+00 -5.884112133240454456e-01
1.840776945462769376e+00 1.299927510262894437e+00 -1.293867674701908888e+00 -1.253713376325023277e-01
1.871456561220482318e+00 1.266297584739697557e+00 -1.218307549492140707e+00 3.453060786723085585e-01
1.902136176978195037e+00 1.218473216491132494e+00 -9.655731571568083593e-01 7.431994735496519899e-01
1.932815792735907978e+00 1.157287259406313940e+00 -5.829617064487407907e-01 9.997346896044716491e-01
1.963495408493620697e+00 1.084169420196802403e+00 -1.445463235362207111e-01 1.074490433667063094e+00
1.994175024251333417e+00 1.001092048074536223e+00 2.652380617619476411e-01 9.653155231896122235e-01
2.024854640009046136e+00 9.104832078436398968e-01 5.713416528920099990e-01 7.089064729820644395e-01
2.055534255766759077e+00 8.151157043211635367e-01 7.256612356957286014e-01 3.712537978789371418e-01
2.086213871524472019e+00 7.179822251686465151e-01 7.173338514919304076e-01 3.050608401408066300e-02
2.116893487282184960e+00 6.221671042919203476e-01 5.728414749574558540e-01 -2.427849876568972665e-01
2.147573103039897457e+00 5.307233781309778076e-01 3.461827559650465513e-01 -4.022745375576260995e-01
2.178252718797610399e+00 4.465571697649027838e-01 1.024510587724111882e-01 -4.346459322538889225e-01
2.208932334555323340e+00 3.723042164861973813e-01 -9.994080356478239613e-02 -3.586394643597199949e-01
2.239611950313036282e+00 3.101482128212181832e-01 -2.230728182636195212e-01 -2.154772184434396720e-01
2.270291566070748779e+00 2.614900034264636686e-01 -2.557532794668063714e-01 -5.447276323031172846e-02
2.300971181828461720e+00 2.264267490563465768e-01 -2.113415156614951440e-01 8.126399230980313471e-02
2.331650797586174662e+00 2.033064992437714213e-01 -1.191095379191337011e-01 1.647617996121919226e-01
2.362330413343887603e+00 1.889618985675081408e-01 -1.289514404828829251e-02 1.885213896888390805e-01
2.393010029101600100e+00 1.797866613940845015e-01 7.893288295468767202e-02 1.615327942050553689e-01
2.423689644859313042e+00 1.728802260584665351e-01 1.393559332875163592e-01 1.023107834961290152e-01
2.454369260617025983e+00 1.665283875411650016e-01 1.635876702179911157e-01 3.115731069444580351e-02
2.485048876374738480e+00 1.600603942927019407e-01 1.560518612324933441e-01 -3.559700025296869824e-02
2.515728492132451422e+00 1.534507777460988320e-01 1.256954026034636795e-01 -8.802162776974642444e-02
2.546408107890164363e+00 1.469160854776703773e-01 8.190570542582362168e-02 -1.219663543391387994e-01
2.577087723647877304e+00 1.406132723922614292e-01 3.240015272578886107e-02 -1.368295380252592397e-01
2.607767339405589802e+00 1.344842657568733058e-01 -1.682888120651786570e-02 -1.334271580057906914e-01
2.638446955163302743e+00 1.282549352091260919e-01 -6.046437621791587308e-02 -1.131078583214953359e-01
2.669126570921015684e+00 1.215541934510557809e-01 -9.301595901075143669e-02 -7.825249717962297347e-02
2.699806186678728626e+00 1.140894795197116562e-01 -1.090915241624840770e-01 -3.339833368575231831e-02
2.730485802436441123e+00 1.058213353353417985e-01 -1.048729214756803363e-01 1.413595958223718557e-02
2.761165418194154064e+00 9.711009731728459382e-02 -8.006450542109629087e-02 5.495494493353374199e-02
2.791845033951867006e+00 8.882396108105432286e-02 -3.920066783492177909e-02 7.970573193581992344e-02
2.822524649709579947e+00 8.235268675600974919e-02 8.585592916740063599e-03 8.190392304524543587e-02
2.853204265467292444e+00 7.934231354958481974e-02 5.155076884206172272e-02 6.031352212558101222e-02
2.883883881225005386e+00 8.097163246980174089e-02 7.850477245915223057e-02 1.983446409564386739e-02
2.914563496982718327e+00 8.719561031397858597e-02 8.203202491149565179e-02 -2.956046932893599197e-02
2.945243112740430824e+00 9.682857671893288498e-02 6.060796416810996373e-02 -7.551455454951297441e-02
2.975922728498143766e+00 1.083152048909192533e-01 1.889497356683228144e-02 -1.066544119315770561e-01
3.006602344255856707e+00 1.203239505759708117e-01 -3.378643929125296069e-02 -1.154830273340075875e-01
3.037281960013569648e+00 1.319290344059139419e-01 -8.615738860028379631e-02 -9.991083279032617059e-02
3.067961575771282146e+00 1.425895280466644433e-01 -1.278591101453604717e-01 -6.311752103344277220e-02
3.098641191528995087e+00 1.520791514331599203e-01 -1.516001424744795878e-01 -1.206089144082942918e-02
3.129320807286708028e+00 1.604125276304778636e-01 -1.540757554600683532e-01 4.464124326458715486e-02
3.160000423044420970e+00 1.677723172307134247e-01 -1.356922924832152100e-01 9.866687483452953045e-02
3.190680038802133467e+00 1.744352615319463840e-01 -9.954107072976965676e-02 1.432453688734457442e-01
3.221359654559846408e+00 1.806989113170346106e-01 -5.021487128925048588e-02 1.735815752105203946e-01
3.252039270317559350e+00 1.868157177827561022e-01 7.065920185392131174e-03 1.866820430106228557e-01
3.282718886075272291e+00 1.929435817602163927e-01 6.684364760085753643e-02 1.809948963862618998e-01
3.313398501832984788e+00 1.991201074466596721e-01 1.234581680306903323e-01 1.562270717131800934e-01
3.344078117590697730e+00 2.052621479578437547e-01 1.710318026289511795e-01 1.134930476890951140e-01
3.374757733348410671e+00 2.111856225527321829e-01 2.037082705693768758e-01 5.569836330287100679e-02
3.405437349106123612e+00 2.166364353184321301e-01 2.162973722843780366e-01 -1.211576866527265886e-02
3.436116964863836110e+00 2.213231678290009385e-01 2.052595032332846792e-01 -8.277971339820719421e-02
3.466796580621549051e+00 2.249450930395745785e-01 1.697745596396830481e-01 -1.475699623288376505e-01
3.497476196379261992e+00 2.272128517549509563e-01 1.125443272917873438e-01 -1.973814945658695086e-01
3.528155812136974490e+00 2.278621712562930168e-01 3.999905060143195412e-02 -2.243239733969962790e-01
3.558835427894687431e+00 2.266626480947820377e-01 -3.829619367691500242e-02 -2.234040232207092636e-01
3.589515043652400372e+00 2.234239987566187802e-01 -1.110465035758271268e-01 -1.938735599920252406e-01
3.620194659410113314e+00 2.180017433311723929e-01 -1.672370817508690433e-01 -1.398446230031155091e-01
3.650874275167825811e+00 2.103034670929505856e-01 -1.983473745943570565e-01 -6.989897898282604327e-02
3.681553890925538752e+00 2.002959255225621460e-01 -2.002485102225286528e-01 4.357973680233698591e-03
3.712233506683251694e+00 1.880125157649510104e-01 -1.742643029288505896e-01 7.057378273117963230e-02
3.742913122440964635e+00 1.735601256601721487e-01 -1.270268324021105177e-01 1.182679207099747720e-01
3.773592738198677132e+00 1.571241122476805807e-01 -6.904623212262581133e-02 1.411403715429791483e-01
3.804272353956390074e+00 1.389701343416693824e-01 -1.227628715453685758e-02 1.384268435406983688e-01
3.834951969714103015e+00 1.194417314958206577e-01 3.271667084793077745e-02 1.148736117276194513e-01
3.865631585471815956e+00 9.895287771975147528e-02 5.920513368051857905e-02 7.928697342497070810e-02
3.896311201229528454e+00 7.797527582772725840e-02 6.566683316577016927e-02 4.204771887259824842e-02
3.926990816987241395e+00 5.702121219358645410e-02 5.567472924386480254e-02 1.231840751267622262e-02
3.957670432744954336e+00 3.662662808511334828e-02 3.638251405361932200e-02 -4.221676920775268259e-03
3.988350048502666834e+00 1.737375972184107900e-02 1.612942603568379499e-02 -6.456712989724188757e-03
4.019029664260379775e+00 3.191975679951473705e-03 1.959876942534479870e-03 2.519442619216276120e-03
4.049709280018092272e+00 1.708764800262156311e-02 -2.160393767718419688e-03 1.695052839972548131e-02
4.080388895775805658e+00 3.080113698583742191e-02 4.056630969966044421e-03 3.053283126069107969e-02
4.111068511533518155e+00 4.228452451776774229e-02 1.784075150521810538e-02 3.833651783121101025e-02
4.141748127291231540e+00 5.147691633251285509e-02 3.480296349527691596e-02 3.792923209150101532e-02
4.172427743048944038e+00 5.851756798302755469e-02 5.055561514000583845e-02 2.946923040162170021e-02
4.203107358806656535e+00 6.369003419802329868e-02 6.190910656747237312e-02 1.495603490777973159e-02
4.233786974564369920e+00 6.737588034574852613e-02 6.731424731964096020e-02 -2.881208106824654711e-03
4.264466590322082418e+00 6.998591782698156127e-02 6.659321887941797857e-02 -2.152607473189072085e-02
4.295146206079794915e+00 7.187234011406801182e-02 6.030289563166509048e-02 -3.910491084133520256e-02
4.325825821837508300e+00 7.324204934185259142e-02 4.917265020740814452e-02 -5.428119622276440098e-02
4.356505437595220798e+00 7.410169037724988195e-02 3.392690521671599263e-02 -6.587887080985660448e-02
4.387185053352934183e+00 7.425790605087305429e-02 1.552324558903116908e-02 -7.261725316646804040e-02
4.417864669110646680e+00 7.337275525224515316e-02 -4.439983820643708147e-03 -7.323829433416845225e-02
4.448544284868359178e+00 7.105197986671188404e-02 -2.352301187680606517e-02 -6.704514714148424037e-02
4.479223900626072563e+00 6.693903326136133036e-02 -3.874245956189104750e-02 -5.458805731165815994e-02
4.509903516383785060e+00 6.079951787577871775e-02 -4.739815017903893646e-02 -3.807882263847461868e-02
4.540583132141497558e+00 5.260087802100309878e-02 -4.814985455466944814e-02 -2.117649345252005030e-02
4.571262747899210943e+00 4.262908653341514892e-02 -4.186241775336297516e-02 -8.048415901052687060e-03
4.601942363656923440e+00 3.181247159706507288e-02 -3.175215665999054498e-02 -1.958033848913273960e-03
4.632621979414635938e+00 2.294504367410467316e-02 -2.261053436826380644e-02 -3.903686051430383785e-03
4.663301595172349323e+00 2.263739885386730974e-02 -1.925894143936024427e-02 -1.189726865731650235e-02
4.693981210930061820e+00 3.263534370466631557e-02 -2.474139576966801965e-02 -2.128212851409267553e-02
4.724660826687775206e+00 4.687857310195826799e-02 -3.893422689756197153e-02 -2.610989452228421048e-02
4.755340442445487703e+00 6.189332599106561056e-02 -5.815867007142509065e-02 -2.117434527345391990e-02
4.786020058203200200e+00 7.615265009326048495e-02 -7.604711907804496962e-02 -4.007717075370352371e-03
4.816699673960913586e+00 8.873720305453539070e-02 -8.545922385762437512e-02 2.389586289704327335e-02
4.847379289718626083e+00 9.899095646000710680e-02 -8.084271150680102935e-02 5.712849951727391740e-02
4.878058905476338580e+00 1.064414603386343028e-01 -6.024000824783223851e-02 8.775491943658864091e-02
4.908738521234051966e+00 1.107836979929797683e-01 -2.623185778370920943e-02 1.076332540538239430e-01
4.939418136991764463e+00 1.118778223357096979e-01 1.454598962079624302e-02 1.109281808943620717e-01
4.970097752749476960e+00 1.097465077789417237e-01 5.319909344193340245e-02 9.599037673970110818e-02
5.000777368507190346e+00 1.045675595658056567e-01 8.112682645578331297e-02 6.597584817765916876e-02
5.031456984264902843e+00 9.666091101421646348e-02 9.251928360609085189e-02 2.799131792384915510e-02
5.062136600022616229e+00 8.647083858095185038e-02 8.600480733611971795e-02 -8.965435849414086708e-03
5.092816215780328726e+00 7.454567762195611624e-02 6.493538195205567076e-02 -3.661221412120893581e-02
5.123495831538041223e+00 6.151983066783622833e-02 3.624293371885363435e-02 -4.971055542689123419e-02
5.154175447295754608e+00 4.810972061281038742e-02 8.259208162842717263e-03 -4.739547128118366121e-02
5.184855063053467106e+00 3.515899548099720578e-02 -1.178640916985184729e-02 -3.312454561369278933e-02
5.215534678811179603e+00 2.385851828057790336e-02 -1.979560760459423904e-02 -1.331776310457580270e-02
5.246214294568892988e+00 1.646346300305093213e-02 -1.574113650605556483e-02 4.823093981102958075e-03
5.276893910326605486e+00 1.592312925180101521e-02 -3.278446977545095616e-03 1.558197133179838045e-02
5.307573526084318871e+00 2.014866400690886600e-02 1.176912104933112296e-02 1.635409584750853809e-02
5.338253141842031368e+00 2.486369745097456035e-02 2.349135282281108322e-02 8.146152066331962746e-03
5.368932757599743866e+00 2.829092607436068177e-02 2.782091814051979375e-02 -5.135466090184780640e-03
5.399612373357457251e+00 2.992289670977242924e-02 2.368549345531251529e-02 -1.828598226188731316e-02
5.430291989115169748e+00 2.971250034587752040e-02 1.305574781320236952e-02 -2.669045008690998713e-02
5.460971604872882246e+00 2.783695892801725177e-02 -4.005767627312152720e-05 -2.783693010629388273e-02
5.491651220630595631e+00 2.461763203792172519e-02 -1.111257965586487026e-02 -2.196675625909680005e-02
5.522330836388308128e+00 2.048943977660603460e-02 -1.681368699132605032e-02 -1.170969991574842897e-02
5.553010452146020626e+00 1.600906922548441316e-02 -1.598254208724759345e-02 -9.212197868649369542e-04
5.583690067903734011e+00 1.193771299336504610e-02 -9.816035212505153096e-03 6.793706221114918092e-03
5.614369683661446508e+00 9.388158200167919312e-03 -1.185988536221382634e-03 9.312945054242058318e-03
5.645049299419159894e+00 9.285621372244132199e-03 6.566048114316745850e-03 6.565803563095267727e-03
5.675728915176872391e+00 1.086823278600020440e-02 1.086408715778052272e-02 3.001568237407333840e-04
5.706408530934584888e+00 1.267283225036982749e-02 1.070711389257268491e-02 -6.779261710355383858e-03
5.737088146692298274e+00 1.389063321197841171e-02 6.802202972933476220e-03 -1.211114056332980929e-02
5.767767762450010771e+00 1.421684752270009275e-02 1.052812410398540647e-03 -1.417781152054909191e-02
5.798447378207723268e+00 1.359801565284291663e-02 -4.324354201242034193e-03 -1.289209022762256678e-02
5.829126993965436654e+00 1.212547584846768514e-02 -7.670011429331376022e-03 -9.391383775871326930e-03
5.859806609723149151e+00 9.992773064979481798e-03 -8.408618479125384848e-03 -5.399134078784351316e-03
5.890486225480861648e+00 7.491918986577358192e-03 -7.075742253904057817e-03 -2.462259461907913456e-03
5.921165841238575034e+00 5.099851360589372461e-03 -4.909348591927190433e-03 -1.380862159322134757e-03
5.951845456996287531e+00 3.815070571109844145e-03 -3.232706848793075877e-03 -2.025924453753084279e-03
5.982525072754000917e+00 4.593732317512238400e-03 -2.907332726747754743e-03 -3.556654751439592213e-03
