# # Once                                                         FEFF 10.0.0 
# # POT  SCF 100  9.0000   0, core-hole, FOLP (folp(0)= 1.150)
# # Abs   Z=30 Rmt= 1.436 Rnm= 1.763 K  shell
# #   RGRID 0.0100
# # Pot 1 Z= 6 Rmt= 0.899 Rnm= 1.123
# # Pot 2 Z= 6 Rmt= 0.922 Rnm= 1.165
# # Pot 3 Z= 1 Rmt= 0.552 Rnm= 0.963
# # Pot 4 Z=16 Rmt= 1.195 Rnm= 1.467
# # Gam_ch=1.897E+00 H-L exch Vi= 0.000E+00 Vr= 0.000E+00
# # Mu=-6.964E+00eV kf=1.884E+00 Vint=-1.224E+01eV Rs_int= 1.925
# # PATH  Rmax= 9.000,  Keep_limit= 0.00, Heap_limit 0.00  Pwcrit= 2.50%
#  S02=1.000  Temp=  10.00  Debye_temp= 315.00  Global_sig2= 0.00000
#  Energy zero shift, vr, vi    0.00000E+00   0.00000E+00
#  Curved wave amplitude ratio filter   4.000%
#     file         sig2 tot  cw amp ratio   deg  nlegs   reff  inp sig2
#           1       0.00262    100.00      1.00     2   2.2877
#           2       0.00587     37.92      1.00     2   3.1858
#           3       0.02518     10.31      1.00     2   3.2119
#           4       0.02642      9.75      1.00     2   3.2793
#           5       0.00383     43.14      2.00     3   3.6528
#           6       0.01238     10.65      2.00     3   3.7443
#           7       0.01295      9.89      2.00     3   3.7781
#           8       0.01485      7.62      2.00     3   3.9589
#           9       0.01510      7.47      2.00     3   3.9922
#          10       0.00404     17.08      1.00     4   4.1198
#          14       0.01708      7.34      1.00     4   4.3028
#          15       0.01723      5.04      2.00     4   4.3365
#          16       0.01695      6.87      1.00     4   4.3703
#          17       0.00523      8.94      1.00     4   4.5754
#          18       0.00534     13.23      1.00     2   4.6036
#          19       0.00561     45.29      2.00     3   4.6522
#          20       0.00621     48.33      1.00     4   4.7008
#          23       0.00457     22.67      2.00     3   4.8218
#          25       0.01512      8.19      2.00     5   4.8690
#          26       0.00429     42.62      2.00     4   4.8704
#          31       0.00931      5.41      2.00     3   4.9843
#          32       0.00946      5.06      2.00     3   5.0182
#          33       0.00585      6.87      1.00     4   5.0179
#          34       0.01017     13.43      2.00     4   5.0329
#          35       0.00493     11.95      1.00     4   5.0399
#          36       0.01077     13.11      2.00     4   5.0668
#          37       0.02156      7.65      2.00     3   5.0849
#          38       0.02138      8.17      2.00     3   5.1034
#          39       0.00441     30.18      2.00     4   5.1192
#          40       0.01653      5.91      2.00     3   5.1381
#          41       0.01637      6.07      2.00     3   5.1595
#          42       0.00456     69.57      2.00     5   5.1678
#          43       0.01287      7.74      2.00     4   5.2107
#          46       0.02371      6.43      1.00     4   5.2371
#          47       0.02369      5.58      1.00     4   5.2426
#          48       0.01308      7.54      2.00     4   5.2445
#          49       0.01337     19.98      2.00     5   5.2593
#          50       0.01564      8.64      2.00     4   5.2932
#          51       0.01373     19.71      2.00     5   5.2931
#          52       0.01563      7.81      2.00     4   5.2958
#          55       0.01164      4.01      2.00     3   5.3117
#          56       0.01135      4.27      2.00     3   5.3330
#          59       0.01532      7.88      2.00     3   5.3374
#          60       0.00437     32.43      2.00     5   5.3373
#          61       0.01502      6.88      1.00     4   5.3391
#          64       0.01144      8.84      2.00     4   5.3603
#          65       0.01143      8.82      2.00     4   5.3816
#          66       0.01090      5.74      2.00     5   5.4288
#          67       0.01140      5.84      2.00     5   5.4626
#          68       0.01144      6.40      2.00     4   5.4666
#          69       0.01147      5.48      2.00     4   5.4694
#          70       0.00755      4.55      2.00     4   5.4735
#          71       0.00715     13.73      2.00     5   5.4849
#          72       0.01101     12.76      2.00     5   5.5152
#          73       0.01082      6.94      2.00     3   5.5167
#          74       0.01072     12.40      2.00     4   5.5184
#          75       0.01102     12.18      2.00     5   5.5180
#          76       0.01094      4.25      2.00     4   5.5226
#          77       0.01093      4.82      2.00     4   5.5228
#          78       0.01155      5.00      2.00     4   5.5298
#          79       0.01133      5.43      2.00     4   5.5511
#          80       0.01155     10.03      2.00     4   5.5653
#          81       0.01194      7.04      2.00     5   5.5655
#          82       0.01194      7.07      2.00     5   5.5654
#          83       0.01141     19.06      2.00     5   5.5670
#          84       0.01091     12.02      2.00     5   5.5712
#          85       0.01108     12.46      2.00     5   5.5714
#          86       0.01072      5.36      2.00     5   5.5764
#          87       0.01121      5.14      2.00     5   5.6101
#          88       0.00561     29.44      1.00     6   5.6348
#          90       0.01143      5.39      2.00     4   5.6792
#          91       0.01177      9.16      2.00     5   5.6848
#          92       0.01174      7.90      2.00     5   5.6875
#          93       0.00911      5.55      1.00     4   5.6977
#          94       0.01723     16.10      2.00     6   5.7263
#          95       0.00948      8.75      2.00     4   5.7348
#          96       0.00948     16.36      2.00     5   5.7365
#          97       0.00971      6.40      2.00     5   5.7409
#          98       0.00972      5.73      2.00     5   5.7407
#         100       0.01044      8.09      2.00     5   5.7447
#         101       0.01044      8.84      2.00     5   5.7448
#         102       0.00905     18.88      2.00     5   5.7463
#         105       0.01542      7.14      2.00     5   5.7602
#         106       0.01250     15.90      2.00     6   5.7600
#         107       0.01539      6.48      2.00     5   5.7628
#         110       0.01580     10.73      2.00     6   5.7918
#         111       0.01533     10.70      2.00     6   5.7917
#         112       0.01048     12.18      1.00     6   5.7934
#         113       0.01047     12.03      1.00     6   5.7933
#         114       0.00919     15.90      1.00     6   5.7949
#         115       0.01381      5.68      2.00     4   5.8044
#         116       0.01358     10.58      2.00     5   5.8061
#         117       0.01073      6.45      2.00     5   5.8273
#         119       0.01052      6.30      2.00     5   5.8485
#         121       0.02377      5.54      2.00     6   5.8515
#         122       0.00935      4.87      2.00     4   5.8585
#         126       0.00930      8.61      2.00     5   5.9071
#         128       0.00898      4.26      2.00     5   5.9143
#         129       0.00898      5.03      2.00     5   5.9143
#         130       0.00946     15.07      2.00     5   5.9158
#         136       0.00777      6.91      1.00     6   5.9519
#         137       0.00911     10.79      2.00     6   5.9629
#         138       0.00891     11.40      2.00     6   5.9629
#         139       0.00927     28.54      2.00     6   5.9644
#         140       0.01082     10.95      2.00     6   5.9822
#         141       0.00950      9.69      2.00     5   5.9854
#         142       0.01081     10.73      2.00     6   5.9849
#         143       0.01038      9.32      2.00     6   6.0063
#         144       0.01038      9.44      2.00     6   6.0059
#         145       0.01008     10.33      2.00     5   6.0323
#         148       0.00999     20.63      2.00     6   6.0340
#         149       0.00954     16.69      2.00     6   6.0340
#         151       0.00973      9.49      2.00     6   6.0382
#         152       0.00974      9.74      2.00     6   6.0383
#         153       0.00963      8.49      2.00     6   6.0383
#         154       0.00960      8.52      2.00     6   6.0382
#         155       0.01787      6.66      2.00     6   6.0737
#         156       0.00929      8.58      2.00     5   6.0766
#         159       0.01841      6.30      2.00     6   6.1102
#         160       0.00485     10.46      1.00     4   6.1187
#         162       0.01911      4.80      2.00     6   6.1239
#         163       0.03622     10.94      2.00     6   6.1238
#         164       0.01751      7.24      2.00     6   6.1255
#         169       0.01887      6.54      2.00     6   6.1298
#         171       0.01781      7.71      2.00     6   6.1298
#         173       0.00950     15.19      1.00     6   6.1340
#         174       0.01971      5.44      2.00     6   6.1410
#         175       0.01143      4.22      2.00     5   6.1461
#         176       0.01950      4.61      2.00     6   6.1576
#         177       0.03484     10.71      2.00     6   6.1577
#         179       0.01864      6.97      2.00     6   6.1593
#         183       0.01924      6.31      2.00     6   6.1634
#         185       0.01792      7.25      2.00     6   6.1634
#         187       0.01547     49.89      2.00     5   6.1673
#         190       0.02017      5.18      2.00     6   6.1747
#         192       0.02059      5.99      2.00     5   6.1774
#         193       0.00918      5.06      2.00     4   6.1869
#         194       0.02067      6.30      2.00     5   6.1960
#         196       0.00939     14.40      2.00     6   6.2035
#         199       0.00936      6.63      2.00     6   6.2117
#         200       0.00940      6.97      2.00     6   6.2118
#         201       0.00901     19.38      2.00     6   6.2133
#         202       0.01593     66.02      1.00     6   6.2159
#         205       0.00939     10.08      2.00     5   6.2355
#         209       0.01500      4.96      2.00     5   6.2521
#         210       0.01273      5.10      2.00     7   6.2587
#         211       0.01292      6.16      2.00     7   6.2587
#         212       0.00932     16.97      2.00     7   6.2603
#         213       0.00937     16.53      2.00     7   6.2604
#         214       0.00908     37.87      2.00     7   6.2619
#         217       0.02021      5.07      2.00     6   6.3033
#         219       0.02014      5.53      1.00     6   6.3296
#         220       0.01694      4.63      2.00     6   6.3324
#         221       0.02023      4.92      1.00     6   6.3351
#         222       0.00539     20.48      2.00     5   6.3368
#         224       0.02095      9.09      2.00     7   6.3502
#         225       0.03887     20.01      2.00     7   6.3502
#         226       0.02025     15.47      2.00     7   6.3519
#         227       0.01603      4.74      2.00     7   6.3518
#         229       0.01611      5.17      2.00     7   6.3534
#         231       0.00933      8.51      2.00     6   6.3741
#         232       0.01609      4.34      2.00     6   6.3814
#         233       0.01609      4.14      2.00     6   6.3841
#         234       0.02065      8.66      2.00     7   6.3839
#         235       0.03743     19.78      2.00     7   6.3840
#         236       0.00543     52.31      2.00     6   6.3854
#         237       0.01992      7.50      2.00     6   6.3858
#         239       0.02091     14.93      2.00     7   6.3856
#         240       0.01637      4.63      2.00     7   6.3856
#         241       0.01647      5.07      2.00     7   6.3871
#         243       0.01972      6.88      2.00     6   6.3883
#         245       0.01435      4.64      2.00     6   6.4012
#         247       0.01435      4.42      2.00     6   6.4042
#         248       0.01079      6.04      2.00     5   6.4050
#         254       0.00945      9.70      2.00     7   6.4299
#         255       0.00946      9.97      2.00     7   6.4299
#         256       0.01662      5.96      2.00     5   6.4315
#         257       0.00903     31.57      2.00     7   6.4314
#         258       0.01672      5.92      1.00     6   6.4331
#         260       0.01692      4.16      2.00     6   6.4375
#         261       0.01619      4.04      2.00     6   6.4373
#         265       0.01616      4.32      2.00     6   6.4515
#         266       0.01616      4.28      2.00     6   6.4516
#         268       0.01736      8.00      2.00     6   6.4528
#         269       0.01952      4.67      2.00     6   6.4544
#         275       0.01760      8.04      2.00     6   6.4741
#         276       0.01982      4.61      2.00     6   6.4756
#         277       0.01088      5.61      2.00     5   6.4843
#         278       0.01010     17.04      2.00     7   6.5009
#         280       0.01146     15.39      2.00     6   6.5329
#         281       0.00889     17.67      2.00     6   6.5479
#         282       0.00554      9.34      1.00     6   6.5549
#         285       0.02473      5.73      2.00     6   6.5592
#         286       0.01692      4.03      2.00     6   6.5607
#         287       0.02493      4.99      2.00     6   6.5619
#         290       0.01490      5.09      2.00     6   6.5708
#         291       0.01478      4.80      2.00     6   6.5737
#         292       0.00947     17.14      2.00     6   6.5818
#         293       0.01585      5.20      2.00     7   6.6077
#         294       0.02432     12.20      2.00     7   6.6078
#         295       0.01661      7.60      2.00     7   6.6093
#         296       0.01718      5.44      2.00     5   6.6108
#         299       0.02375     11.69      2.00     7   6.6105
#         300       0.01568      4.98      2.00     7   6.6105
#         301       0.01789     10.97      2.00     6   6.6124
#         302       0.01658      7.27      2.00     7   6.6120
#         305       0.01925      4.49      2.00     6   6.6239
#         314       0.00977     41.40      2.00     6   6.6342
#         315       0.01943      4.47      2.00     6   6.6452
#         316       0.02794      7.46      2.00     5   6.6532
#         319       0.01646      4.65      2.00     7   6.6580
#         320       0.01649      4.66      2.00     7   6.6579
#         322       0.01699      9.16      2.00     6   6.6594
#         323       0.02052      7.37      2.00     7   6.6596
#         324       0.02038      7.34      2.00     7   6.6595
#         325       0.01709     19.16      2.00     7   6.6610
#         328       0.01612      5.43      2.00     7   6.6638
#         329       0.01966     12.30      2.00     7   6.6637
#         330       0.01608      5.57      2.00     7   6.6639
#         331       0.01966     12.75      2.00     7   6.6639
#         332       0.01494      6.56      2.00     7   6.6654
#         333       0.01929      6.38      2.00     7   6.6652
#         334       0.02785      7.40      2.00     5   6.6745
#         335       0.01618      6.01      2.00     7   6.6776
#         336       0.01626      6.94      2.00     7   6.6794
#         337       0.01624      6.90      2.00     7   6.6795
#         338       0.00996    113.60      2.00     7   6.6828
#         339       0.00723      7.71      2.00     6   6.7025
#         340       0.01006     12.41      2.00     6   6.7025
#         343       0.01627     10.56      2.00     6   6.7257
#         344       0.01658     10.14      2.00     6   6.7595
#         345       0.01645     31.64      2.00     7   6.7743
#         347       0.01496      8.73      2.00     7   6.7773
#         348       0.01697      8.45      2.00     7   6.7788
#         350       0.01505      7.66      2.00     7   6.7800
#         351       0.01698      8.02      2.00     7   6.7816
#         356       0.01916     11.03      2.00     6   6.8082
#         357       0.01678     30.81      2.00     7   6.8081
#         358       0.01919     10.46      2.00     6   6.8108
#         359       0.01776      7.44      2.00     6   6.8289
#         362       0.01802     15.46      2.00     7   6.8306
#         363       0.01882      5.86      2.00     7   6.8350
#         364       0.01884      5.66      2.00     7   6.8348
#         367       0.02091      7.81      2.00     7   6.8373
#         368       0.02094      8.60      2.00     7   6.8374
#         369       0.02058      4.91      2.00     6   6.8390
#         370       0.02073      4.06      2.00     7   6.8388
#         371       0.02083      4.40      2.00     7   6.8389
#         372       0.01799      6.67      2.00     7   6.8388
#         373       0.01810      6.72      2.00     7   6.8389
#         374       0.01827     18.48      2.00     7   6.8404
#         376       0.01543      4.13      2.00     7   6.8484
#         377       0.01464      5.41      2.00     7   6.8491
#         378       0.01446      5.42      2.00     7   6.8489
#         382       0.02709      6.95      2.00     5   6.8524
#         383       0.00947     44.29      2.00     7   6.8524
#         384       0.02667     13.54      2.00     6   6.8541
#         386       0.02547      9.78      2.00     6   6.8640
#         387       0.02594     10.11      2.00     6   6.8643
#         388       0.00981      5.05      2.00     6   6.8720
#         389       0.02073      4.79      2.00     6   6.8723
#         390       0.01949     13.07      2.00     6   6.8753
#         391       0.01983     13.07      2.00     6   6.8966
#         392       0.01514     10.27      2.00     7   6.9001
#         395       0.01195      7.08      2.00     6   6.9513
#         396       0.01128      7.93      2.00     6   6.9816
#         397       0.01130      7.56      2.00     6   6.9844
#         398       0.00786      7.44      2.00     6   6.9885
#         400       0.01248     22.21      2.00     7   6.9999
#         402       0.01419      8.63      2.00     7   7.0011
#         405       0.01997      4.12      2.00     7   7.0083
#         406       0.01992      4.50      2.00     7   7.0084
#         407       0.01929     14.93      2.00     7   7.0099
#         409       0.01549      4.10      2.00     7   7.0185
#         410       0.01129     20.03      2.00     7   7.0302
#         411       0.01168      6.31      2.00     6   7.0318
#         412       0.01207      6.53      2.00     6   7.0319
#         413       0.01115      5.46      2.00     6   7.0318
#         414       0.01332      7.07      2.00     6   7.0334
#         415       0.01876     12.95      2.00     6   7.0334
#         416       0.01298      8.52      2.00     6   7.0334
#         417       0.01132     18.96      2.00     7   7.0330
#         418       0.01978      6.96      2.00     6   7.0378
#         419       0.01258      6.55      2.00     6   7.0376
#         420       0.01279      6.54      2.00     6   7.0378
#         421       0.01319      6.64      2.00     6   7.0376
#         422       0.01318      6.83      2.00     6   7.0378
#         423       0.01629      9.44      2.00     7   7.0794
#         424       0.01927     12.74      2.00     6   7.0803
#         425       0.01126     18.16      2.00     7   7.0804
#         426       0.01165     18.70      2.00     7   7.0805
#         427       0.01910     26.27      2.00     7   7.0820
#         428       0.01908     21.41      2.00     7   7.0820
#         429       0.01984     18.32      2.00     7   7.0864
#         430       0.01936     18.23      2.00     7   7.0862
#         431       0.01961     18.38      2.00     7   7.0862
#         432       0.02007     19.14      2.00     7   7.0864
#         433       0.01652      9.16      2.00     7   7.0914
#         434       0.01683      8.88      2.00     7   7.1251
#         435       0.00723      4.60      2.00     6   7.1581
#         436       0.01120      8.24      2.00     7   7.1694
#         437       0.01904      8.54      2.00     7   7.1707
#         438       0.01424     10.00      2.00     7   7.1998
#         439       0.00962      6.74      2.00     6   7.2029
#         440       0.01145      9.27      2.00     7   7.2025
#         441       0.01263      8.40      2.00     6   7.2127
#         442       0.01305      7.47      2.00     7   7.2515
#         443       0.00961     18.55      2.00     7   7.2515
#         444       0.01168      8.14      2.00     7   7.2559
#         445       0.01644     12.83      2.00     7   7.2581
#         446       0.01740     13.39      2.00     7   7.2582
#         447       0.02115     13.03      2.00     7   7.2598
#         448       0.02136     14.22      2.00     7   7.2598
#         449       0.01197     12.86      2.00     7   7.2598
#         450       0.01200     12.96      2.00     7   7.2598
#         451       0.01055     14.77      2.00     7   7.2613
#         452       0.01644     26.20      2.00     7   7.2613
#         454       0.01322      8.11      2.00     7   7.3295
#         455       0.01525      6.86      2.00     7   7.3991
#         456       0.00793      4.40      2.00     5   7.4045
#         457       0.01315      6.57      2.00     7   7.4211
#         458       0.00936     11.32      2.00     7   7.4221
#         459       0.01085     11.97      2.00     7   7.4308
#         460       0.01440      7.06      2.00     7   7.4308
#         461       0.01305      6.74      2.00     7   7.4991
#         462       0.01003      6.14      2.00     7   7.5686
#         463       0.00910      6.15      2.00     6   7.6226
#         464       0.02511     74.90      2.00     7   7.6823
#         465       0.00908      5.96      2.00     6   7.7019
#         466       0.01987      4.56      2.00     7   7.7399
#         467       0.00904     12.04      2.00     7   7.7505
#         468       0.01983      4.43      2.00     7   7.7611
#         469       0.00886     28.77      2.00     7   7.8518
#         470       0.01713      5.07      2.00     6   7.8867
#         471       0.00805      8.72      2.00     7   7.9200
#         472       0.00983      6.24      2.00     7   7.9993
#         473       0.01593      5.58      2.00     7   8.3192
#         474       0.00972      4.14      2.00     7   8.4985
#         475       0.01582      5.41      2.00     7   8.4985
#   339/ 423 paths used
#  xsedge+50, used to normalize mu           1.0000E+00
#  -----------------------------------------------------------------------
#  omega    e    k    mu    mu0     chi     @#
    9725.398   -204.474  -7.200 -2.30774E-06 -2.15062E-06  4.11888E-06
    9728.132   -201.740  -7.150 -5.05870E-06 -4.86894E-06  4.24102E-06
    9730.846   -199.026  -7.100 -7.80965E-06 -7.58727E-06  4.29679E-06
    9733.542   -196.330  -7.050 -1.05606E-05 -1.03056E-05  4.31280E-06
    9736.218   -193.654  -7.000 -1.33116E-05 -1.30239E-05  4.34344E-06
    9738.876   -190.996  -6.950 -1.60625E-05 -1.57423E-05  4.43436E-06
    9741.514   -188.358  -6.900 -1.88135E-05 -1.84606E-05  4.59146E-06
    9744.134   -185.738  -6.850 -2.15316E-05 -2.11103E-05  4.80177E-06
    9746.734   -183.138  -6.800 -2.42127E-05 -2.36822E-05  5.01754E-06
    9749.315   -180.557  -6.750 -2.68937E-05 -2.62542E-05  5.17653E-06
    9751.877   -177.995  -6.700 -2.95747E-05 -2.88261E-05  5.27995E-06
    9754.421   -175.451  -6.650 -3.22557E-05 -3.13981E-05  5.36467E-06
    9756.945   -172.927  -6.600 -3.49367E-05 -3.39700E-05  5.48130E-06
    9759.450   -170.422  -6.550 -3.76177E-05 -3.65420E-05  5.66337E-06
    9761.936   -167.936  -6.500 -4.02988E-05 -3.91140E-05  5.90639E-06
    9764.403   -165.469  -6.450 -4.30936E-05 -4.15900E-05  6.21541E-06
    9766.851   -163.021  -6.400 -4.59621E-05 -4.40040E-05  6.52955E-06
    9769.280   -160.592  -6.350 -4.88307E-05 -4.64180E-05  6.79014E-06
    9771.689   -158.183  -6.300 -5.16992E-05 -4.88320E-05  6.99831E-06
    9774.080   -155.792  -6.250 -5.45677E-05 -5.12459E-05  7.18678E-06
    9776.452   -153.420  -6.200 -5.74362E-05 -5.36599E-05  7.40278E-06
    9778.805   -151.067  -6.150 -6.03048E-05 -5.60739E-05  7.68247E-06
    9781.138   -148.734  -6.100 -6.31733E-05 -5.84879E-05  8.03072E-06
    9783.453   -146.419  -6.050 -6.65914E-05 -6.08618E-05  8.48565E-06
    9785.748   -144.124  -6.000 -7.17861E-05 -6.31063E-05  9.16324E-06
    9788.025   -141.847  -5.950 -7.69808E-05 -6.53509E-05  9.81159E-06
    9790.282   -139.590  -5.900 -8.21756E-05 -6.75954E-05  1.04148E-05
    9792.520   -137.352  -5.850 -8.73703E-05 -6.98399E-05  1.09871E-05
    9794.740   -135.132  -5.800 -9.25651E-05 -7.20845E-05  1.15680E-05
    9796.940   -132.932  -5.750 -9.77598E-05 -7.43290E-05  1.22038E-05
    9799.121   -130.751  -5.700 -1.02955E-04 -7.65735E-05  1.29254E-05
    9801.283   -128.589  -5.650 -1.08149E-04 -7.88180E-05  1.37324E-05
    9803.427   -126.445  -5.600 -1.38276E-04 -8.10179E-05  1.54578E-05
    9805.551   -124.321  -5.550 -2.46096E-04 -8.30784E-05  2.01030E-05
    9807.656   -122.216  -5.500 -3.53915E-04 -8.51390E-05  2.50513E-05
    9809.742   -120.130  -5.450 -4.61735E-04 -8.71996E-05  3.02687E-05
    9811.809   -118.064  -5.400 -5.69555E-04 -8.92601E-05  3.57565E-05
    9813.856   -116.016  -5.350 -6.77375E-04 -9.13207E-05  4.15516E-05
    9815.885   -113.987  -5.300 -7.85195E-04 -9.33813E-05  4.77096E-05
    9817.895   -111.977  -5.250 -8.93014E-04 -9.54418E-05  5.42763E-05
    9819.886   -109.986  -5.200 -1.00083E-03 -9.75024E-05  6.12615E-05
    9821.857   -108.015  -5.150 -1.10865E-03 -9.95630E-05  6.86265E-05
    9823.810   -106.062  -5.100 -1.15591E-03 -1.01529E-04  6.90550E-05
    9825.744   -104.128  -5.050 -1.13302E-03 -1.03387E-04  6.10635E-05
    9827.658   -102.214  -5.000 -1.11013E-03 -1.05244E-04  5.29240E-05
    9829.554   -100.319  -4.950 -1.08723E-03 -1.07101E-04  4.46472E-05
    9831.430    -98.442  -4.900 -1.06434E-03 -1.08959E-04  3.62658E-05
    9833.287    -96.585  -4.850 -1.04145E-03 -1.10816E-04  2.78305E-05
    9835.126    -94.746  -4.800 -1.01856E-03 -1.12673E-04  1.94011E-05
    9836.945    -92.927  -4.750 -9.95662E-04 -1.14531E-04  1.10342E-05
    9838.745    -91.127  -4.700 -9.72769E-04 -1.16388E-04  2.77200E-06
    9840.526    -89.346  -4.650 -9.49876E-04 -1.18245E-04 -5.36480E-06
    9842.288    -87.584  -4.600 -9.26984E-04 -1.20103E-04 -1.33790E-05
    9844.031    -85.841  -4.550 -8.91843E-04 -1.21811E-04 -1.57684E-05
    9845.755    -84.117  -4.500 -8.49989E-04 -1.23437E-04 -1.49248E-05
    9847.460    -82.412  -4.450 -8.08136E-04 -1.25063E-04 -1.39016E-05
    9849.146    -80.726  -4.400 -7.66282E-04 -1.26690E-04 -1.27533E-05
    9850.813    -79.059  -4.350 -7.24429E-04 -1.28316E-04 -1.15121E-05
    9852.461    -77.411  -4.300 -6.82575E-04 -1.29942E-04 -1.01740E-05
    9854.090    -75.782  -4.250 -6.40721E-04 -1.31569E-04 -8.69444E-06
    9855.700    -74.172  -4.200 -5.98868E-04 -1.33195E-04 -6.99755E-06
    9857.290    -72.582  -4.150 -5.57014E-04 -1.34822E-04 -4.99616E-06
    9858.862    -71.010  -4.100 -5.15161E-04 -1.36448E-04 -2.61773E-06
    9860.414    -69.458  -4.050 -4.73307E-04 -1.38074E-04  1.71524E-07
    9861.948    -67.924  -4.000 -4.31454E-04 -1.39701E-04  3.35197E-06
    9863.462    -66.410  -3.950 -4.05116E-04 -1.41225E-04  6.16027E-05
    9864.958    -64.914  -3.900 -4.05453E-04 -1.42575E-04  2.21693E-04
    9866.434    -63.438  -3.850 -4.05790E-04 -1.43925E-04  3.64721E-04
    9867.891    -61.981  -3.800 -4.06127E-04 -1.45274E-04  4.54670E-04
    9869.330    -60.542  -3.750 -4.06464E-04 -1.46624E-04  4.62651E-04
    9870.749    -59.123  -3.700 -4.06802E-04 -1.47974E-04  3.74532E-04
    9872.149    -57.723  -3.650 -4.07139E-04 -1.49323E-04  1.95930E-04
    9873.530    -56.342  -3.600 -4.07476E-04 -1.50673E-04 -4.68315E-05
    9874.892    -54.980  -3.550 -4.07813E-04 -1.52023E-04 -3.10333E-04
    9876.235    -53.637  -3.500 -4.08150E-04 -1.53373E-04 -5.41814E-04
    9877.559    -52.313  -3.450 -4.08488E-04 -1.54722E-04 -6.89680E-04
    9878.864    -51.008  -3.400 -4.08825E-04 -1.56072E-04 -7.14697E-04
    9880.150    -49.722  -3.350 -4.09162E-04 -1.57422E-04 -5.99465E-04
    9881.417    -48.455  -3.300 -4.09499E-04 -1.58771E-04 -3.54036E-04
    9882.665    -47.207  -3.250 -4.09836E-04 -1.60121E-04 -1.61590E-05
    9883.893    -45.979  -3.200 -4.13788E-04 -1.61164E-04  3.64988E-04
    9885.103    -44.769  -3.150 -4.18625E-04 -1.62132E-04  8.82454E-04
    9886.294    -43.578  -3.100 -4.23461E-04 -1.63101E-04  1.45881E-03
    9887.465    -42.407  -3.050 -4.28298E-04 -1.64069E-04  1.97640E-03
    9888.618    -41.254  -3.000 -4.33134E-04 -1.65037E-04  2.31298E-03
    9889.751    -40.121  -2.950 -4.37970E-04 -1.66005E-04  2.36283E-03
    9890.866    -39.006  -2.900 -4.42807E-04 -1.66974E-04  2.05606E-03
    9891.961    -37.911  -2.850 -4.47643E-04 -1.67942E-04  1.37299E-03
    9893.037    -36.835  -2.800 -4.52479E-04 -1.68910E-04  3.51853E-04
    9894.095    -35.777  -2.750 -4.57316E-04 -1.69878E-04 -9.11360E-04
    9895.133    -34.739  -2.700 -4.62152E-04 -1.70846E-04 -2.27122E-03
    9896.152    -33.720  -2.650 -4.66988E-04 -1.71815E-04 -3.54874E-03
    9897.152    -32.720  -2.600 -4.71825E-04 -1.72783E-04 -4.55354E-03
    9898.133    -31.739  -2.550 -4.76661E-04 -1.73751E-04 -5.11009E-03
    9899.095    -30.777  -2.500 -4.81497E-04 -1.74719E-04 -5.08480E-03
    9900.038    -29.834  -2.450 -4.86334E-04 -1.75688E-04 -4.41001E-03
    9900.962    -28.910  -2.400 -4.91170E-04 -1.76656E-04 -3.10084E-03
    9901.867    -28.005  -2.350 -4.96006E-04 -1.77624E-04 -1.26126E-03
    9902.753    -27.119  -2.300 -5.00843E-04 -1.78592E-04  9.22633E-04
    9903.620    -26.252  -2.250 -4.97666E-04 -1.79147E-04  1.83963E-01
    9904.467    -25.405  -2.200 -4.92765E-04 -1.79613E-04  3.62802E-01
    9905.296    -24.576  -2.150 -4.87864E-04 -1.80079E-04  2.97062E-01
    9906.106    -23.766  -2.100 -4.82964E-04 -1.80546E-04 -3.72673E-02
    9906.896    -22.976  -2.050 -4.78063E-04 -1.81012E-04 -4.55449E-01
    9907.668    -22.204  -2.000 -4.73163E-04 -1.81478E-04 -7.08079E-01
    9908.420    -21.452  -1.950 -4.68262E-04 -1.81944E-04 -6.69536E-01
    9909.154    -20.718  -1.900 -4.63361E-04 -1.82410E-04 -4.17941E-01
    9909.868    -20.004  -1.850 -4.58461E-04 -1.82876E-04 -1.46934E-01
    9910.563    -19.309  -1.800 -4.53560E-04 -1.83342E-04  8.51291E-03
    9911.240    -18.632  -1.750 -4.48660E-04 -1.83808E-04  7.81338E-02
    9911.897    -17.975  -1.700 -4.43759E-04 -1.84274E-04  2.00060E-01
    9912.535    -17.337  -1.650 -4.38858E-04 -1.84741E-04  4.51568E-01
    9913.154    -16.718  -1.600 -4.27823E-04 -1.85072E-04  1.07323E+00
    9913.754    -16.118  -1.550 -4.05617E-04 -1.85157E-04  1.43276E+00
    9914.335    -15.537  -1.500 -3.80640E-04 -1.85170E-04 -5.94014E+00
    9914.897    -14.975  -1.450 -3.53326E-04 -1.85105E-04  1.28147E+00
    9915.440    -14.432  -1.400 -3.24484E-04 -1.84951E-04  1.53527E+00
    9915.964    -13.908  -1.350 -2.95462E-04 -1.84701E-04  1.29019E+00
    9916.469    -13.403  -1.300 -2.68392E-04 -1.84343E-04  1.66327E+00
    9916.955    -12.917  -1.250 -2.46619E-04 -1.83863E-04  3.15668E+00
    9917.421    -12.451  -1.200 -2.34986E-04 -1.83246E-04  5.98045E+00
    9917.869    -12.003  -1.150 -2.38680E-04 -1.82472E-04  6.79789E+00
    9918.298    -11.574  -1.100 -2.58708E-04 -1.81520E-04  2.85005E+00
    9918.707    -11.165  -1.050 -2.92505E-04 -1.80362E-04 -2.37371E+00
    9919.098    -10.774  -1.000 -3.36654E-04 -1.78964E-04 -5.84638E+00
    9919.469    -10.403  -0.950 -3.88033E-04 -1.77286E-04 -6.27972E+00
    9919.822    -10.050  -0.900 -4.43832E-04 -1.75287E-04 -4.19587E+00
    9920.155     -9.717  -0.850 -5.01600E-04 -1.72902E-04 -1.25268E+00
    9920.469     -9.403  -0.800 -5.59074E-04 -1.70071E-04  1.10229E+00
    9920.765     -9.107  -0.750 -6.14416E-04 -1.66714E-04  2.72098E+00
    9921.041     -8.831  -0.700 -6.66130E-04 -1.62744E-04  3.83170E+00
    9921.298     -8.574  -0.650 -7.13249E-04 -1.58078E-04  4.42989E+00
    9921.536     -8.336  -0.600 -7.54916E-04 -1.52604E-04  4.29335E+00
    9921.755     -8.117  -0.550 -7.90914E-04 -1.46285E-04  3.35664E+00
    9921.955     -7.917  -0.500 -8.21248E-04 -1.39119E-04  1.87664E+00
    9922.136     -7.736  -0.450 -8.46103E-04 -1.31207E-04  2.57013E-01
    9922.298     -7.574  -0.400 -8.66009E-04 -1.22770E-04 -1.17564E+00
    9922.441     -7.431  -0.350 -8.81272E-04 -1.14176E-04 -2.24735E+00
    9922.565     -7.307  -0.300 -8.92972E-04 -1.05887E-04 -2.95818E+00
    9922.670     -7.202  -0.250 -9.01795E-04 -9.83596E-05 -3.37168E+00
    9922.755     -7.117  -0.200 -9.08283E-04 -9.20273E-05 -3.57402E+00
    9922.822     -7.050  -0.150 -8.98173E-04 -7.23231E-05 -3.65111E+00
    9922.870     -7.002  -0.100 -8.38705E-04 -8.36703E-06 -3.66544E+00
    9922.898     -6.974  -0.050 -7.79237E-04  5.55890E-05 -3.66532E+00
    9922.908     -6.964   0.000 -7.19770E-04  1.19545E-04 -3.65105E+00
    9922.917     -6.955   0.050 -7.14276E-04  1.23299E-04 -3.62544E+00
    9922.946     -6.926   0.100 -7.06281E-04  1.26723E-04 -3.58789E+00
    9922.993     -6.879   0.150 -6.95508E-04  1.30147E-04 -3.53880E+00
    9923.060     -6.812   0.200 -6.66237E-04  1.36249E-04 -3.40590E+00
    9923.146     -6.726   0.250 -6.13124E-04  1.43825E-04 -3.17287E+00
    9923.251     -6.621   0.300 -5.28017E-04  1.52669E-04 -2.81150E+00
    9923.374     -6.498   0.350 -4.06983E-04  1.62452E-04 -2.31355E+00
    9923.517     -6.355   0.400 -2.51945E-04  1.72791E-04 -1.69532E+00
    9923.679     -6.193   0.450 -7.12516E-05  1.83286E-04 -9.97236E-01
    9923.860     -6.012   0.500  1.17156E-04  1.93565E-04 -2.93739E-01
    9924.060     -5.812   0.550  2.91077E-04  2.03386E-04  3.30820E-01
    9924.279     -5.593   0.600  4.28486E-04  2.12596E-04  7.99703E-01
    9924.517     -5.355   0.650  5.13443E-04  2.21115E-04  1.06422E+00
    9924.775     -5.097   0.700  5.39823E-04  2.28901E-04  1.11397E+00
    9925.051     -4.821   0.750  5.12559E-04  2.35965E-04  9.76834E-01
    9925.346     -4.526   0.800  4.46183E-04  2.42296E-04  7.11117E-01
    9925.660     -4.212   0.850  3.60357E-04  2.47893E-04  3.88176E-01
    9925.994     -3.878   0.900  2.74812E-04  2.52762E-04  7.54808E-02
    9926.346     -3.526   0.950  2.05109E-04  2.56890E-04 -1.76196E-01
    9926.718     -3.154   1.000  1.60784E-04  2.60303E-04 -3.37378E-01
    9927.108     -2.764   1.050  1.43278E-04  2.63004E-04 -4.05262E-01
    9927.518     -2.354   1.100  1.49480E-04  2.65015E-04 -3.91331E-01
    9927.946     -1.926   1.150  1.72473E-04  2.66372E-04 -3.18910E-01
    9928.394     -1.478   1.200  2.04028E-04  2.67117E-04 -2.15257E-01
    9928.861     -1.011   1.250  2.36608E-04  2.67284E-04 -1.05331E-01
    9929.347     -0.525   1.300  2.64601E-04  2.66937E-04 -8.08384E-03
    9929.851     -0.021   1.350  2.84753E-04  2.66120E-04  6.50936E-02
    9930.375      0.503   1.400  2.96094E-04  2.64892E-04  1.10164E-01
    9930.918      1.046   1.450  2.99389E-04  2.63307E-04  1.28886E-01
    9931.480      1.608   1.500  2.96514E-04  2.61421E-04  1.26939E-01
    9932.061      2.189   1.550  2.89708E-04  2.59283E-04  1.11529E-01
    9932.661      2.789   1.600  2.81069E-04  2.56941E-04  8.96810E-02
    9933.280      3.408   1.650  2.72146E-04  2.54438E-04  6.67688E-02
    9933.919      4.046   1.700  2.63880E-04  2.51821E-04  4.61393E-02
    9934.576      4.704   1.750  2.56602E-04  2.49115E-04  2.90768E-02
    9935.252      5.380   1.800  2.50291E-04  2.46348E-04  1.55443E-02
    9935.947      6.075   1.850  2.44811E-04  2.43535E-04  5.10468E-03
    9936.662      6.790   1.900  2.40045E-04  2.40630E-04 -2.37945E-03
    9937.395      7.523   1.950  2.36061E-04  2.37606E-04 -6.37872E-03
    9938.148      8.276   2.000  2.33106E-04  2.34599E-04 -6.26699E-03
    9938.919      9.047   2.050  2.31838E-04  2.32250E-04 -1.75640E-03
    9939.710      9.838   2.100  2.32170E-04  2.30662E-04  6.52958E-03
    9940.519     10.647   2.150  2.33608E-04  2.29727E-04  1.69807E-02
    9941.348     11.476   2.200  2.35669E-04  2.29484E-04  2.72390E-02
    9942.196     12.324   2.250  2.37696E-04  2.29876E-04  3.45580E-02
    9943.062     13.190   2.300  2.39326E-04  2.30991E-04  3.69091E-02
    9943.948     14.076   2.350  2.39574E-04  2.31615E-04  3.53197E-02
    9944.853     14.981   2.400  2.38817E-04  2.31294E-04  3.35160E-02
    9945.777     15.905   2.450  2.37516E-04  2.30476E-04  3.15428E-02
    9946.720     16.848   2.500  2.35922E-04  2.29443E-04  2.92044E-02
    9947.682     17.810   2.550  2.34139E-04  2.28306E-04  2.64563E-02
    9948.663     18.791   2.600  2.32239E-04  2.27125E-04  2.33331E-02
    9949.663     19.791   2.650  2.30268E-04  2.25954E-04  1.97922E-02
    9950.682     20.810   2.700  2.28265E-04  2.24845E-04  1.57633E-02
    9951.721     21.849   2.750  2.26263E-04  2.23847E-04  1.11757E-02
    9952.778     22.906   2.800  2.24224E-04  2.22928E-04  6.00916E-03
    9953.854     23.982   2.850  2.22173E-04  2.22094E-04  3.67033E-04
    9954.950     25.078   2.900  2.20153E-04  2.21340E-04 -5.52943E-03
    9956.064     26.192   2.950  2.18230E-04  2.20660E-04 -1.13334E-02
    9957.198     27.325   3.000  2.16498E-04  2.20068E-04 -1.66648E-02
    9958.350     28.478   3.050  2.15019E-04  2.19556E-04 -2.11888E-02
    9959.522     29.650   3.100  2.13842E-04  2.19129E-04 -2.46906E-02
    9960.712     30.840   3.150  2.12968E-04  2.18770E-04 -2.70880E-02
    9961.922     32.050   3.200  2.12398E-04  2.18493E-04 -2.84346E-02
    9963.151     33.279   3.250  2.12107E-04  2.18298E-04 -2.88575E-02
    9964.398     34.526   3.300  2.12046E-04  2.18166E-04 -2.84937E-02
    9965.665     35.793   3.350  2.12197E-04  2.18108E-04 -2.74740E-02
    9966.951     37.079   3.400  2.12534E-04  2.18112E-04 -2.58827E-02
    9968.256     38.384   3.450  2.13045E-04  2.18177E-04 -2.37657E-02
    9969.580     39.708   3.500  2.13728E-04  2.18305E-04 -2.11504E-02
    9970.923     41.051   3.550  2.14562E-04  2.18480E-04 -1.80617E-02
    9972.285     42.413   3.600  2.15542E-04  2.18708E-04 -1.45562E-02
    9973.666     43.794   3.650  2.16639E-04  2.18973E-04 -1.07038E-02
    9975.066     45.194   3.700  2.17833E-04  2.19276E-04 -6.60250E-03
    9976.486     46.614   3.750  2.19097E-04  2.19614E-04 -2.36102E-03
    9977.924     48.052   3.800  2.20394E-04  2.19977E-04  1.90107E-03
    9979.381     49.509   3.850  2.21702E-04  2.20365E-04  6.06383E-03
    9980.858     50.985   3.900  2.22981E-04  2.20772E-04  9.99523E-03
    9982.353     52.481   3.950  2.24197E-04  2.21191E-04  1.35623E-02
    9983.867     53.995   4.000  2.25310E-04  2.21612E-04  1.66396E-02
    9985.401     55.529   4.050  2.26297E-04  2.22038E-04  1.91135E-02
    9986.953     57.081   4.100  2.27133E-04  2.22463E-04  2.09051E-02
    9988.525     58.653   4.150  2.27797E-04  2.22878E-04  2.19633E-02
    9990.116     60.244   4.200  2.28279E-04  2.23278E-04  2.22803E-02
    9991.726     61.853   4.250  2.28591E-04  2.23668E-04  2.18790E-02
    9993.354     63.482   4.300  2.28726E-04  2.24034E-04  2.08095E-02
    9995.002     65.130   4.350  2.28701E-04  2.24378E-04  1.91397E-02
    9996.669     66.797   4.400  2.28525E-04  2.24692E-04  1.69417E-02
    9998.355     68.483   4.450  2.28220E-04  2.24980E-04  1.42950E-02
   10000.060     70.188   4.500  2.27801E-04  2.25239E-04  1.12865E-02
   10001.784     71.912   4.550  2.27275E-04  2.25456E-04  8.00422E-03
   10003.527     73.655   4.600  2.26683E-04  2.25647E-04  4.55673E-03
   10005.289     75.417   4.650  2.26039E-04  2.25798E-04  1.05694E-03
   10007.070     77.198   4.700  2.25377E-04  2.25917E-04 -2.36907E-03
   10008.870     78.998   4.750  2.24721E-04  2.25997E-04 -5.59547E-03
   10010.690     80.818   4.800  2.24100E-04  2.26041E-04 -8.50617E-03
   10012.528     82.656   4.850  2.23547E-04  2.26057E-04 -1.09995E-02
   10014.385     84.513   4.900  2.23067E-04  2.26036E-04 -1.30043E-02
   10016.262     86.390   4.950  2.22681E-04  2.25987E-04 -1.44805E-02
   10018.157     88.285   5.000  2.22384E-04  2.25905E-04 -1.54205E-02
   10020.072     90.200   5.050  2.22179E-04  2.25796E-04 -1.58429E-02
   10022.005     92.133   5.100  2.22062E-04  2.25664E-04 -1.57892E-02
   10023.958     94.086   5.150  2.22013E-04  2.25505E-04 -1.53101E-02
   10025.930     96.058   5.200  2.22031E-04  2.25328E-04 -1.44603E-02
   10027.920     98.048   5.250  2.22108E-04  2.25136E-04 -1.32902E-02
   10029.930    100.058   5.300  2.22231E-04  2.24927E-04 -1.18387E-02
   10031.959    102.087   5.350  2.22408E-04  2.24715E-04 -1.01371E-02
   10034.007    104.135   5.400  2.22619E-04  2.24486E-04 -8.20903E-03
   10036.074    106.202   5.450  2.22876E-04  2.24256E-04 -6.07506E-03
   10038.160    108.288   5.500  2.23169E-04  2.24024E-04 -3.76324E-03
   10040.265    110.393   5.550  2.23488E-04  2.23786E-04 -1.31500E-03
   10042.389    112.517   5.600  2.23826E-04  2.23552E-04  1.20943E-03
   10044.532    114.660   5.650  2.24171E-04  2.23326E-04  3.72714E-03
   10046.694    116.822   5.700  2.24489E-04  2.23100E-04  6.13564E-03
   10048.875    119.003   5.750  2.24772E-04  2.22889E-04  8.32106E-03
   10051.076    121.203   5.800  2.24985E-04  2.22686E-04  1.01670E-02
   10053.295    123.423   5.850  2.25104E-04  2.22490E-04  1.15706E-02
   10055.533    125.661   5.900  2.25123E-04  2.22311E-04  1.24525E-02
   10057.791    127.919   5.950  2.25023E-04  2.22141E-04  1.27670E-02
   10060.067    130.195   6.000  2.24806E-04  2.21985E-04  1.25094E-02
   10062.363    132.491   6.050  2.24485E-04  2.21844E-04  1.17130E-02
   10064.677    134.805   6.100  2.24073E-04  2.21719E-04  1.04488E-02
   10067.011    137.139   6.150  2.23589E-04  2.21604E-04  8.81335E-03
   10069.363    139.491   6.200  2.23066E-04  2.21509E-04  6.91793E-03
   10071.735    141.863   6.250  2.22517E-04  2.21419E-04  4.88176E-03
   10074.126    144.254   6.300  2.21976E-04  2.21343E-04  2.81726E-03
   10076.536    146.664   6.350  2.21464E-04  2.21279E-04  8.22778E-04
   10078.965    149.093   6.400  2.20997E-04  2.21226E-04 -1.02135E-03
   10081.413    151.540   6.450  2.20586E-04  2.21184E-04 -2.65719E-03
   10083.879    154.007   6.500  2.20234E-04  2.21144E-04 -4.04831E-03
   10086.366    156.493   6.550  2.19949E-04  2.21111E-04 -5.17738E-03
   10088.871    158.999   6.600  2.19726E-04  2.21082E-04 -6.04236E-03
   10091.395    161.523   6.650  2.19566E-04  2.21058E-04 -6.65087E-03
   10093.938    164.066   6.700  2.19460E-04  2.21034E-04 -7.01663E-03
   10096.500    166.628   6.750  2.19405E-04  2.21009E-04 -7.15505E-03
   10099.081    169.209   6.800  2.19392E-04  2.20978E-04 -7.07974E-03
   10101.682    171.810   6.850  2.19423E-04  2.20947E-04 -6.80353E-03
   10104.301    174.429   6.900  2.19493E-04  2.20912E-04 -6.33779E-03
   10106.939    177.067   6.950  2.19594E-04  2.20868E-04 -5.69521E-03
   10109.597    179.725   7.000  2.19725E-04  2.20819E-04 -4.89230E-03
   10112.273    182.401   7.050  2.19873E-04  2.20756E-04 -3.95085E-03
   10114.969    185.097   7.100  2.20035E-04  2.20683E-04 -2.89991E-03
   10117.684    187.812   7.150  2.20203E-04  2.20600E-04 -1.77661E-03
   10120.417    190.545   7.200  2.20365E-04  2.20504E-04 -6.23472E-04
   10123.170    193.298   7.250  2.20511E-04  2.20397E-04  5.13066E-04
   10125.942    196.070   7.300  2.20628E-04  2.20274E-04  1.58708E-03
   10128.733    198.860   7.350  2.20712E-04  2.20143E-04  2.55644E-03
   10131.542    201.670   7.400  2.20744E-04  2.19992E-04  3.38644E-03
   10134.371    204.499   7.450  2.20733E-04  2.19833E-04  4.05232E-03
   10137.219    207.347   7.500  2.20664E-04  2.19657E-04  4.53977E-03
   10140.086    210.214   7.550  2.20538E-04  2.19464E-04  4.84501E-03
   10142.972    213.100   7.600  2.20367E-04  2.19266E-04  4.97241E-03
   10145.877    216.005   7.650  2.20149E-04  2.19058E-04  4.93255E-03
   10148.802    218.930   7.700  2.19881E-04  2.18835E-04  4.73963E-03
   10151.745    221.873   7.750  2.19579E-04  2.18606E-04  4.40911E-03
   10154.707    224.835   7.800  2.19237E-04  2.18365E-04  3.95681E-03
   10157.688    227.816   7.850  2.18867E-04  2.18119E-04  3.39915E-03
   10160.689    230.817   7.900  2.18474E-04  2.17869E-04  2.75282E-03
   10163.708    233.836   7.950  2.18056E-04  2.17609E-04  2.03568E-03
   10166.747    236.875   8.000  2.17630E-04  2.17352E-04  1.26766E-03
   10169.804    239.932   8.050  2.17191E-04  2.17088E-04  4.70987E-04
   10172.881    243.009   8.100  2.16756E-04  2.16828E-04 -3.30030E-04
   10175.976    246.104   8.150  2.16322E-04  2.16564E-04 -1.10931E-03
   10179.091    249.219   8.200  2.15900E-04  2.16301E-04 -1.84013E-03
   10182.225    252.353   8.250  2.15501E-04  2.16044E-04 -2.49620E-03
   10185.377    255.505   8.300  2.15125E-04  2.15789E-04 -3.05291E-03
   10188.549    258.677   8.350  2.14777E-04  2.15534E-04 -3.48850E-03
   10191.740    261.868   8.400  2.14468E-04  2.15289E-04 -3.78533E-03
   10194.950    265.078   8.450  2.14194E-04  2.15046E-04 -3.93108E-03
   10198.179    268.307   8.500  2.13968E-04  2.14816E-04 -3.91978E-03
   10201.427    271.555   8.550  2.13774E-04  2.14585E-04 -3.75261E-03
   10204.694    274.822   8.600  2.13625E-04  2.14367E-04 -3.43856E-03
   10207.980    278.108   8.650  2.13508E-04  2.14154E-04 -2.99407E-03
   10211.285    281.413   8.700  2.13422E-04  2.13948E-04 -2.44195E-03
   10214.610    284.738   8.750  2.13361E-04  2.13751E-04 -1.81155E-03
   10217.953    288.081   8.800  2.13314E-04  2.13558E-04 -1.13397E-03
   10221.315    291.443   8.850  2.13282E-04  2.13377E-04 -4.41639E-04
   10224.697    294.824   8.900  2.13245E-04  2.13195E-04  2.34414E-04
   10228.097    298.225   8.950  2.13212E-04  2.13026E-04  8.66451E-04
   10231.516    301.644   9.000  2.13166E-04  2.12859E-04  1.43125E-03
   10234.955    305.083   9.050  2.13104E-04  2.12696E-04  1.91087E-03
   10238.412    308.540   9.100  2.13028E-04  2.12539E-04  2.29246E-03
   10241.889    312.017   9.150  2.12930E-04  2.12382E-04  2.56796E-03
   10245.385    315.513   9.200  2.12811E-04  2.12228E-04  2.73359E-03
   10248.899    319.027   9.250  2.12673E-04  2.12079E-04  2.78919E-03
   10252.433    322.561   9.300  2.12513E-04  2.11931E-04  2.73785E-03
   10255.986    326.114   9.350  2.12332E-04  2.11783E-04  2.58548E-03
   10259.558    329.686   9.400  2.12126E-04  2.11630E-04  2.34084E-03
   10263.149    333.277   9.450  2.11906E-04  2.11479E-04  2.01535E-03
   10266.759    336.887   9.500  2.11666E-04  2.11322E-04  1.62312E-03
   10270.388    340.516   9.550  2.11414E-04  2.11165E-04  1.18054E-03
   10274.036    344.164   9.600  2.11155E-04  2.11006E-04  7.06118E-04
   10277.703    347.831   9.650  2.10886E-04  2.10839E-04  2.19747E-04
   10281.389    351.517   9.700  2.10615E-04  2.10669E-04 -2.58072E-04
   10285.094    355.222   9.750  2.10350E-04  2.10499E-04 -7.07078E-04
   10288.819    358.947   9.800  2.10081E-04  2.10314E-04 -1.10862E-03
   10292.562    362.690   9.850  2.09827E-04  2.10131E-04 -1.44636E-03
   10296.324    366.452   9.900  2.09576E-04  2.09935E-04 -1.70773E-03
   10300.106    370.234   9.950  2.09341E-04  2.09736E-04 -1.88446E-03
   10303.906    374.034  10.000  2.09121E-04  2.09534E-04 -1.97308E-03
   10307.726    377.854  10.050  2.08912E-04  2.09325E-04 -1.97503E-03
   10311.564    381.692  10.100  2.08712E-04  2.09108E-04 -1.89618E-03
   10315.422    385.550  10.150  2.08523E-04  2.08887E-04 -1.74596E-03
   10319.298    389.426  10.200  2.08338E-04  2.08658E-04 -1.53640E-03
   10323.194    393.322  10.250  2.08155E-04  2.08422E-04 -1.28079E-03
   10327.109    397.237  10.300  2.07977E-04  2.08184E-04 -9.92722E-04
   10331.043    401.171  10.350  2.07803E-04  2.07945E-04 -6.85087E-04
   10334.996    405.124  10.400  2.07629E-04  2.07706E-04 -3.69729E-04
   10338.967    409.095  10.450  2.07447E-04  2.07459E-04 -5.70599E-05
   10342.958    413.086  10.500  2.07267E-04  2.07217E-04  2.43641E-04
   10346.968    417.096  10.550  2.07079E-04  2.06971E-04  5.24123E-04
   10350.997    421.125  10.600  2.06884E-04  2.06724E-04  7.76851E-04
   10355.046    425.174  10.650  2.06686E-04  2.06481E-04  9.94831E-04
   10359.113    429.241  10.700  2.06478E-04  2.06236E-04  1.17168E-03
   10363.199    433.327  10.750  2.06265E-04  2.05997E-04  1.30178E-03
   10367.304    437.432  10.800  2.06042E-04  2.05758E-04  1.38082E-03
   10371.429    441.556  10.850  2.05811E-04  2.05523E-04  1.40594E-03
   10375.572    445.700  10.900  2.05576E-04  2.05293E-04  1.37645E-03
   10379.734    449.862  10.950  2.05331E-04  2.05065E-04  1.29392E-03
   10383.916    454.044  11.000  2.05083E-04  2.04845E-04  1.16232E-03
   10388.116    458.244  11.050  2.04829E-04  2.04626E-04  9.88053E-04
   10392.336    462.464  11.100  2.04570E-04  2.04410E-04  7.79445E-04
   10396.574    466.702  11.150  2.04313E-04  2.04201E-04  5.46426E-04
   10400.832    470.960  11.200  2.04054E-04  2.03993E-04  2.99924E-04
   10405.109    475.237  11.250  2.03803E-04  2.03793E-04  5.11348E-05
   10409.405    479.533  11.300  2.03555E-04  2.03594E-04 -1.89078E-04
   10413.719    483.847  11.350  2.03312E-04  2.03396E-04 -4.10683E-04
   10418.053    488.181  11.400  2.03077E-04  2.03200E-04 -6.05195E-04
   10422.406    492.534  11.450  2.02855E-04  2.03011E-04 -7.65850E-04
   10426.778    496.906  11.500  2.02641E-04  2.02822E-04 -8.87972E-04
   10431.169    501.297  11.550  2.02437E-04  2.02634E-04 -9.68951E-04
   10435.579    505.707  11.600  2.02247E-04  2.02451E-04 -1.00829E-03
   10440.008    510.136  11.650  2.02061E-04  2.02265E-04 -1.00727E-03
   10444.456    514.584  11.700  2.01881E-04  2.02077E-04 -9.68645E-04
   10448.924    519.052  11.750  2.01707E-04  2.01889E-04 -8.96418E-04
   10453.410    523.538  11.800  2.01540E-04  2.01700E-04 -7.95266E-04
   10457.915    528.043  11.850  2.01376E-04  2.01512E-04 -6.70375E-04
   10462.440    532.567  11.900  2.01214E-04  2.01320E-04 -5.27059E-04
   10466.983    537.111  11.950  2.01055E-04  2.01130E-04 -3.70649E-04
   10471.545    541.673  12.000  2.00891E-04  2.00932E-04 -2.06439E-04
   10476.127    546.255  12.050  2.00723E-04  2.00731E-04 -3.96148E-05
   10480.727    550.855  12.100  2.00548E-04  2.00523E-04  1.24577E-04
   10485.347    555.475  12.150  2.00370E-04  2.00314E-04  2.80883E-04
   10489.986    560.114  12.200  2.00184E-04  2.00099E-04  4.24034E-04
   10494.643    564.771  12.250  1.99994E-04  1.99884E-04  5.48825E-04
   10499.320    569.448  12.300  1.99788E-04  1.99658E-04  6.50326E-04
   10504.016    574.144  12.350  1.99575E-04  1.99430E-04  7.24132E-04
   10508.731    578.859  12.400  1.99352E-04  1.99199E-04  7.66717E-04
   10513.465    583.593  12.450  1.99115E-04  1.98960E-04  7.75767E-04
   10518.218    588.346  12.500  1.98870E-04  1.98721E-04  7.50612E-04
   10522.990    593.118  12.550  1.98611E-04  1.98473E-04  6.92233E-04
   10527.781    597.909  12.600  1.98344E-04  1.98224E-04  6.03584E-04
   10532.591    602.719  12.650  1.98069E-04  1.97972E-04  4.89274E-04
   10537.420    607.548  12.700  1.97784E-04  1.97714E-04  3.55482E-04
   10542.268    612.396  12.750  1.97496E-04  1.97454E-04  2.09384E-04
   10547.135    617.263  12.800  1.97204E-04  1.97193E-04  5.87382E-05
   10552.022    622.150  12.850  1.96909E-04  1.96927E-04 -8.87155E-05
   10556.927    627.055  12.900  1.96614E-04  1.96659E-04 -2.25816E-04
   10561.852    631.979  12.950  1.96327E-04  1.96396E-04 -3.46315E-04
   10566.795    636.923  13.000  1.96039E-04  1.96127E-04 -4.45390E-04
   10571.757    641.885  13.050  1.95756E-04  1.95858E-04 -5.19621E-04
   10576.739    646.867  13.100  1.95478E-04  1.95589E-04 -5.67211E-04
   10581.740    651.868  13.150  1.95207E-04  1.95322E-04 -5.87777E-04
   10586.759    656.887  13.200  1.94941E-04  1.95055E-04 -5.82224E-04
   10591.798    661.926  13.250  1.94684E-04  1.94792E-04 -5.52555E-04
   10596.856    666.984  13.300  1.94428E-04  1.94526E-04 -5.01540E-04
   10601.933    672.061  13.350  1.94182E-04  1.94266E-04 -4.32591E-04
   10607.028    677.156  13.400  1.93940E-04  1.94008E-04 -3.49513E-04
   10612.143    682.271  13.450  1.93701E-04  1.93751E-04 -2.56307E-04
   10617.277    687.405  13.500  1.93469E-04  1.93499E-04 -1.57049E-04
   10622.430    692.558  13.550  1.93239E-04  1.93250E-04 -5.58609E-05
   10627.602    697.730  13.600  1.93011E-04  1.93003E-04  4.33480E-05
   10632.793    702.921  13.650  1.92782E-04  1.92755E-04  1.36858E-04
   10638.004    708.132  13.700  1.92558E-04  1.92515E-04  2.21297E-04
   10643.233    713.361  13.750  1.92332E-04  1.92275E-04  2.93656E-04
   10648.481    718.609  13.800  1.92104E-04  1.92037E-04  3.51504E-04
   10653.748    723.876  13.850  1.91876E-04  1.91800E-04  3.92973E-04
   10659.035    729.163  13.900  1.91648E-04  1.91568E-04  4.16827E-04
   10664.340    734.468  13.950  1.91419E-04  1.91338E-04  4.22590E-04
   10669.665    739.793  14.000  1.91182E-04  1.91103E-04  4.10562E-04
   10675.008    745.136  14.050  1.90946E-04  1.90873E-04  3.81734E-04
   10680.371    750.499  14.100  1.90706E-04  1.90642E-04  3.37866E-04
   10685.752    755.880  14.150  1.90466E-04  1.90412E-04  2.81373E-04
   10691.153    761.281  14.200  1.90223E-04  1.90182E-04  2.15194E-04
   10696.573    766.701  14.250  1.89974E-04  1.89947E-04  1.42623E-04
   10702.011    772.139  14.300  1.89728E-04  1.89715E-04  6.72294E-05
   10707.469    777.597  14.350  1.89483E-04  1.89484E-04 -7.45170E-06
   10712.946    783.074  14.400  1.89232E-04  1.89246E-04 -7.80916E-05
   10718.442    788.570  14.450  1.88980E-04  1.89007E-04 -1.41712E-04
   10723.957    794.085  14.500  1.88731E-04  1.88768E-04 -1.95869E-04
   10729.491    799.619  14.550  1.88481E-04  1.88526E-04 -2.38799E-04
   10735.044    805.172  14.600  1.88228E-04  1.88279E-04 -2.69450E-04
   10740.616    810.744  14.650  1.87976E-04  1.88031E-04 -2.87409E-04
   10746.207    816.335  14.700  1.87724E-04  1.87779E-04 -2.92903E-04
   10751.817    821.945  14.750  1.87469E-04  1.87522E-04 -2.86658E-04
   10757.447    827.575  14.800  1.87217E-04  1.87267E-04 -2.69734E-04
   10763.095    833.223  14.850  1.86956E-04  1.87002E-04 -2.43388E-04
   10768.762    838.890  14.900  1.86702E-04  1.86741E-04 -2.08976E-04
   10774.449    844.577  14.950  1.86442E-04  1.86473E-04 -1.67898E-04
   10780.154    850.282  15.000  1.86181E-04  1.86204E-04 -1.21493E-04
   10785.879    856.007  15.050  1.85919E-04  1.85932E-04 -7.11623E-05
   10791.622    861.750  15.100  1.85658E-04  1.85661E-04 -1.83999E-05
   10797.385    867.513  15.150  1.85389E-04  1.85383E-04  3.51322E-05
   10803.166    873.294  15.200  1.85120E-04  1.85104E-04  8.75264E-05
   10808.967    879.095  15.250  1.84850E-04  1.84825E-04  1.36657E-04
   10814.787    884.915  15.300  1.84578E-04  1.84545E-04  1.80206E-04
   10820.626    890.754  15.350  1.84305E-04  1.84265E-04  2.15835E-04
   10826.484    896.611  15.400  1.84030E-04  1.83985E-04  2.41360E-04
   10832.360    902.488  15.450  1.83745E-04  1.83698E-04  2.54964E-04
   10838.256    908.384  15.500  1.83465E-04  1.83418E-04  2.55494E-04
   10844.171    914.299  15.550  1.83183E-04  1.83138E-04  2.42565E-04
   10850.105    920.233  15.600  1.82899E-04  1.82859E-04  2.16753E-04
   10856.059    926.186  15.650  1.82612E-04  1.82579E-04  1.79538E-04
   10862.031    932.159  15.700  1.82327E-04  1.82303E-04  1.33220E-04
   10868.022    938.150  15.750  1.82045E-04  1.82030E-04  8.07419E-05
   10874.032    944.160  15.800  1.81758E-04  1.81754E-04  2.53884E-05
   10880.061    950.189  15.850  1.81476E-04  1.81482E-04 -2.95146E-05
   10886.110    956.238  15.900  1.81197E-04  1.81212E-04 -8.08567E-05
   10892.177    962.305  15.950  1.80919E-04  1.80942E-04 -1.26072E-04
   10898.264    968.392  16.000  1.80646E-04  1.80675E-04 -1.63144E-04
   10904.369    974.497  16.050  1.80373E-04  1.80407E-04 -1.90852E-04
   10910.494    980.622  16.100  1.80109E-04  1.80147E-04 -2.08604E-04
   10916.637    986.765  16.150  1.79848E-04  1.79887E-04 -2.16378E-04
   10922.800    992.928  16.200  1.79589E-04  1.79628E-04 -2.14611E-04
   10928.982    999.110  16.250  1.79331E-04  1.79368E-04 -2.04060E-04
   10935.182   1005.310  16.300  1.79076E-04  1.79109E-04 -1.85624E-04
   10941.402   1011.530  16.350  1.78821E-04  1.78850E-04 -1.60294E-04
   10947.641   1017.769  16.400  1.78570E-04  1.78593E-04 -1.29137E-04
   10953.899   1024.027  16.450  1.78324E-04  1.78340E-04 -9.32819E-05
   10960.176   1030.304  16.500  1.78072E-04  1.78082E-04 -5.39995E-05
   10966.472   1036.600  16.550  1.77823E-04  1.77825E-04 -1.26989E-05
   10972.787   1042.915  16.600  1.77577E-04  1.77572E-04  2.90704E-05
   10979.121   1049.249  16.650  1.77326E-04  1.77313E-04  6.95902E-05
   10985.474   1055.602  16.700  1.77073E-04  1.77054E-04  1.07055E-04
   10991.846   1061.974  16.750  1.76819E-04  1.76794E-04  1.39700E-04
   10998.238   1068.366  16.800  1.76564E-04  1.76535E-04  1.65924E-04
   11004.648   1074.776  16.850  1.76305E-04  1.76273E-04  1.84381E-04
   11011.077   1081.205  16.900  1.76041E-04  1.76006E-04  1.94170E-04
   11017.526   1087.654  16.950  1.75778E-04  1.75744E-04  1.94884E-04
   11023.993   1094.121  17.000  1.75507E-04  1.75474E-04  1.86602E-04
   11030.480   1100.608  17.050  1.75235E-04  1.75205E-04  1.70001E-04
   11036.985   1107.113  17.100  1.74955E-04  1.74929E-04  1.46133E-04
   11043.510   1113.638  17.150  1.74677E-04  1.74657E-04  1.16412E-04
   11050.053   1120.181  17.200  1.74392E-04  1.74377E-04  8.25420E-05
   11056.616   1126.744  17.250  1.74106E-04  1.74098E-04  4.62317E-05
   11063.198   1133.326  17.300  1.73820E-04  1.73819E-04  9.25402E-06
   11069.799   1139.927  17.350  1.73534E-04  1.73538E-04 -2.67907E-05
   11076.418   1146.546  17.400  1.73240E-04  1.73251E-04 -6.04449E-05
   11083.057   1153.185  17.450  1.72952E-04  1.72967E-04 -9.05224E-05
   11089.715   1159.843  17.500  1.72658E-04  1.72678E-04 -1.16019E-04
   11096.392   1166.520  17.550  1.72365E-04  1.72389E-04 -1.36178E-04
   11103.088   1173.216  17.600  1.72073E-04  1.72099E-04 -1.50460E-04
   11109.803   1179.931  17.650  1.71782E-04  1.71810E-04 -1.58459E-04
   11116.538   1186.666  17.700  1.71493E-04  1.71520E-04 -1.60005E-04
   11123.291   1193.419  17.750  1.71204E-04  1.71230E-04 -1.55103E-04
   11130.063   1200.191  17.800  1.70910E-04  1.70935E-04 -1.43946E-04
   11136.854   1206.982  17.850  1.70623E-04  1.70645E-04 -1.26937E-04
   11143.665   1213.793  17.900  1.70338E-04  1.70356E-04 -1.04771E-04
   11150.494   1220.622  17.950  1.70053E-04  1.70066E-04 -7.83502E-05
   11157.343   1227.470  18.000  1.69768E-04  1.69777E-04 -4.88498E-05
   11164.210   1234.338  18.050  1.69485E-04  1.69488E-04 -1.76044E-05
   11171.097   1241.225  18.100  1.69207E-04  1.69204E-04  1.39201E-05
   11178.002   1248.130  18.150  1.68925E-04  1.68918E-04  4.42107E-05
   11184.927   1255.055  18.200  1.68642E-04  1.68630E-04  7.18287E-05
   11191.871   1261.998  18.250  1.68365E-04  1.68349E-04  9.55031E-05
   11198.833   1268.961  18.300  1.68089E-04  1.68070E-04  1.14212E-04
   11205.815   1275.943  18.350  1.67812E-04  1.67790E-04  1.27215E-04
   11212.816   1282.944  18.400  1.67533E-04  1.67511E-04  1.34134E-04
   11219.836   1289.964  18.450  1.67254E-04  1.67232E-04  1.34928E-04
   11226.875   1297.003  18.500  1.66977E-04  1.66955E-04  1.29857E-04
   11233.933   1304.061  18.550  1.66702E-04  1.66683E-04  1.19493E-04
   11241.010   1311.138  18.600  1.66424E-04  1.66406E-04  1.04549E-04
   11248.106   1318.234  18.650  1.66149E-04  1.66134E-04  8.59103E-05
   11255.221   1325.349  18.700  1.65874E-04  1.65864E-04  6.45453E-05
   11262.355   1332.483  18.750  1.65595E-04  1.65588E-04  4.13820E-05
   11269.508   1339.636  18.800  1.65320E-04  1.65317E-04  1.73795E-05
   11276.681   1346.809  18.850  1.65045E-04  1.65046E-04 -6.60977E-06
   11283.872   1354.000  18.900  1.64772E-04  1.64777E-04 -2.97624E-05
   11291.082   1361.210  18.950  1.64493E-04  1.64501E-04 -5.13367E-05
   11298.312   1368.440  19.000  1.64218E-04  1.64230E-04 -7.06271E-05
   11305.560   1375.688  19.050  1.63945E-04  1.63959E-04 -8.69941E-05
   11312.828   1382.956  19.100  1.63665E-04  1.63682E-04 -9.98500E-05
   11320.115   1390.243  19.150  1.63393E-04  1.63411E-04 -1.08702E-04
   11327.420   1397.548  19.200  1.63114E-04  1.63133E-04 -1.13091E-04
   11334.745   1404.873  19.250  1.62836E-04  1.62854E-04 -1.12755E-04
   11342.089   1412.217  19.300  1.62558E-04  1.62575E-04 -1.07584E-04
   11349.451   1419.579  19.350  1.62280E-04  1.62296E-04 -9.76701E-05
   11356.833   1426.961  19.400  1.62004E-04  1.62017E-04 -8.33992E-05
   11364.234   1434.362  19.450  1.61725E-04  1.61736E-04 -6.53689E-05
   11371.654   1441.782  19.500  1.61443E-04  1.61450E-04 -4.44319E-05
   11379.093   1449.221  19.550  1.61165E-04  1.61168E-04 -2.16176E-05
   11386.551   1456.679  19.600  1.60880E-04  1.60880E-04  1.93340E-06
   11394.028   1464.156  19.650  1.60596E-04  1.60592E-04  2.49889E-05
   11401.524   1471.652  19.700  1.60311E-04  1.60304E-04  4.64094E-05
   11409.040   1479.168  19.750  1.60026E-04  1.60016E-04  6.51363E-05
   11416.574   1486.702  19.800  1.59735E-04  1.59722E-04  8.03151E-05
   11424.127   1494.255  19.850  1.59448E-04  1.59433E-04  9.13221E-05
   11431.699   1501.827  19.900  1.59163E-04  1.59147E-04  9.77769E-05
   11439.291   1509.419  19.950  1.58875E-04  1.58859E-04  9.96019E-05
