# PATH  Rmax= 9.000,  Keep_limit= 0.00, Heap_limit 0.00  Pwcrit= 2.50%
 -----------------------------------------------------------------------
  pathindex     sig2   amp ratio    deg    nlegs  r effective
        1     0.00000     0.1000E+03     1.000     2   2.3580
        2     0.00000     0.9980E+02     1.000     2   2.3598
        3     0.00000     0.9902E+02     1.000     2   2.3668
        4     0.00000     0.9896E+02     1.000     2   2.3674
        5     0.00000     0.1148E+02     1.000     2   3.1457
        6     0.00000     0.1141E+02     1.000     2   3.1532
        7     0.00000     0.1138E+02     1.000     2   3.1566
        8     0.00000     0.1122E+02     1.000     2   3.1732
        9     0.00000     0.3859E+02     1.000     2   3.3117
       10     0.00000     0.3845E+02     1.000     2   3.3161
       11     0.00000     0.9933E+01     1.000     2   3.3219
       12     0.00000     0.9867E+01     1.000     2   3.3302
       13     0.00000     0.3793E+02     1.000     2   3.3330
       14     0.00000     0.3708E+02     1.000     2   3.3609
       15     0.00000     0.7400E+01     1.000     2   3.7040
       16     0.00000     0.2826E+02     1.000     2   3.7112
       17     0.00000     0.2821E+02     1.000     2   3.7134
       18     0.00000     0.4202E+02     2.000     3   3.7523
       19     0.00000     0.4202E+02     2.000     3   3.7540
       20     0.00000     0.4240E+02     2.000     3   3.7563
       21     0.00000     0.7099E+01     1.000     2   3.7606
       22     0.00000     0.4211E+02     2.000     3   3.7712
       23     0.00000     0.1283E+02     2.000     3   3.7849
       24     0.00000     0.1251E+02     2.000     3   3.8125
       25     0.00000     0.9274E+01     2.000     3   3.8629
       26     0.00000     0.9183E+01     2.000     3   3.8693
       27     0.00000     0.7178E+01     2.000     3   3.9538
       28     0.00000     0.7100E+01     2.000     3   3.9699
       29     0.00000     0.1741E+02     2.000     3   3.9785
       30     0.00000     0.1735E+02     2.000     3   3.9812
       31     0.00000     0.6792E+01     2.000     3   4.0462
       32     0.00000     0.6779E+01     2.000     3   4.0501
       33     0.00000     0.9061E+01     2.000     3   4.0636
       34     0.00000     0.9254E+01     2.000     3   4.1059
       35     0.00000     0.5395E+01     1.000     2   4.1522
       36     0.00000     0.5374E+01     1.000     2   4.1578
       37     0.00000     0.1335E+02     1.000     4   4.1795
       38     0.00000     0.1279E+02     1.000     4   4.1815
       39     0.00000     0.1355E+02     1.000     4   4.1919
       40     0.00000     0.1362E+02     1.000     4   4.1928
       41     0.00000     0.3108E+01     2.000     4   4.2082
       42     0.00000     0.8548E+01     2.000     3   4.2100
       43     0.00000     0.3514E+01     2.000     4   4.2229
       44     0.00000     0.6296E+01     2.000     3   4.2333
       45     0.00000     0.8798E+01     2.000     3   4.2353
       46     0.00000     0.6989E+01     1.000     4   4.2369
       47     0.00000     0.7427E+01     1.000     4   4.2458
       48     0.00000     0.8957E+01     2.000     3   4.2475
       49     0.00000     0.7408E+01     1.000     4   4.2490
       50     0.00000     0.6277E+01     2.000     3   4.2626
       51     0.00000     0.6836E+01     1.000     4   4.2642
       52     0.00000     0.1897E+02     2.000     3   4.2694
       53     0.00000     0.1894E+02     2.000     3   4.2726
       54     0.00000     0.4906E+01     1.000     2   4.2947
       55     0.00000     0.4895E+01     1.000     2   4.2983
       56     0.00000     0.3337E+01     2.000     3   4.3011
       59     0.00000     0.1048E+02     2.000     3   4.3243
       60     0.00000     0.3254E+01     2.000     3   4.3429
       61     0.00000     0.2054E+02     2.000     3   4.3500
       62     0.00000     0.2046E+02     2.000     3   4.3539
       63     0.00000     0.1108E+02     2.000     3   4.3581
       64     0.00000     0.1120E+02     2.000     3   4.3643
       65     0.00000     0.2344E+02     1.000     4   4.4052
       66     0.00000     0.2331E+02     1.000     4   4.4095
       67     0.00000     0.5825E+01     1.000     4   4.4142
       68     0.00000     0.5783E+01     1.000     4   4.4224
       69     0.00000     0.3204E+01     1.000     4   4.4231
       70     0.00000     0.1493E+02     2.000     3   4.4441
       71     0.00000     0.1491E+02     2.000     3   4.4437
       72     0.00000     0.3478E+01     1.000     4   4.4512
       73     0.00000     0.7806E+01     2.000     3   4.4794
       74     0.00000     0.7913E+01     2.000     3   4.4811
       75     0.00000     0.5922E+01     2.000     4   4.4869
       76     0.00000     0.3832E+01     2.000     4   4.5155
       77     0.00000     0.6280E+01     2.000     4   4.5162
       78     0.00000     0.9208E+01     2.000     3   4.5258
       79     0.00000     0.9273E+01     2.000     3   4.5270
       80     0.00000     0.4806E+01     2.000     4   4.5367
       81     0.00000     0.2994E+01     2.000     3   4.5374
       82     0.00000     0.2997E+01     2.000     3   4.5385
       83     0.00000     0.4775E+01     2.000     4   4.5404
       84     0.00000     0.3724E+01     2.000     4   4.5576
       85     0.00000     0.2097E+02     2.000     4   4.5811
       86     0.00000     0.2108E+02     2.000     4   4.5826
       87     0.00000     0.3748E+01     2.000     4   4.5928
       88     0.00000     0.4045E+01     2.000     4   4.6079
       89     0.00000     0.3929E+01     1.000     2   4.6428
       90     0.00000     0.3914E+01     1.000     2   4.6488
       92     0.00000     0.1466E+02     1.000     2   4.6706
       93     0.00000     0.1458E+02     1.000     2   4.6791
       95     0.00000     0.8836E+01     2.000     4   4.7099
       96     0.00000     0.8890E+01     2.000     4   4.7105
       97     0.00000     0.7936E+01     1.000     4   4.7160
       98     0.00000     0.4315E+01     2.000     4   4.7178
       99     0.00000     0.7904E+01     1.000     4   4.7196
      100     0.00000     0.1491E+02     2.000     3   4.7247
      102     0.00000     0.5092E+01     2.000     4   4.7254
      103     0.00000     0.5251E+01     2.000     4   4.7266
      105     0.00000     0.1495E+02     2.000     3   4.7288
      106     0.00000     0.7781E+01     1.000     4   4.7336
      108     0.00000     0.7771E+01     1.000     4   4.7348
      109     0.00000     0.6194E+01     2.000     4   4.7447
      110     0.00000     0.3626E+01     2.000     4   4.7472
      111     0.00000     0.3624E+01     2.000     4   4.7484
      112     0.00000     0.6156E+01     2.000     4   4.7510
      113     0.00000     0.3899E+02     2.000     3   4.7552
      114     0.00000     0.4874E+01     1.000     4   4.7558
      115     0.00000     0.4792E+01     1.000     4   4.7569
      116     0.00000     0.3702E+02     2.000     3   4.7734
      117     0.00000     0.3594E+01     1.000     2   4.7881
      118     0.00000     0.1377E+02     2.000     4   4.7905
      119     0.00000     0.1381E+02     2.000     4   4.7918
      120     0.00000     0.3559E+01     1.000     2   4.8040
      121     0.00000     0.3380E+01     1.000     4   4.8043
      122     0.00000     0.1548E+02     1.000     4   4.8066
      123     0.00000     0.3283E+01     1.000     4   4.8066
      124     0.00000     0.1562E+02     1.000     4   4.8088
      125     0.00000     0.3051E+01     2.000     3   4.8163
      126     0.00000     0.3071E+01     2.000     3   4.8170
      127     0.00000     0.4805E+01     1.000     4   4.8276
      128     0.00000     0.4803E+01     1.000     4   4.8318
      129     0.00000     0.3632E+02     1.000     4   4.8398
      130     0.00000     0.3428E+02     2.000     5   4.8458
      132     0.00000     0.4169E+01     2.000     5   4.8464
      133     0.00000     0.3433E+02     2.000     5   4.8474
      135     0.00000     0.4850E+01     2.000     5   4.8615
      137     0.00000     0.5758E+01     2.000     4   4.8659
      138     0.00000     0.3388E+02     1.000     4   4.8677
      139     0.00000     0.5779E+01     2.000     4   4.8685
      140     0.00000     0.3252E+01     2.000     5   4.8751
      141     0.00000     0.3023E+01     2.000     4   4.9012
      142     0.00000     0.3369E+01     2.000     5   4.9029
      143     0.00000     0.2232E+02     2.000     3   4.9045
      144     0.00000     0.3009E+01     2.000     4   4.9071
      145     0.00000     0.2254E+02     2.000     3   4.9092
      146     0.00000     0.7846E+01     2.000     5   4.9564
      147     0.00000     0.7797E+01     2.000     5   4.9627
      148     0.00000     0.5248E+01     2.000     5   4.9773
      149     0.00000     0.5251E+01     2.000     5   4.9783
      150     0.00000     0.6232E+01     2.000     3   4.9793
      151     0.00000     0.3413E+02     2.000     4   4.9892
      152     0.00000     0.3305E+01     2.000     4   4.9920
      153     0.00000     0.6087E+01     2.000     3   4.9966
      154     0.00000     0.3294E+01     2.000     4   4.9966
      155     0.00000     0.3308E+02     2.000     4   5.0035
      158     0.00000     0.1586E+02     2.000     5   5.0205
      159     0.00000     0.1568E+02     2.000     5   5.0216
      160     0.00000     0.4709E+01     2.000     4   5.0385
      161     0.00000     0.4773E+01     2.000     4   5.0393
      162     0.00000     0.4159E+01     2.000     3   5.0593
      163     0.00000     0.1167E+02     2.000     4   5.0640
      164     0.00000     0.4153E+01     2.000     3   5.0646
      165     0.00000     0.9723E+01     2.000     5   5.0711
      166     0.00000     0.3764E+01     2.000     5   5.0716
      167     0.00000     0.9695E+01     2.000     5   5.0737
      168     0.00000     0.7815E+01     2.000     5   5.0739
      169     0.00000     0.3704E+01     2.000     5   5.0744
      170     0.00000     0.5231E+01     2.000     3   5.0771
      171     0.00000     0.7833E+01     2.000     5   5.0766
      172     0.00000     0.5343E+01     2.000     3   5.0842
      174     0.00000     0.1117E+02     2.000     4   5.0909
      176     0.00000     0.3080E+01     2.000     5   5.1323
      177     0.00000     0.5003E+01     2.000     4   5.1341
      178     0.00000     0.3090E+01     2.000     5   5.1358
      179     0.00000     0.5884E+01     1.000     4   5.1372
      180     0.00000     0.4989E+01     2.000     4   5.1374
      181     0.00000     0.1053E+02     1.000     4   5.1385
      182     0.00000     0.1082E+02     1.000     4   5.1393
      184     0.00000     0.5889E+01     1.000     4   5.1412
      185     0.00000     0.8863E+01     2.000     4   5.1412
      187     0.00000     0.8903E+01     2.000     4   5.1446
      188     0.00000     0.4574E+01     2.000     3   5.1481
      189     0.00000     0.4365E+01     2.000     3   5.1542
      190     0.00000     0.6315E+01     2.000     5   5.1537
      191     0.00000     0.5967E+01     1.000     4   5.1545
      192     0.00000     0.3906E+01     2.000     3   5.1585
      193     0.00000     0.2866E+01     1.000     2   5.1718
      194     0.00000     0.2667E+02     2.000     4   5.1785
      195     0.00000     0.2851E+01     1.000     2   5.1811
      196     0.00000     0.4016E+01     2.000     3   5.1819
      197     0.00000     0.5941E+01     1.000     4   5.1826
      198     0.00000     0.2629E+02     2.000     4   5.1837
      199     0.00000     0.6394E+01     2.000     5   5.1963
      200     0.00000     0.7099E+01     2.000     4   5.2072
      201     0.00000     0.6894E+01     2.000     4   5.2251
      202     0.00000     0.9043E+01     2.000     3   5.2572
      203     0.00000     0.9193E+01     2.000     3   5.2612
      204     0.00000     0.5303E+02     2.000     5   5.2631
      205     0.00000     0.5224E+01     2.000     5   5.2681
      206     0.00000     0.5258E+01     2.000     5   5.2697
      208     0.00000     0.3292E+01     1.000     6   5.2708
      210     0.00000     0.3571E+01     1.000     6   5.2725
      211     0.00000     0.5125E+02     2.000     5   5.2780
      212     0.00000     0.2959E+01     2.000     3   5.2804
      213     0.00000     0.7861E+01     2.000     4   5.2829
      214     0.00000     0.2989E+01     2.000     3   5.2841
      216     0.00000     0.1414E+02     1.000     6   5.2853
      218     0.00000     0.1404E+02     1.000     6   5.2863
      219     0.00000     0.7864E+01     2.000     4   5.2880
      220     0.00000     0.1507E+02     2.000     5   5.2918
      222     0.00000     0.4876E+01     2.000     3   5.3049
      223     0.00000     0.4545E+01     2.000     3   5.3068
      224     0.00000     0.2998E+01     2.000     4   5.3092
      225     0.00000     0.2882E+01     2.000     6   5.3132
      227     0.00000     0.2999E+01     2.000     4   5.3154
      228     0.00000     0.1442E+02     2.000     5   5.3194
      229     0.00000     0.5882E+01     2.000     3   5.3316
      230     0.00000     0.9691E+01     2.000     4   5.3380
      231     0.00000     0.8064E+01     1.000     4   5.3412
      232     0.00000     0.7806E+01     1.000     4   5.3427
      233     0.00000     0.5714E+01     2.000     3   5.3499
      234     0.00000     0.1842E+02     2.000     5   5.3628
      235     0.00000     0.4429E+01     2.000     5   5.3625
      237     0.00000     0.1838E+02     2.000     5   5.3648
      238     0.00000     0.4290E+01     2.000     5   5.3658
      240     0.00000     0.1836E+02     2.000     5   5.3660
      241     0.00000     0.3651E+01     2.000     4   5.3673
      242     0.00000     0.1850E+02     2.000     5   5.3680
      243     0.00000     0.3627E+01     2.000     4   5.3689
      244     0.00000     0.7661E+01     2.000     4   5.3687
      245     0.00000     0.7485E+01     2.000     4   5.3747
      246     0.00000     0.3907E+01     2.000     5   5.3788
      247     0.00000     0.9226E+01     2.000     4   5.3805
      248     0.00000     0.3895E+01     2.000     5   5.3850
      249     0.00000     0.6950E+01     2.000     5   5.4014
      250     0.00000     0.6249E+01     2.000     5   5.4045
      251     0.00000     0.6922E+01     2.000     5   5.4052
      252     0.00000     0.6238E+01     2.000     5   5.4078
      253     0.00000     0.3280E+01     2.000     3   5.4099
      254     0.00000     0.2726E+02     2.000     5   5.4124
      255     0.00000     0.2755E+02     2.000     5   5.4138
      256     0.00000     0.9339E+01     2.000     4   5.4170
      257     0.00000     0.3924E+01     2.000     4   5.4283
      258     0.00000     0.9274E+01     2.000     4   5.4300
      259     0.00000     0.7073E+01     2.000     3   5.4415
      260     0.00000     0.4885E+01     2.000     5   5.4412
      261     0.00000     0.4579E+01     2.000     5   5.4411
      262     0.00000     0.3240E+01     2.000     3   5.4421
      263     0.00000     0.4872E+01     2.000     5   5.4424
      264     0.00000     0.3647E+01     2.000     4   5.4431
      265     0.00000     0.1251E+02     2.000     5   5.4434
      266     0.00000     0.7015E+01     2.000     3   5.4441
      267     0.00000     0.6701E+01     2.000     3   5.4448
      268     0.00000     0.1247E+02     2.000     5   5.4473
      269     0.00000     0.7021E+01     2.000     3   5.4538
      270     0.00000     0.4529E+01     2.000     5   5.4552
      271     0.00000     0.4977E+01     2.000     3   5.4680
      272     0.00000     0.6624E+01     2.000     3   5.4759
      273     0.00000     0.4345E+01     2.000     4   5.4756
      274     0.00000     0.4373E+01     2.000     4   5.4761
      276     0.00000     0.4960E+01     2.000     3   5.4769
      277     0.00000     0.6850E+01     2.000     3   5.4775
      279     0.00000     0.5583E+01     2.000     4   5.4858
      280     0.00000     0.5335E+01     1.000     4   5.4866
      281     0.00000     0.3505E+01     1.000     4   5.4914
      282     0.00000     0.3688E+01     2.000     3   5.4928
      283     0.00000     0.3950E+01     2.000     6   5.4975
      284     0.00000     0.3686E+01     2.000     3   5.4981
      285     0.00000     0.1652E+02     1.000     6   5.4987
      286     0.00000     0.3919E+01     2.000     6   5.5018
      287     0.00000     0.1644E+02     1.000     6   5.5030
      289     0.00000     0.3103E+01     2.000     4   5.5125
      290     0.00000     0.5146E+01     1.000     4   5.5148
      292     0.00000     0.5440E+01     2.000     4   5.5185
      293     0.00000     0.3338E+01     1.000     4   5.5188
      294     0.00000     0.4091E+01     2.000     4   5.5200
      295     0.00000     0.4099E+01     2.000     4   5.5240
      296     0.00000     0.1241E+02     2.000     5   5.5391
      297     0.00000     0.1252E+02     2.000     5   5.5395
      298     0.00000     0.3083E+01     2.000     4   5.5406
      299     0.00000     0.7394E+01     2.000     4   5.5526
      300     0.00000     0.8453E+01     2.000     4   5.5535
      301     0.00000     0.8584E+01     2.000     4   5.5570
      303     0.00000     0.1345E+02     2.000     5   5.5704
      304     0.00000     0.7177E+01     2.000     4   5.5712
      305     0.00000     0.5233E+01     2.000     5   5.5725
      306     0.00000     0.5295E+01     2.000     5   5.5742
      307     0.00000     0.4674E+01     2.000     5   5.5748
      308     0.00000     0.4637E+01     2.000     5   5.5765
      309     0.00000     0.1098E+02     2.000     5   5.5777
      310     0.00000     0.1139E+02     2.000     5   5.5778
      311     0.00000     0.1102E+02     2.000     5   5.5791
      312     0.00000     0.7295E+01     2.000     5   5.5818
      313     0.00000     0.7343E+01     2.000     5   5.5825
      314     0.00000     0.1153E+02     2.000     5   5.5929
      315     0.00000     0.6889E+01     2.000     3   5.5934
      316     0.00000     0.8621E+01     2.000     4   5.5949
      317     0.00000     0.8579E+01     2.000     4   5.5972
      318     0.00000     0.4597E+01     2.000     5   5.6065
      319     0.00000     0.6940E+01     2.000     3   5.6073
      320     0.00000     0.1292E+02     2.000     5   5.6128
      321     0.00000     0.5680E+01     2.000     5   5.6193
      322     0.00000     0.5717E+01     2.000     5   5.6205
      323     0.00000     0.1061E+02     2.000     4   5.6262
      324     0.00000     0.5720E+01     2.000     4   5.6278
      325     0.00000     0.1219E+02     2.000     6   5.6302
      326     0.00000     0.1216E+02     2.000     6   5.6338
      327     0.00000     0.4576E+01     2.000     5   5.6342
      328     0.00000     0.1137E+02     2.000     5   5.6381
      329     0.00000     0.1055E+02     2.000     4   5.6445
      330     0.00000     0.6797E+01     2.000     4   5.6458
      331     0.00000     0.5575E+01     2.000     4   5.6458
      332     0.00000     0.7599E+01     2.000     4   5.6467
      333     0.00000     0.7521E+01     2.000     5   5.6489
      334     0.00000     0.1123E+02     2.000     5   5.6513
      335     0.00000     0.7246E+01     2.000     5   5.6636
      336     0.00000     0.1471E+02     2.000     6   5.6745
      337     0.00000     0.1477E+02     2.000     6   5.6761
      338     0.00000     0.8411E+01     2.000     4   5.6780
      339     0.00000     0.4951E+01     2.000     4   5.6786
      340     0.00000     0.4336E+01     2.000     4   5.6791
      341     0.00000     0.4330E+01     2.000     4   5.6829
      342     0.00000     0.4888E+01     2.000     4   5.6835
      343     0.00000     0.2152E+02     1.000     6   5.6864
      344     0.00000     0.3982E+01     2.000     5   5.6884
      345     0.00000     0.2143E+02     1.000     6   5.6884
      346     0.00000     0.4345E+01     2.000     4   5.6910
      347     0.00000     0.6046E+01     2.000     5   5.6923
      348     0.00000     0.3330E+01     2.000     5   5.6921
      349     0.00000     0.3973E+01     2.000     5   5.6944
      350     0.00000     0.3293E+01     2.000     5   5.6946
      351     0.00000     0.6004E+01     2.000     5   5.6966
      352     0.00000     0.7112E+01     2.000     5   5.6976
      353     0.00000     0.5804E+01     2.000     5   5.6994
      354     0.00000     0.4540E+01     2.000     4   5.6998
      356     0.00000     0.8243E+01     2.000     4   5.7016
      357     0.00000     0.5568E+01     2.000     4   5.7020
      358     0.00000     0.5821E+01     2.000     5   5.7038
      359     0.00000     0.5627E+01     2.000     4   5.7070
      360     0.00000     0.3018E+01     1.000     6   5.7076
      361     0.00000     0.2982E+01     1.000     6   5.7087
      362     0.00000     0.1385E+02     2.000     5   5.7108
      363     0.00000     0.7097E+01     2.000     5   5.7128
      364     0.00000     0.9915E+01     2.000     5   5.7124
      365     0.00000     0.1214E+02     2.000     6   5.7151
      366     0.00000     0.4967E+01     2.000     5   5.7197
      367     0.00000     0.4275E+01     2.000     4   5.7206
      368     0.00000     0.7231E+01     2.000     5   5.7258
      370     0.00000     0.4498E+01     2.000     4   5.7282
      372     0.00000     0.1201E+02     2.000     6   5.7297
      373     0.00000     0.1341E+02     2.000     5   5.7388
      374     0.00000     0.9423E+01     2.000     5   5.7401
      375     0.00000     0.6595E+01     2.000     5   5.7407
      376     0.00000     0.5037E+01     2.000     5   5.7486
      378     0.00000     0.2921E+01     2.000     3   5.7660
      379     0.00000     0.5228E+01     1.000     4   5.7658
      381     0.00000     0.5363E+01     1.000     4   5.7743
      382     0.00000     0.2974E+01     2.000     3   5.7762
      383     0.00000     0.2825E+01     2.000     5   5.7843
      384     0.00000     0.5712E+01     2.000     5   5.7850
      385     0.00000     0.1046E+02     2.000     5   5.7871
      386     0.00000     0.1020E+02     2.000     5   5.7874
      388     0.00000     0.5665E+01     2.000     5   5.7920
      389     0.00000     0.2793E+01     2.000     5   5.7982
      390     0.00000     0.4530E+01     2.000     4   5.7988
      394     0.00000     0.1368E+02     2.000     6   5.8054
      395     0.00000     0.1376E+02     2.000     6   5.8059
      396     0.00000     0.2758E+01     2.000     5   5.8113
      397     0.00000     0.4554E+01     2.000     4   5.8135
      399     0.00000     0.4704E+01     2.000     6   5.8193
      400     0.00000     0.9075E+01     2.000     5   5.8201
      401     0.00000     0.4698E+01     2.000     6   5.8229
      402     0.00000     0.9095E+01     2.000     5   5.8242
      403     0.00000     0.7743E+01     2.000     4   5.8273
      404     0.00000     0.5124E+01     2.000     4   5.8286
      405     0.00000     0.5128E+01     2.000     4   5.8313
      406     0.00000     0.7844E+01     2.000     4   5.8374
      407     0.00000     0.7510E+01     2.000     5   5.8403
      408     0.00000     0.7722E+01     2.000     5   5.8403
      409     0.00000     0.3933E+01     2.000     5   5.8453
      410     0.00000     0.4007E+01     2.000     5   5.8488
      411     0.00000     0.8698E+01     2.000     5   5.8488
      412     0.00000     0.1485E+02     2.000     5   5.8504
      413     0.00000     0.5351E+01     2.000     5   5.8516
      414     0.00000     0.5363E+01     2.000     5   5.8543
      415     0.00000     0.1267E+02     2.000     5   5.8602
      416     0.00000     0.6355E+01     2.000     5   5.8618
      418     0.00000     0.3425E+01     2.000     5   5.8622
      420     0.00000     0.4154E+01     2.000     5   5.8637
      421     0.00000     0.5757E+01     2.000     5   5.8658
      422     0.00000     0.3725E+01     2.000     5   5.8669
      423     0.00000     0.8445E+01     2.000     5   5.8670
      424     0.00000     0.1478E+02     2.000     5   5.8686
      425     0.00000     0.2995E+01     2.000     5   5.8690
      426     0.00000     0.5734E+01     2.000     5   5.8696
      427     0.00000     0.3452E+01     2.000     5   5.8745
      428     0.00000     0.1267E+02     2.000     5   5.8746
      429     0.00000     0.6295E+01     2.000     5   5.8759
      431     0.00000     0.5040E+01     2.000     4   5.8771
      432     0.00000     0.3007E+01     2.000     5   5.8817
      433     0.00000     0.3299E+01     2.000     5   5.8851
      434     0.00000     0.5031E+01     2.000     4   5.8878
      435     0.00000     0.5918E+01     2.000     6   5.8992
      436     0.00000     0.4491E+01     2.000     6   5.8997
      437     0.00000     0.5930E+01     2.000     6   5.9013
      438     0.00000     0.4442E+01     2.000     6   5.9020
      439     0.00000     0.1089E+02     1.000     6   5.9020
      440     0.00000     0.1098E+02     1.000     6   5.9042
      441     0.00000     0.8131E+01     2.000     5   5.9099
      443     0.00000     0.2723E+01     2.000     6   5.9160
      445     0.00000     0.1657E+02     2.000     6   5.9210
      446     0.00000     0.2719E+01     2.000     6   5.9212
      447     0.00000     0.8029E+01     2.000     5   5.9251
      448     0.00000     0.1648E+02     2.000     6   5.9252
      449     0.00000     0.3219E+01     2.000     5   5.9276
      450     0.00000     0.1057E+02     2.000     6   5.9300
      451     0.00000     0.8734E+01     2.000     6   5.9310
      452     0.00000     0.8249E+01     1.000     6   5.9335
      453     0.00000     0.7270E+01     1.000     6   5.9334
      454     0.00000     0.1064E+02     1.000     6   5.9350
      455     0.00000     0.3431E+01     2.000     5   5.9366
      458     0.00000     0.4494E+01     2.000     4   5.9384
      459     0.00000     0.2710E+02     2.000     7   5.9392
      461     0.00000     0.2713E+02     2.000     7   5.9409
      462     0.00000     0.4664E+01     2.000     4   5.9433
      463     0.00000     0.3066E+01     2.000     5   5.9433
      464     0.00000     0.3586E+01     2.000     7   5.9519
      466     0.00000     0.1091E+02     2.000     6   5.9581
      467     0.00000     0.8322E+01     2.000     6   5.9587
      468     0.00000     0.6874E+01     1.000     6   5.9613
      469     0.00000     0.7820E+01     1.000     6   5.9614
      470     0.00000     0.1030E+02     1.000     6   5.9629
      471     0.00000     0.3315E+01     2.000     5   5.9633
      472     0.00000     0.5631E+01     2.000     5   5.9660
      473     0.00000     0.5624E+01     2.000     5   5.9698
      474     0.00000     0.2962E+01     2.000     5   5.9705
      475     0.00000     0.4480E+01     2.000     5   5.9759
      476     0.00000     0.4348E+01     2.000     5   5.9816
      477     0.00000     0.7521E+01     2.000     3   5.9846
      478     0.00000     0.7511E+01     2.000     3   5.9877
      479     0.00000     0.1089E+02     2.000     6   5.9937
      480     0.00000     0.6033E+01     2.000     5   5.9982
      481     0.00000     0.1265E+02     2.000     5   5.9997
      482     0.00000     0.4959E+01     1.000     6   6.0011
      483     0.00000     0.6098E+01     2.000     5   6.0028
      484     0.00000     0.5011E+01     1.000     6   6.0032
      485     0.00000     0.1306E+02     2.000     5   6.0044
      486     0.00000     0.4816E+01     1.000     6   6.0170
      487     0.00000     0.4804E+01     1.000     6   6.0183
      488     0.00000     0.6583E+01     2.000     5   6.0230
      489     0.00000     0.1079E+02     2.000     6   6.0231
      490     0.00000     0.6600E+01     2.000     5   6.0376
      491     0.00000     0.6469E+01     2.000     7   6.0487
      492     0.00000     0.8018E+01     2.000     5   6.0495
      493     0.00000     0.6543E+01     2.000     7   6.0499
      494     0.00000     0.8133E+01     2.000     5   6.0549
      495     0.00000     0.6431E+01     2.000     7   6.0550
      496     0.00000     0.6505E+01     2.000     7   6.0561
      497     0.00000     0.7615E+01     2.000     6   6.0616
      498     0.00000     0.7796E+01     2.000     6   6.0614
      499     0.00000     0.6727E+01     2.000     6   6.0722
      500     0.00000     0.2721E+01     2.000     5   6.0730
      501     0.00000     0.6676E+01     2.000     6   6.0740
      502     0.00000     0.6512E+01     2.000     4   6.0780
      503     0.00000     0.3550E+01     2.000     6   6.0793
      505     0.00000     0.6505E+01     2.000     4   6.0808
      506     0.00000     0.5454E+01     2.000     6   6.0827
      507     0.00000     0.9164E+01     2.000     6   6.0828
      508     0.00000     0.1985E+02     2.000     6   6.0844
      509     0.00000     0.2685E+01     2.000     5   6.0903
      510     0.00000     0.5651E+01     2.000     6   6.0900
      511     0.00000     0.3972E+01     2.000     6   6.0938
      512     0.00000     0.5168E+01     2.000     6   6.0970
      513     0.00000     0.6072E+01     2.000     6   6.0969
      514     0.00000     0.9023E+01     2.000     6   6.0971
      515     0.00000     0.2667E+01     2.000     5   6.0978
      516     0.00000     0.2933E+01     2.000     5   6.0984
      517     0.00000     0.1978E+02     2.000     6   6.0987
      518     0.00000     0.6092E+01     2.000     6   6.0983
      519     0.00000     0.7195E+01     2.000     6   6.0997
      520     0.00000     0.8464E+01     2.000     5   6.1013
      521     0.00000     0.5688E+01     2.000     6   6.1030
      522     0.00000     0.8501E+01     2.000     5   6.1119
      525     0.00000     0.1290E+02     2.000     7   6.1140
      526     0.00000     0.7342E+01     2.000     6   6.1148
      527     0.00000     0.1277E+02     2.000     7   6.1151
      528     0.00000     0.5466E+01     2.000     6   6.1208
      529     0.00000     0.2906E+01     2.000     6   6.1265
      531     0.00000     0.6323E+01     2.000     6   6.1328
      533     0.00000     0.1162E+02     2.000     6   6.1341
      534     0.00000     0.1465E+02     2.000     6   6.1341
      535     0.00000     0.6318E+01     2.000     6   6.1345
      536     0.00000     0.5814E+01     2.000     6   6.1361
      537     0.00000     0.5556E+01     2.000     6   6.1357
      538     0.00000     0.5578E+01     2.000     6   6.1361
      539     0.00000     0.5799E+01     2.000     6   6.1361
      540     0.00000     0.7596E+01     2.000     6   6.1357
      541     0.00000     0.3941E+01     2.000     6   6.1400
      542     0.00000     0.3093E+01     2.000     6   6.1406
      543     0.00000     0.3946E+01     2.000     6   6.1417
      544     0.00000     0.1148E+02     2.000     6   6.1492
      545     0.00000     0.1456E+02     2.000     6   6.1492
      546     0.00000     0.5279E+01     2.000     6   6.1504
      547     0.00000     0.7472E+01     2.000     6   6.1504
      548     0.00000     0.5613E+01     2.000     6   6.1511
      549     0.00000     0.5398E+01     2.000     6   6.1511
      550     0.00000     0.7583E+01     2.000     6   6.1552
      551     0.00000     0.5390E+01     2.000     6   6.1576
      553     0.00000     0.6858E+01     2.000     5   6.1621
      555     0.00000     0.4804E+01     2.000     6   6.1644
      556     0.00000     0.6020E+01     2.000     6   6.1644
      558     0.00000     0.6303E+01     2.000     7   6.1666
      560     0.00000     0.4108E+01     2.000     6   6.1675
      561     0.00000     0.6162E+01     2.000     7   6.1694
      562     0.00000     0.6318E+01     2.000     7   6.1691
      564     0.00000     0.6820E+01     2.000     5   6.1723
      565     0.00000     0.6176E+01     2.000     7   6.1720
      566     0.00000     0.7070E+01     2.000     5   6.1733
      567     0.00000     0.6669E+01     2.000     5   6.1753
      568     0.00000     0.9555E+01     1.000     4   6.1774
      569     0.00000     0.7296E+01     2.000     6   6.1819
      570     0.00000     0.5196E+01     2.000     6   6.1846
      571     0.00000     0.9340E+01     1.000     4   6.1859
      573     0.00000     0.4627E+01     2.000     6   6.1917
      574     0.00000     0.5817E+01     2.000     6   6.1917
      575     0.00000     0.3998E+01     2.000     6   6.1951
      576     0.00000     0.3429E+01     2.000     5   6.2221
      577     0.00000     0.3523E+01     2.000     5   6.2238
      578     0.00000     0.3545E+01     2.000     6   6.2295
      579     0.00000     0.6602E+01     2.000     6   6.2306
      580     0.00000     0.3544E+01     2.000     6   6.2328
      581     0.00000     0.1076E+02     1.000     6   6.2337
      582     0.00000     0.3389E+01     2.000     6   6.2347
      583     0.00000     0.1101E+02     1.000     6   6.2345
      584     0.00000     0.6591E+01     2.000     6   6.2346
      585     0.00000     0.6519E+01     2.000     6   6.2367
      586     0.00000     0.3389E+01     2.000     6   6.2380
      587     0.00000     0.6548E+01     2.000     6   6.2400
      588     0.00000     0.3916E+01     2.000     5   6.2519
      589     0.00000     0.3873E+02     2.000     5   6.2620
      590     0.00000     0.3253E+01     2.000     6   6.2686
      592     0.00000     0.5477E+01     2.000     6   6.2721
      593     0.00000     0.1495E+02     2.000     6   6.2737
      594     0.00000     0.3614E+01     2.000     6   6.2741
      596     0.00000     0.3995E+01     2.000     5   6.2753
      597     0.00000     0.5317E+01     2.000     6   6.2774
      598     0.00000     0.1528E+02     2.000     6   6.2790
      599     0.00000     0.3714E+02     2.000     5   6.2803
      600     0.00000     0.1058E+02     2.000     6   6.2834
      601     0.00000     0.1078E+02     2.000     6   6.2850
      602     0.00000     0.4624E+01     2.000     4   6.2863
      603     0.00000     0.4644E+01     2.000     4   6.2873
      605     0.00000     0.4685E+01     2.000     4   6.3028
      606     0.00000     0.3802E+01     2.000     6   6.3064
      607     0.00000     0.3789E+01     2.000     6   6.3075
      608     0.00000     0.9213E+01     2.000     5   6.3131
      609     0.00000     0.2813E+01     2.000     6   6.3132
      610     0.00000     0.2794E+01     2.000     6   6.3143
      612     0.00000     0.4668E+01     2.000     4   6.3206
      613     0.00000     0.4347E+02     1.000     6   6.3467
      614     0.00000     0.5452E+01     2.000     5   6.3509
      615     0.00000     0.8925E+01     2.000     7   6.3532
      616     0.00000     0.9158E+01     2.000     7   6.3532
      617     0.00000     0.5559E+01     2.000     7   6.3543
      618     0.00000     0.5522E+01     2.000     5   6.3548
      619     0.00000     0.1143E+02     2.000     7   6.3567
      620     0.00000     0.9284E+01     2.000     7   6.3568
      621     0.00000     0.2426E+02     2.000     7   6.3583
      622     0.00000     0.6093E+01     2.000     7   6.3608
      624     0.00000     0.1143E+02     2.000     7   6.3616
      625     0.00000     0.6085E+01     2.000     7   6.3622
      627     0.00000     0.1139E+02     2.000     7   6.3631
      628     0.00000     0.9315E+01     2.000     7   6.3636
      629     0.00000     0.9355E+01     2.000     7   6.3651
      630     0.00000     0.9535E+01     2.000     7   6.3684
      631     0.00000     0.9813E+01     2.000     7   6.3684
      632     0.00000     0.5820E+01     2.000     7   6.3691
      633     0.00000     0.1125E+02     2.000     7   6.3716
      634     0.00000     0.8810E+01     2.000     7   6.3717
      635     0.00000     0.2408E+02     2.000     7   6.3733
      636     0.00000     0.4097E+02     1.000     6   6.3746
      640     0.00000     0.3579E+01     2.000     7   6.3792
      642     0.00000     0.5897E+01     2.000     7   6.3819
      643     0.00000     0.1196E+02     2.000     7   6.3830
      644     0.00000     0.3560E+01     2.000     7   6.3835
      645     0.00000     0.1019E+02     2.000     7   6.3854
      646     0.00000     0.2800E+01     2.000     7   6.3853
      647     0.00000     0.7887E+01     2.000     5   6.3874
      648     0.00000     0.3197E+01     2.000     7   6.3870
      649     0.00000     0.5225E+01     2.000     5   6.3880
      652     0.00000     0.4997E+01     2.000     5   6.4065
      653     0.00000     0.6164E+01     2.000     6   6.4065
      654     0.00000     0.6177E+01     2.000     6   6.4077
      655     0.00000     0.5729E+01     2.000     7   6.4097
      656     0.00000     0.1146E+02     2.000     7   6.4104
      657     0.00000     0.1759E+02     2.000     5   6.4114
      658     0.00000     0.9815E+01     2.000     7   6.4130
      659     0.00000     0.2691E+01     2.000     7   6.4129
      660     0.00000     0.3102E+01     2.000     7   6.4146
      661     0.00000     0.7627E+01     2.000     5   6.4149
      662     0.00000     0.1757E+02     2.000     5   6.4160
      663     0.00000     0.5144E+01     2.000     5   6.4237
      664     0.00000     0.5100E+01     2.000     5   6.4258
      665     0.00000     0.4026E+01     2.000     6   6.4316
      666     0.00000     0.5290E+01     1.000     6   6.4349
      667     0.00000     0.5154E+01     1.000     6   6.4363
      669     0.00000     0.3550E+01     2.000     6   6.4434
      670     0.00000     0.6598E+01     2.000     6   6.4463
      671     0.00000     0.1121E+02     2.000     5   6.4467
      672     0.00000     0.1126E+02     2.000     5   6.4467
      673     0.00000     0.2730E+01     2.000     6   6.4472
      674     0.00000     0.2757E+01     2.000     6   6.4471
      675     0.00000     0.6843E+01     2.000     6   6.4479
      676     0.00000     0.3281E+01     2.000     7   6.4560
      677     0.00000     0.3183E+01     2.000     7   6.4574
      678     0.00000     0.3400E+01     2.000     7   6.4579
      679     0.00000     0.6747E+01     2.000     7   6.4583
      680     0.00000     0.3222E+01     2.000     7   6.4592
      681     0.00000     0.3178E+01     2.000     7   6.4605
      682     0.00000     0.1494E+02     2.000     7   6.4603
      683     0.00000     0.3361E+01     2.000     7   6.4612
      684     0.00000     0.6783E+01     2.000     7   6.4614
      685     0.00000     0.2728E+01     2.000     6   6.4623
      686     0.00000     0.5265E+01     2.000     6   6.4623
      687     0.00000     0.1503E+02     2.000     7   6.4634
      688     0.00000     0.3302E+01     2.000     6   6.4639
      689     0.00000     0.2672E+01     2.000     6   6.4683
      690     0.00000     0.5129E+01     2.000     6   6.4682
      691     0.00000     0.3273E+01     2.000     6   6.4699
      692     0.00000     0.7311E+01     2.000     7   6.4723
      693     0.00000     0.3837E+01     2.000     6   6.4740
      694     0.00000     0.7274E+01     2.000     7   6.4784
      696     0.00000     0.3390E+01     2.000     6   6.4858
      697     0.00000     0.3810E+02     2.000     6   6.4960
      698     0.00000     0.2838E+01     2.000     7   6.5026
      699     0.00000     0.3889E+01     2.000     7   6.5037
      700     0.00000     0.3370E+01     2.000     7   6.5042
      701     0.00000     0.4117E+01     2.000     7   6.5048
      702     0.00000     0.5046E+01     2.000     7   6.5060
      703     0.00000     0.6331E+01     2.000     7   6.5061
      704     0.00000     0.4938E+01     2.000     7   6.5074
      705     0.00000     0.6153E+01     2.000     7   6.5075
      706     0.00000     0.2184E+02     2.000     7   6.5076
      707     0.00000     0.3321E+01     2.000     6   6.5091
      708     0.00000     0.2246E+02     2.000     7   6.5091
      709     0.00000     0.3736E+02     2.000     6   6.5104
      710     0.00000     0.6326E+01     2.000     6   6.5107
      712     0.00000     0.3320E+01     2.000     6   6.5224
      713     0.00000     0.3622E+01     2.000     6   6.5235
      714     0.00000     0.6280E+01     2.000     6   6.5237
      715     0.00000     0.5798E+01     2.000     7   6.5251
      717     0.00000     0.4892E+01     2.000     5   6.5350
      718     0.00000     0.3208E+01     2.000     7   6.5362
      719     0.00000     0.5146E+01     2.000     7   6.5366
      721     0.00000     0.5200E+01     2.000     5   6.5367
      722     0.00000     0.3616E+01     2.000     6   6.5367
      723     0.00000     0.1012E+02     2.000     7   6.5369
      724     0.00000     0.4834E+01     2.000     5   6.5376
      725     0.00000     0.3201E+01     2.000     7   6.5375
      726     0.00000     0.5131E+01     2.000     7   6.5379
      727     0.00000     0.1008E+02     2.000     7   6.5408
      729     0.00000     0.5266E+01     2.000     5   6.5507
      730     0.00000     0.1154E+02     2.000     7   6.5574
      731     0.00000     0.1170E+02     2.000     7   6.5595
      732     0.00000     0.1343E+02     2.000     6   6.5708
      733     0.00000     0.4978E+01     2.000     5   6.5767
      734     0.00000     0.2741E+01     2.000     7   6.5796
      735     0.00000     0.2743E+01     2.000     7   6.5805
      736     0.00000     0.2819E+01     2.000     6   6.5834
      737     0.00000     0.7435E+01     2.000     7   6.5898
      738     0.00000     0.7446E+01     2.000     7   6.5923
      739     0.00000     0.2872E+01     2.000     6   6.5947
      740     0.00000     0.4886E+01     2.000     5   6.5951
      742     0.00000     0.6712E+01     2.000     3   6.5953
      744     0.00000     0.2821E+01     2.000     6   6.5978
      745     0.00000     0.1291E+02     2.000     6   6.5978
      746     0.00000     0.3225E+01     2.000     6   6.6057
      747     0.00000     0.2707E+01     2.000     6   6.6112
      748     0.00000     0.3179E+01     2.000     6   6.6132
      750     0.00000     0.2751E+01     2.000     6   6.6227
      752     0.00000     0.2716E+01     2.000     6   6.6255
      753     0.00000     0.6125E+01     2.000     4   6.6278
      756     0.00000     0.7917E+01     1.000     6   6.6453
      757     0.00000     0.8157E+01     1.000     6   6.6461
      759     0.00000     0.5455E+01     2.000     6   6.6463
      760     0.00000     0.5773E+01     2.000     6   6.6471
      761     0.00000     0.2961E+01     2.000     6   6.6478
      762     0.00000     0.3234E+01     2.000     6   6.6487
      763     0.00000     0.5848E+01     2.000     6   6.6506
      764     0.00000     0.3328E+01     2.000     6   6.6522
      765     0.00000     0.6037E+01     2.000     5   6.6549
      767     0.00000     0.5884E+01     2.000     5   6.6610
      768     0.00000     0.1087E+02     2.000     7   6.6605
      769     0.00000     0.1150E+02     2.000     6   6.6614
      770     0.00000     0.4013E+01     2.000     7   6.6616
      771     0.00000     0.7594E+01     2.000     7   6.6640
      775     0.00000     0.5299E+01     2.000     6   6.6649
      777     0.00000     0.2910E+01     2.000     6   6.6665
      778     0.00000     0.8646E+01     2.000     7   6.6712
      779     0.00000     0.4231E+01     2.000     6   6.6725
      780     0.00000     0.4130E+01     2.000     6   6.6728
      781     0.00000     0.8664E+01     2.000     7   6.6725
      782     0.00000     0.5615E+01     2.000     7   6.6779
      784     0.00000     0.3112E+02     2.000     6   6.6853
      786     0.00000     0.6610E+01     2.000     6   6.6884
      787     0.00000     0.1109E+02     2.000     6   6.6894
      788     0.00000     0.6554E+01     2.000     6   6.6906
      789     0.00000     0.3069E+02     2.000     6   6.6906
      790     0.00000     0.1045E+02     2.000     7   6.7031
      791     0.00000     0.3796E+01     2.000     7   6.7038
      792     0.00000     0.7245E+01     2.000     7   6.7063
      795     0.00000     0.8572E+01     2.000     6   6.7140
      797     0.00000     0.7463E+01     2.000     6   6.7214
      798     0.00000     0.2751E+01     2.000     6   6.7230
      799     0.00000     0.3573E+01     2.000     7   6.7317
      800     0.00000     0.8614E+01     2.000     7   6.7317
      801     0.00000     0.8345E+01     2.000     6   6.7319
      802     0.00000     0.5155E+01     2.000     7   6.7333
      803     0.00000     0.2884E+01     2.000     6   6.7342
      806     0.00000     0.7418E+01     2.000     6   6.7398
      807     0.00000     0.2715E+01     2.000     6   6.7410
      808     0.00000     0.5786E+01     2.000     7   6.7425
      810     0.00000     0.3543E+01     2.000     7   6.7441
      811     0.00000     0.3554E+01     2.000     7   6.7448
      812     0.00000     0.8514E+01     2.000     7   6.7449
      813     0.00000     0.5142E+01     2.000     7   6.7465
      815     0.00000     0.4194E+01     2.000     6   6.7475
      816     0.00000     0.4189E+01     2.000     6   6.7518
      817     0.00000     0.2841E+01     2.000     6   6.7525
      819     0.00000     0.5581E+01     2.000     7   6.7572
      821     0.00000     0.3434E+01     2.000     7   6.7589
      822     0.00000     0.3003E+01     2.000     3   6.7594
      824     0.00000     0.2959E+01     2.000     3   6.7630
      825     0.00000     0.7287E+02     2.000     7   6.7700
      828     0.00000     0.5774E+01     2.000     6   6.7720
      829     0.00000     0.4079E+01     2.000     6   6.7726
      830     0.00000     0.6139E+01     2.000     6   6.7732
      831     0.00000     0.4070E+01     2.000     6   6.7763
      832     0.00000     0.5696E+01     2.000     6   6.7769
      833     0.00000     0.3286E+01     2.000     7   6.7819
      834     0.00000     0.3382E+01     2.000     7   6.7840
      835     0.00000     0.5110E+01     2.000     4   6.7847
      836     0.00000     0.3996E+01     2.000     7   6.7849
      837     0.00000     0.7072E+02     2.000     7   6.7849
      838     0.00000     0.3329E+01     2.000     7   6.7854
      839     0.00000     0.6283E+01     2.000     7   6.7858
      841     0.00000     0.3270E+01     2.000     7   6.7878
      842     0.00000     0.4056E+01     2.000     7   6.7880
      844     0.00000     0.3956E+01     2.000     7   6.7891
      845     0.00000     0.6254E+01     2.000     7   6.7900
      847     0.00000     0.3656E+01     2.000     7   6.7911
      848     0.00000     0.4025E+01     2.000     7   6.7917
      850     0.00000     0.4959E+01     2.000     4   6.7941
      853     0.00000     0.6018E+01     2.000     6   6.7968
      854     0.00000     0.3060E+01     2.000     6   6.7972
      856     0.00000     0.2106E+02     2.000     7   6.7986
      858     0.00000     0.3097E+01     2.000     6   6.8022
      859     0.00000     0.3124E+01     2.000     7   6.8029
      860     0.00000     0.4244E+01     2.000     7   6.8045
      861     0.00000     0.4050E+01     2.000     7   6.8044
      862     0.00000     0.3321E+01     2.000     7   6.8060
      863     0.00000     0.5698E+01     2.000     7   6.8064
      865     0.00000     0.1112E+02     2.000     7   6.8060
      866     0.00000     0.8083E+01     2.000     7   6.8061
      867     0.00000     0.4117E+01     2.000     7   6.8076
      868     0.00000     0.3128E+01     2.000     7   6.8080
      869     0.00000     0.5987E+01     2.000     6   6.8107
      870     0.00000     0.8924E+01     2.000     6   6.8107
      871     0.00000     0.4588E+01     2.000     5   6.8117
      872     0.00000     0.3863E+01     2.000     5   6.8137
      874     0.00000     0.3472E+01     2.000     7   6.8159
      875     0.00000     0.4250E+01     2.000     7   6.8188
      876     0.00000     0.3686E+01     2.000     7   6.8193
      877     0.00000     0.3703E+01     2.000     6   6.8199
      878     0.00000     0.3962E+01     2.000     7   6.8198
      879     0.00000     0.3698E+01     2.000     6   6.8215
      880     0.00000     0.5972E+01     2.000     6   6.8252
      881     0.00000     0.8793E+01     2.000     6   6.8252
      882     0.00000     0.2020E+02     2.000     7   6.8263
      883     0.00000     0.4895E+01     2.000     4   6.8287
      884     0.00000     0.4880E+01     2.000     4   6.8290
      886     0.00000     0.3177E+01     2.000     7   6.8311
      887     0.00000     0.4066E+01     2.000     7   6.8325
      888     0.00000     0.3889E+01     2.000     7   6.8324
      889     0.00000     0.3166E+01     2.000     7   6.8336
      890     0.00000     0.1077E+02     2.000     7   6.8341
      891     0.00000     0.7694E+01     2.000     7   6.8337
      892     0.00000     0.5299E+01     2.000     7   6.8343
      894     0.00000     0.3966E+01     2.000     7   6.8353
      895     0.00000     0.2947E+01     2.000     7   6.8360
      896     0.00000     0.4612E+01     2.000     4   6.8441
      897     0.00000     0.3296E+01     2.000     7   6.8438
      899     0.00000     0.1059E+02     2.000     6   6.8449
      900     0.00000     0.2869E+01     2.000     7   6.8456
      901     0.00000     0.4080E+01     2.000     7   6.8468
      902     0.00000     0.2828E+01     2.000     7   6.8471
      903     0.00000     0.3800E+01     2.000     7   6.8477
      904     0.00000     0.4305E+01     2.000     4   6.8573
      905     0.00000     0.3705E+01     2.000     6   6.8589
      907     0.00000     0.4399E+01     2.000     4   6.8670
      909     0.00000     0.9348E+01     2.000     6   6.8755
      910     0.00000     0.6891E+01     2.000     5   6.8787
      911     0.00000     0.6865E+01     2.000     5   6.8790
      912     0.00000     0.1139E+02     2.000     7   6.8807
      913     0.00000     0.9080E+01     2.000     6   6.8816
      914     0.00000     0.6137E+01     2.000     7   6.8823
      915     0.00000     0.6007E+01     2.000     7   6.8826
      916     0.00000     0.1143E+02     2.000     7   6.8837
      917     0.00000     0.1007E+02     2.000     6   6.8873
      918     0.00000     0.3530E+01     2.000     6   6.8881
      919     0.00000     0.4062E+01     2.000     4   6.8884
      920     0.00000     0.3840E+01     2.000     7   6.8934
      921     0.00000     0.3793E+01     2.000     7   6.8946
      922     0.00000     0.3156E+02     2.000     7   6.9193
      923     0.00000     0.3184E+02     2.000     7   6.9207
      924     0.00000     0.5284E+01     2.000     6   6.9225
      925     0.00000     0.6128E+01     2.000     6   6.9240
      926     0.00000     0.9002E+01     2.000     6   6.9239
      927     0.00000     0.2758E+01     2.000     7   6.9242
      929     0.00000     0.6164E+01     2.000     6   6.9267
      932     0.00000     0.5347E+01     2.000     6   6.9326
      933     0.00000     0.3018E+01     2.000     7   6.9324
      934     0.00000     0.3081E+01     2.000     7   6.9328
      935     0.00000     0.8883E+01     2.000     6   6.9369
      938     0.00000     0.6796E+01     2.000     7   6.9425
      939     0.00000     0.3932E+01     2.000     7   6.9440
      940     0.00000     0.3354E+01     2.000     7   6.9441
      941     0.00000     0.4217E+01     2.000     7   6.9441
      942     0.00000     0.1156E+02     2.000     7   6.9456
      943     0.00000     0.9675E+01     2.000     5   6.9517
      944     0.00000     0.9584E+01     2.000     7   6.9554
      945     0.00000     0.3889E+01     2.000     7   6.9570
      946     0.00000     0.2835E+01     2.000     7   6.9573
      949     0.00000     0.4493E+01     2.000     6   6.9600
      950     0.00000     0.4699E+01     2.000     6   6.9610
      952     0.00000     0.6608E+01     2.000     7   6.9607
      953     0.00000     0.3874E+01     2.000     7   6.9622
      954     0.00000     0.3299E+01     2.000     7   6.9623
      955     0.00000     0.4156E+01     2.000     7   6.9623
      957     0.00000     0.1151E+02     2.000     7   6.9639
      958     0.00000     0.4526E+01     2.000     6   6.9667
      959     0.00000     0.3534E+01     2.000     7   6.9682
      960     0.00000     0.3383E+01     2.000     7   6.9691
      961     0.00000     0.4548E+01     2.000     6   6.9697
      962     0.00000     0.9578E+01     2.000     7   6.9699
      963     0.00000     0.3854E+01     2.000     7   6.9711
      964     0.00000     0.2737E+01     2.000     7   6.9717
      965     0.00000     0.4361E+01     2.000     5   6.9821
      966     0.00000     0.9004E+01     2.000     5   6.9827
      967     0.00000     0.3489E+01     2.000     7   6.9826
      968     0.00000     0.3354E+01     2.000     7   6.9835
      969     0.00000     0.5198E+01     2.000     3   6.9921
      970     0.00000     0.5228E+01     2.000     3   6.9930
      971     0.00000     0.8958E+01     2.000     6   6.9935
      972     0.00000     0.3086E+01     2.000     4   6.9981
      973     0.00000     0.7410E+01     2.000     6   6.9982
      974     0.00000     0.5798E+01     2.000     6   7.0000
      975     0.00000     0.3076E+01     2.000     4   7.0031
      976     0.00000     0.5798E+01     2.000     6   7.0054
      977     0.00000     0.8555E+01     2.000     6   7.0216
      978     0.00000     0.2909E+01     2.000     4   7.0249
      979     0.00000     0.4543E+01     2.000     4   7.0252
      980     0.00000     0.7033E+01     2.000     6   7.0256
      981     0.00000     0.4491E+01     2.000     4   7.0273
      982     0.00000     0.2915E+01     2.000     4   7.0287
      983     0.00000     0.5246E+01     2.000     5   7.0593
      984     0.00000     0.9131E+01     2.000     6   7.0595
      985     0.00000     0.4738E+01     2.000     7   7.0594
      986     0.00000     0.6609E+01     2.000     6   7.0603
      987     0.00000     0.4716E+01     2.000     7   7.0633
      988     0.00000     0.6604E+01     2.000     6   7.0638
      989     0.00000     0.1655E+02     2.000     7   7.0773
      990     0.00000     0.8839E+01     2.000     6   7.0781
      991     0.00000     0.6803E+01     2.000     5   7.0800
      992     0.00000     0.6830E+01     2.000     5   7.0831
      993     0.00000     0.1497E+02     2.000     7   7.0847
      994     0.00000     0.4932E+01     2.000     7   7.0905
      995     0.00000     0.2817E+01     2.000     5   7.0915
      996     0.00000     0.2853E+01     2.000     5   7.0915
      997     0.00000     0.4898E+01     2.000     7   7.0924
      998     0.00000     0.3561E+01     2.000     7   7.0934
      999     0.00000     0.9958E+01     2.000     7   7.0949
     1000     0.00000     0.2818E+01     2.000     5   7.0962
     1001     0.00000     0.2851E+01     2.000     5   7.0962
     1002     0.00000     0.3599E+01     2.000     7   7.0980
     1003     0.00000     0.1026E+02     2.000     7   7.0996
     1004     0.00000     0.8487E+01     2.000     7   7.0998
     1005     0.00000     0.1468E+02     2.000     7   7.0998
     1006     0.00000     0.6098E+01     2.000     7   7.1133
     1008     0.00000     0.1578E+02     2.000     7   7.1196
     1009     0.00000     0.3334E+01     2.000     5   7.1220
     1010     0.00000     0.3356E+01     2.000     5   7.1220
     1011     0.00000     0.5994E+01     2.000     6   7.1331
     1012     0.00000     0.9339E+01     2.000     6   7.1331
     1013     0.00000     0.6323E+01     2.000     6   7.1346
     1014     0.00000     0.5200E+01     2.000     6   7.1346
     1015     0.00000     0.3156E+01     2.000     5   7.1408
     1016     0.00000     0.3162E+01     2.000     5   7.1408
     1017     0.00000     0.5859E+01     2.000     7   7.1411
     1018     0.00000     0.1497E+02     2.000     7   7.1449
     1019     0.00000     0.5815E+01     2.000     6   7.1514
     1020     0.00000     0.9171E+01     2.000     6   7.1514
     1021     0.00000     0.1001E+02     2.000     6   7.1527
     1022     0.00000     0.6133E+01     2.000     6   7.1526
     1023     0.00000     0.5005E+01     2.000     6   7.1526
     1024     0.00000     0.1001E+02     2.000     6   7.1536
     1025     0.00000     0.9470E+01     2.000     7   7.1557
     1026     0.00000     0.1476E+02     2.000     7   7.1582
     1027     0.00000     0.9021E+01     2.000     7   7.1705
     1028     0.00000     0.6612E+01     2.000     6   7.1734
     1029     0.00000     0.6659E+01     2.000     6   7.1762
     1030     0.00000     0.8921E+01     2.000     6   7.1849
     1031     0.00000     0.8323E+01     2.000     7   7.1903
     1032     0.00000     0.8372E+01     2.000     7   7.1931
     1033     0.00000     0.4454E+01     2.000     7   7.1943
     1034     0.00000     0.4491E+01     2.000     7   7.1965
     1035     0.00000     0.6189E+01     2.000     6   7.1978
     1036     0.00000     0.1230E+02     2.000     7   7.2044
     1037     0.00000     0.8090E+01     2.000     6   7.2066
     1038     0.00000     0.4603E+01     2.000     6   7.2072
     1039     0.00000     0.8643E+01     2.000     6   7.2085
     1040     0.00000     0.9816E+01     2.000     7   7.2101
     1041     0.00000     0.1315E+02     2.000     7   7.2177
     1042     0.00000     0.1593E+02     2.000     7   7.2177
     1043     0.00000     0.1141E+02     2.000     7   7.2193
     1044     0.00000     0.1290E+02     2.000     7   7.2193
     1045     0.00000     0.1090E+02     2.000     7   7.2196
     1046     0.00000     0.9041E+01     2.000     7   7.2196
     1047     0.00000     0.5875E+01     2.000     6   7.2275
     1048     0.00000     0.1179E+02     2.000     7   7.2326
     1049     0.00000     0.6281E+01     2.000     7   7.2340
     1050     0.00000     0.3883E+01     2.000     6   7.2345
     1051     0.00000     0.7711E+01     2.000     6   7.2351
     1052     0.00000     0.6442E+01     2.000     7   7.2355
     1053     0.00000     0.9213E+01     2.000     7   7.2371
     1054     0.00000     0.1259E+02     2.000     7   7.2457
     1055     0.00000     0.1528E+02     2.000     7   7.2457
     1056     0.00000     0.1080E+02     2.000     7   7.2469
     1057     0.00000     0.1225E+02     2.000     7   7.2469
     1058     0.00000     0.1033E+02     2.000     7   7.2476
     1059     0.00000     0.8350E+01     2.000     7   7.2476
     1060     0.00000     0.5454E+01     2.000     7   7.2675
     1061     0.00000     0.5631E+01     2.000     7   7.2686
     1062     0.00000     0.6458E+01     2.000     6   7.2726
     1063     0.00000     0.6441E+01     2.000     6   7.2812
     1064     0.00000     0.5062E+01     2.000     6   7.2824
     1065     0.00000     0.5041E+01     2.000     6   7.2872
     1066     0.00000     0.8693E+01     2.000     7   7.2939
     1067     0.00000     0.8492E+01     2.000     7   7.2943
     1068     0.00000     0.4769E+01     2.000     7   7.3051
     1069     0.00000     0.3629E+01     2.000     6   7.3471
     1070     0.00000     0.9485E+01     2.000     7   7.3522
     1071     0.00000     0.7037E+01     2.000     7   7.3533
     1072     0.00000     0.5460E+01     2.000     7   7.3556
     1073     0.00000     0.1164E+02     2.000     7   7.3557
     1074     0.00000     0.8163E+01     2.000     7   7.3556
     1075     0.00000     0.8588E+01     2.000     7   7.3557
     1076     0.00000     0.9610E+01     2.000     7   7.3572
     1077     0.00000     0.1715E+02     2.000     7   7.3572
     1078     0.00000     0.6822E+01     2.000     7   7.3646
     1079     0.00000     0.5221E+01     2.000     7   7.3670
     1080     0.00000     0.3946E+01     2.000     3   7.3678
     1081     0.00000     0.9322E+01     2.000     7   7.3706
     1082     0.00000     0.6680E+01     2.000     7   7.3713
     1083     0.00000     0.1128E+02     2.000     7   7.3739
     1084     0.00000     0.7849E+01     2.000     7   7.3738
     1085     0.00000     0.8246E+01     2.000     7   7.3739
     1086     0.00000     0.9341E+01     2.000     7   7.3755
     1087     0.00000     0.1689E+02     2.000     7   7.3755
     1088     0.00000     0.5560E+01     2.000     6   7.3817
     1089     0.00000     0.1187E+02     2.000     7   7.3815
     1090     0.00000     0.5225E+01     2.000     7   7.3815
     1091     0.00000     0.5605E+01     2.000     6   7.3827
     1092     0.00000     0.4867E+01     2.000     7   7.3920
     1093     0.00000     0.4261E+01     2.000     6   7.4244
     1094     0.00000     0.4275E+01     2.000     6   7.4257
     1095     0.00000     0.4606E+01     2.000     7   7.4345
     1096     0.00000     0.5661E+01     2.000     7   7.4826
     1097     0.00000     0.3077E+01     2.000     6   7.4965
     1098     0.00000     0.3131E+01     2.000     6   7.4991
     1099     0.00000     0.8288E+01     2.000     7   7.5066
     1100     0.00000     0.5439E+01     2.000     7   7.5066
     1101     0.00000     0.5596E+01     2.000     7   7.5101
     1102     0.00000     0.8296E+01     2.000     7   7.5113
     1103     0.00000     0.5603E+01     2.000     7   7.5113
     1104     0.00000     0.4919E+01     2.000     7   7.5163
     1105     0.00000     0.5023E+01     2.000     7   7.5173
     1106     0.00000     0.7327E+01     2.000     7   7.5298
     1107     0.00000     0.4485E+01     2.000     7   7.5324
     1108     0.00000     0.3596E+01     2.000     5   7.5357
     1109     0.00000     0.7275E+01     2.000     7   7.5444
     1110     0.00000     0.4405E+01     2.000     7   7.5606
     1111     0.00000     0.3422E+01     2.000     6   7.6168
     1112     0.00000     0.4943E+01     2.000     7   7.6320
     1113     0.00000     0.5041E+01     2.000     7   7.6459
     1114     0.00000     0.7512E+01     2.000     7   7.6480
     1115     0.00000     0.7548E+01     2.000     7   7.6491
     1116     0.00000     0.3729E+01     2.000     5   7.6573
     1117     0.00000     0.3728E+01     2.000     5   7.6578
     1118     0.00000     0.4178E+01     2.000     7   7.6817
     1119     0.00000     0.4700E+01     2.000     5   7.6888
     1120     0.00000     0.4710E+01     2.000     5   7.6888
     1121     0.00000     0.4220E+01     2.000     7   7.6963
     1122     0.00000     0.5096E+01     2.000     6   7.7213
     1123     0.00000     0.5103E+01     2.000     6   7.7213
     1124     0.00000     0.3402E+01     2.000     6   7.7497
     1125     0.00000     0.3453E+01     2.000     6   7.7502
     1126     0.00000     0.4926E+02     2.000     7   7.7689
     1127     0.00000     0.4459E+01     2.000     6   7.7696
     1128     0.00000     0.4353E+01     2.000     6   7.7830
     1129     0.00000     0.4724E+02     2.000     7   7.7871
     1130     0.00000     0.4920E+01     2.000     6   7.8096
     1131     0.00000     0.4024E+01     2.000     6   7.8107
     1132     0.00000     0.4045E+01     2.000     6   7.8109
     1133     0.00000     0.4735E+01     2.000     6   7.8274
     1134     0.00000     0.8464E+01     2.000     6   7.8592
     1135     0.00000     0.8475E+01     2.000     6   7.8689
     1136     0.00000     0.1028E+02     2.000     6   7.8767
     1137     0.00000     0.3750E+01     2.000     6   7.8800
     1138     0.00000     0.3640E+01     2.000     6   7.8893
     1139     0.00000     0.1005E+02     2.000     6   7.8903
     1140     0.00000     0.8351E+01     2.000     7   7.8943
     1141     0.00000     0.2111E+02     2.000     7   7.9182
     1142     0.00000     0.7727E+01     2.000     7   7.9218
     1143     0.00000     0.2102E+02     2.000     7   7.9229
     1144     0.00000     0.2418E+02     2.000     7   7.9536
     1145     0.00000     0.4478E+01     2.000     7   7.9739
     1146     0.00000     0.4488E+01     2.000     7   7.9743
     1147     0.00000     0.6326E+01     2.000     7   8.0436
     1149     0.00000     0.2980E+01     2.000     7   8.0453
     1150     0.00000     0.3008E+01     2.000     7   8.0469
     1151     0.00000     0.6144E+01     2.000     7   8.0575
     1152     0.00000     0.3962E+01     2.000     7   8.0755
     1153     0.00000     0.3985E+01     2.000     7   8.0755
     1155     0.00000     0.5469E+01     2.000     7   8.0836
     1156     0.00000     0.3980E+01     2.000     5   8.0856
     1157     0.00000     0.4007E+01     2.000     5   8.0865
     1158     0.00000     0.3817E+01     2.000     5   8.0876
     1159     0.00000     0.3862E+01     2.000     5   8.0884
     1160     0.00000     0.5276E+01     2.000     7   8.0893
     1161     0.00000     0.5168E+01     2.000     7   8.1020
     1162     0.00000     0.5076E+01     2.000     7   8.1029
     1163     0.00000     0.3771E+01     2.000     6   8.1186
     1164     0.00000     0.3541E+01     2.000     6   8.1206
     1165     0.00000     0.3732E+01     2.000     6   8.1207
     1166     0.00000     0.3477E+01     2.000     6   8.1227
     1167     0.00000     0.5028E+01     2.000     6   8.2262
     1168     0.00000     0.4825E+01     2.000     6   8.2794
     1169     0.00000     0.3089E+01     2.000     7   8.4504
     1170     0.00000     0.1292E+02     2.000     7   8.4585
     1171     0.00000     0.1211E+02     2.000     7   8.4896
     1172     0.00000     0.5295E+01     2.000     7   8.6235
     1173     0.00000     0.3700E+01     2.000     7   8.6395
     1174     0.00000     0.4879E+01     2.000     7   8.6605
     1175     0.00000     0.3569E+01     2.000     7   8.7508
     1176     0.00000     0.3562E+01     2.000     7   8.7512
     1177     0.00000     0.5556E+01     2.000     7   8.7822
