# # Once                                                         FEFF 10.0.0 
# # POT  SCF 100  9.0000   0, core-hole, FOLP (folp(0)= 1.150)
# # Abs   Z=30 Rmt= 1.385 Rnm= 1.528 K  shell
# #   RGRID 0.0100
# # Pot 1 Z= 6 Rmt= 0.901 Rnm= 1.123
# # Pot 2 Z= 6 Rmt= 0.930 Rnm= 1.165
# # Pot 3 Z= 1 Rmt= 0.555 Rnm= 0.932
# # Pot 4 Z=16 Rmt= 1.253 Rnm= 1.470
# # Gam_ch=1.897E+00 H-L exch Vi= 0.000E+00 Vr= 0.000E+00
# # Mu=-7.085E+00eV kf=2.013E+00 Vint=-1.337E+01eV Rs_int= 1.801
# # PATH  Rmax= 9.000,  Keep_limit= 0.00, Heap_limit 0.00  Pwcrit= 2.50%
#  S02=1.000  Temp=  10.00  Debye_temp= 315.00  Global_sig2= 0.00000
#  Energy zero shift, vr, vi    0.00000E+00   0.00000E+00
#  Curved wave amplitude ratio filter   4.000%
#     file         sig2 tot  cw amp ratio   deg  nlegs   reff  inp sig2
#           1       0.00299    100.00      1.00     2   2.3580
#           2       0.00301     99.80      1.00     2   2.3598
#           3       0.00310     99.02      1.00     2   2.3668
#           4       0.00309     98.96      1.00     2   2.3674
#           5       0.02257     11.48      1.00     2   3.1457
#           6       0.03108     11.41      1.00     2   3.1532
#           7       0.03110     11.38      1.00     2   3.1566
#           8       0.02298     11.22      1.00     2   3.1732
#           9       0.00584     38.59      1.00     2   3.3117
#          10       0.00607     38.45      1.00     2   3.3161
#          11       0.02921      9.93      1.00     2   3.3219
#          12       0.03073      9.87      1.00     2   3.3302
#          13       0.00561     37.93      1.00     2   3.3330
#          14       0.00561     37.08      1.00     2   3.3609
#          15       0.02155      7.40      1.00     2   3.7040
#          16       0.00958     28.26      1.00     2   3.7112
#          17       0.00964     28.21      1.00     2   3.7134
#          18       0.00419     42.02      2.00     3   3.7523
#          19       0.00427     42.02      2.00     3   3.7540
#          20       0.00404     42.40      2.00     3   3.7563
#          21       0.02105      7.10      1.00     2   3.7606
#          22       0.00407     42.11      2.00     3   3.7712
#          23       0.01116     12.83      2.00     3   3.7849
#          24       0.01129     12.51      2.00     3   3.8125
#          25       0.01413      9.27      2.00     3   3.8629
#          26       0.01485      9.18      2.00     3   3.8693
#          27       0.01473      7.18      2.00     3   3.9538
#          28       0.01492      7.10      2.00     3   3.9699
#          29       0.01641     17.41      2.00     3   3.9785
#          30       0.01646     17.35      2.00     3   3.9812
#          31       0.01673      6.79      2.00     3   4.0462
#          32       0.01726      6.78      2.00     3   4.0501
#          33       0.01216      9.06      2.00     3   4.0636
#          34       0.01206      9.25      2.00     3   4.1059
#          35       0.03533      5.39      1.00     2   4.1522
#          36       0.03525      5.37      1.00     2   4.1578
#          37       0.00455     13.35      1.00     4   4.1795
#          38       0.00455     12.79      1.00     4   4.1815
#          39       0.00457     13.55      1.00     4   4.1919
#          40       0.00455     13.62      1.00     4   4.1928
#          42       0.00447      8.55      2.00     3   4.2100
#          44       0.01416      6.30      2.00     3   4.2333
#          45       0.00421      8.80      2.00     3   4.2353
#          46       0.01822      6.99      1.00     4   4.2369
#          47       0.02927      7.43      1.00     4   4.2458
#          48       0.00428      8.96      2.00     3   4.2475
#          49       0.02911      7.41      1.00     4   4.2490
#          50       0.01409      6.28      2.00     3   4.2626
#          51       0.01852      6.84      1.00     4   4.2642
#          52       0.00617     18.97      2.00     3   4.2694
#          53       0.00628     18.94      2.00     3   4.2726
#          54       0.01164      4.91      1.00     2   4.2947
#          55       0.01180      4.89      1.00     2   4.2983
#          59       0.00425     10.48      2.00     3   4.3243
#          61       0.01062     20.54      2.00     3   4.3500
#          62       0.01081     20.46      2.00     3   4.3539
#          63       0.00437     11.08      2.00     3   4.3581
#          64       0.00446     11.20      2.00     3   4.3643
#          65       0.01108     23.44      1.00     4   4.4052
#          66       0.01132     23.31      1.00     4   4.4095
#          67       0.02551      5.82      1.00     4   4.4142
#          68       0.02720      5.78      1.00     4   4.4224
#          70       0.00573     14.93      2.00     3   4.4441
#          71       0.00573     14.91      2.00     3   4.4437
#          73       0.01892      7.81      2.00     3   4.4794
#          74       0.01890      7.91      2.00     3   4.4811
#          75       0.01023      5.92      2.00     4   4.4869
#          77       0.01021      6.28      2.00     4   4.5162
#          78       0.01174      9.21      2.00     3   4.5258
#          79       0.01178      9.27      2.00     3   4.5270
#          80       0.01121      4.81      2.00     4   4.5367
#          83       0.01132      4.78      2.00     4   4.5404
#          85       0.00953     20.97      2.00     4   4.5811
#          86       0.00958     21.08      2.00     4   4.5826
#          88       0.00944      4.05      2.00     4   4.6079
#          92       0.00607     14.66      1.00     2   4.6706
#          93       0.00638     14.58      1.00     2   4.6791
#          95       0.00502      8.84      2.00     4   4.7099
#          96       0.00505      8.89      2.00     4   4.7105
#          97       0.00598      7.94      1.00     4   4.7160
#          98       0.00455      4.32      2.00     4   4.7178
#          99       0.00602      7.90      1.00     4   4.7196
#         100       0.01500     14.91      2.00     3   4.7247
#         102       0.00466      5.09      2.00     4   4.7254
#         103       0.00470      5.25      2.00     4   4.7266
#         105       0.01505     14.95      2.00     3   4.7288
#         106       0.00619      7.78      1.00     4   4.7336
#         108       0.00618      7.77      1.00     4   4.7348
#         109       0.01704      6.19      2.00     4   4.7447
#         112       0.01768      6.16      2.00     4   4.7510
#         113       0.00552     38.99      2.00     3   4.7552
#         114       0.01414      4.87      1.00     4   4.7558
#         115       0.01414      4.79      1.00     4   4.7569
#         116       0.00556     37.02      2.00     3   4.7734
#         118       0.00939     13.77      2.00     4   4.7905
#         119       0.00945     13.81      2.00     4   4.7918
#         122       0.01342     15.48      1.00     4   4.8066
#         124       0.01344     15.62      1.00     4   4.8088
#         127       0.00646      4.80      1.00     4   4.8276
#         128       0.00664      4.80      1.00     4   4.8318
#         129       0.00597     36.32      1.00     4   4.8398
#         130       0.00934     34.28      2.00     5   4.8458
#         132       0.00933      4.17      2.00     5   4.8464
#         133       0.00942     34.33      2.00     5   4.8474
#         135       0.00928      4.85      2.00     5   4.8615
#         137       0.01968      5.76      2.00     4   4.8659
#         138       0.00597     33.88      1.00     4   4.8677
#         139       0.01976      5.78      2.00     4   4.8685
#         143       0.00493     22.32      2.00     3   4.9045
#         145       0.00502     22.54      2.00     3   4.9092
#         146       0.02022      7.85      2.00     5   4.9564
#         147       0.02098      7.80      2.00     5   4.9627
#         148       0.01016      5.25      2.00     5   4.9773
#         149       0.01020      5.25      2.00     5   4.9783
#         150       0.00901      6.23      2.00     3   4.9793
#         151       0.00452     34.13      2.00     4   4.9892
#         153       0.00917      6.09      2.00     3   4.9966
#         155       0.00455     33.08      2.00     4   5.0035
#         158       0.00966     15.86      2.00     5   5.0205
#         159       0.00966     15.68      2.00     5   5.0216
#         160       0.01446      4.71      2.00     4   5.0385
#         161       0.01446      4.77      2.00     4   5.0393
#         162       0.01358      4.16      2.00     3   5.0593
#         163       0.00928     11.67      2.00     4   5.0640
#         164       0.01367      4.15      2.00     3   5.0646
#         165       0.06069      9.72      2.00     5   5.0711
#         167       0.06026      9.69      2.00     5   5.0737
#         168       0.02036      7.82      2.00     5   5.0739
#         170       0.02227      5.23      2.00     3   5.0771
#         171       0.02038      7.83      2.00     5   5.0766
#         172       0.02203      5.34      2.00     3   5.0842
#         174       0.00944     11.17      2.00     4   5.0909
#         177       0.01168      5.00      2.00     4   5.1341
#         179       0.00671      5.88      1.00     4   5.1372
#         180       0.01178      4.99      2.00     4   5.1374
#         181       0.00536     10.53      1.00     4   5.1385
#         182       0.00539     10.82      1.00     4   5.1393
#         184       0.00677      5.89      1.00     4   5.1412
#         185       0.01161      8.86      2.00     4   5.1412
#         187       0.01172      8.90      2.00     4   5.1446
#         188       0.01695      4.57      2.00     3   5.1481
#         189       0.01710      4.36      2.00     3   5.1542
#         190       0.01754      6.32      2.00     5   5.1537
#         191       0.00635      5.97      1.00     4   5.1545
#         194       0.00472     26.67      2.00     4   5.1785
#         196       0.00703      4.02      2.00     3   5.1819
#         197       0.00641      5.94      1.00     4   5.1826
#         198       0.00478     26.29      2.00     4   5.1837
#         199       0.01764      6.39      2.00     5   5.1963
#         200       0.01212      7.10      2.00     4   5.2072
#         201       0.01229      6.89      2.00     4   5.2251
#         202       0.02146      9.04      2.00     3   5.2572
#         203       0.02168      9.19      2.00     3   5.2612
#         204       0.00481     53.03      2.00     5   5.2631
#         205       0.00608      5.22      2.00     5   5.2681
#         206       0.00611      5.26      2.00     5   5.2697
#         211       0.00486     51.25      2.00     5   5.2780
#         213       0.01263      7.86      2.00     4   5.2829
#         216       0.00994     14.14      1.00     6   5.2853
#         218       0.00985     14.04      1.00     6   5.2863
#         219       0.01275      7.86      2.00     4   5.2880
#         220       0.01212     15.07      2.00     5   5.2918
#         222       0.00682      4.88      2.00     3   5.3049
#         223       0.00690      4.55      2.00     3   5.3068
#         228       0.01219     14.42      2.00     5   5.3194
#         229       0.01550      5.88      2.00     3   5.3316
#         230       0.01033      9.69      2.00     4   5.3380
#         231       0.02394      8.06      1.00     4   5.3412
#         232       0.02386      7.81      1.00     4   5.3427
#         233       0.01553      5.71      2.00     3   5.3499
#         234       0.01174     18.42      2.00     5   5.3628
#         235       0.01144      4.43      2.00     5   5.3625
#         237       0.01115     18.38      2.00     5   5.3648
#         238       0.01162      4.29      2.00     5   5.3658
#         240       0.01183     18.36      2.00     5   5.3660
#         242       0.01122     18.50      2.00     5   5.3680
#         244       0.01139      7.66      2.00     4   5.3687
#         245       0.01152      7.49      2.00     4   5.3747
#         247       0.01031      9.23      2.00     4   5.3805
#         249       0.01625      6.95      2.00     5   5.4014
#         250       0.02194      6.25      2.00     5   5.4045
#         251       0.01635      6.92      2.00     5   5.4052
#         252       0.02203      6.24      2.00     5   5.4078
#         254       0.00477     27.26      2.00     5   5.4124
#         255       0.00479     27.55      2.00     5   5.4138
#         256       0.01589      9.34      2.00     4   5.4170
#         258       0.01595      9.27      2.00     4   5.4300
#         259       0.00642      7.07      2.00     3   5.4415
#         260       0.00503      4.89      2.00     5   5.4412
#         261       0.00976      4.58      2.00     5   5.4411
#         263       0.00502      4.87      2.00     5   5.4424
#         265       0.02235     12.51      2.00     5   5.4434
#         266       0.00663      7.01      2.00     3   5.4441
#         267       0.00615      6.70      2.00     3   5.4448
#         268       0.02283     12.47      2.00     5   5.4473
#         269       0.01498      7.02      2.00     3   5.4538
#         270       0.00985      4.53      2.00     5   5.4552
#         271       0.01127      4.98      2.00     3   5.4680
#         272       0.00608      6.62      2.00     3   5.4759
#         273       0.01036      4.34      2.00     4   5.4756
#         274       0.01038      4.37      2.00     4   5.4761
#         276       0.01146      4.96      2.00     3   5.4769
#         277       0.01492      6.85      2.00     3   5.4775
#         279       0.01181      5.58      2.00     4   5.4858
#         280       0.01462      5.34      1.00     4   5.4866
#         285       0.02278     16.52      1.00     6   5.4987
#         287       0.02326     16.44      1.00     6   5.5030
#         290       0.01460      5.15      1.00     4   5.5148
#         292       0.01169      5.44      2.00     4   5.5185
#         294       0.03168      4.09      2.00     4   5.5200
#         295       0.03166      4.10      2.00     4   5.5240
#         296       0.01081     12.41      2.00     5   5.5391
#         297       0.01078     12.52      2.00     5   5.5395
#         299       0.01114      7.39      2.00     4   5.5526
#         300       0.01159      8.45      2.00     4   5.5535
#         301       0.01167      8.58      2.00     4   5.5570
#         303       0.01259     13.45      2.00     5   5.5704
#         304       0.01120      7.18      2.00     4   5.5712
#         305       0.02370      5.23      2.00     5   5.5725
#         306       0.02358      5.30      2.00     5   5.5742
#         307       0.02303      4.67      2.00     5   5.5748
#         308       0.02297      4.64      2.00     5   5.5765
#         309       0.00809     10.98      2.00     5   5.5777
#         310       0.00789     11.39      2.00     5   5.5778
#         311       0.00813     11.02      2.00     5   5.5791
#         312       0.01026      7.30      2.00     5   5.5818
#         313       0.01029      7.34      2.00     5   5.5825
#         314       0.00795     11.53      2.00     5   5.5929
#         315       0.01126      6.89      2.00     3   5.5934
#         316       0.00549      8.62      2.00     4   5.5949
#         317       0.00558      8.58      2.00     4   5.5972
#         318       0.00977      4.60      2.00     5   5.6065
#         319       0.01139      6.94      2.00     3   5.6073
#         320       0.01247     12.92      2.00     5   5.6128
#         321       0.01788      5.68      2.00     5   5.6193
#         322       0.01800      5.72      2.00     5   5.6205
#         323       0.01062     10.61      2.00     4   5.6262
#         324       0.01068      5.72      2.00     4   5.6278
#         325       0.01674     12.19      2.00     6   5.6302
#         326       0.01683     12.16      2.00     6   5.6338
#         327       0.00989      4.58      2.00     5   5.6342
#         328       0.01123     11.37      2.00     5   5.6381
#         329       0.01065     10.55      2.00     4   5.6445
#         330       0.00535      6.80      2.00     4   5.6458
#         331       0.01072      5.57      2.00     4   5.6458
#         332       0.00533      7.60      2.00     4   5.6467
#         333       0.01105      7.52      2.00     5   5.6489
#         334       0.01127     11.23      2.00     5   5.6513
#         335       0.01108      7.25      2.00     5   5.6636
#         336       0.01829     14.71      2.00     6   5.6745
#         337       0.01842     14.77      2.00     6   5.6761
#         338       0.01145      8.41      2.00     4   5.6780
#         339       0.00699      4.95      2.00     4   5.6786
#         340       0.00928      4.34      2.00     4   5.6791
#         341       0.00962      4.33      2.00     4   5.6829
#         342       0.00722      4.89      2.00     4   5.6835
#         343       0.00599     21.52      1.00     6   5.6864
#         345       0.00602     21.43      1.00     6   5.6884
#         346       0.00856      4.34      2.00     4   5.6910
#         347       0.01412      6.05      2.00     5   5.6923
#         351       0.01435      6.00      2.00     5   5.6966
#         352       0.01151      7.11      2.00     5   5.6976
#         353       0.01094      5.80      2.00     5   5.6994
#         354       0.00660      4.54      2.00     4   5.6998
#         356       0.01147      8.24      2.00     4   5.7016
#         357       0.01136      5.57      2.00     4   5.7020
#         358       0.01108      5.82      2.00     5   5.7038
#         359       0.01147      5.63      2.00     4   5.7070
#         362       0.01106     13.85      2.00     5   5.7108
#         363       0.01040      7.10      2.00     5   5.7128
#         364       0.01091      9.91      2.00     5   5.7124
#         365       0.01447     12.14      2.00     6   5.7151
#         366       0.01133      4.97      2.00     5   5.7197
#         367       0.00866      4.28      2.00     4   5.7206
#         368       0.01151      7.23      2.00     5   5.7258
#         370       0.00656      4.50      2.00     4   5.7282
#         372       0.01425     12.01      2.00     6   5.7297
#         373       0.01104     13.41      2.00     5   5.7389
#         374       0.01092      9.42      2.00     5   5.7401
#         375       0.01033      6.59      2.00     5   5.7407
#         376       0.01131      5.04      2.00     5   5.7486
#         379       0.01015      5.23      1.00     4   5.7658
#         381       0.01030      5.36      1.00     4   5.7743
#         384       0.01109      5.71      2.00     5   5.7850
#         385       0.01199     10.46      2.00     5   5.7871
#         386       0.01195     10.20      2.00     5   5.7874
#         388       0.01097      5.66      2.00     5   5.7920
#         390       0.01176      4.53      2.00     4   5.7988
#         394       0.01012     13.68      2.00     6   5.8054
#         395       0.01012     13.76      2.00     6   5.8059
#         397       0.01179      4.55      2.00     4   5.8135
#         399       0.01295      4.70      2.00     6   5.8193
#         400       0.02668      9.07      2.00     5   5.8201
#         401       0.01317      4.70      2.00     6   5.8229
#         402       0.02675      9.10      2.00     5   5.8242
#         403       0.00985      7.74      2.00     4   5.8273
#         404       0.00930      5.12      2.00     4   5.8286
#         405       0.00940      5.13      2.00     4   5.8313
#         406       0.00991      7.84      2.00     4   5.8374
#         407       0.01588      7.51      2.00     5   5.8403
#         408       0.01592      7.72      2.00     5   5.8403
#         410       0.01119      4.01      2.00     5   5.8488
#         411       0.01256      8.70      2.00     5   5.8488
#         412       0.00969     14.85      2.00     5   5.8504
#         413       0.01825      5.35      2.00     5   5.8516
#         414       0.01835      5.36      2.00     5   5.8543
#         415       0.00971     12.67      2.00     5   5.8602
#         416       0.00987      6.36      2.00     5   5.8618
#         420       0.01073      4.15      2.00     5   5.8637
#         421       0.01799      5.76      2.00     5   5.8658
#         423       0.01296      8.44      2.00     5   5.8670
#         424       0.00974     14.78      2.00     5   5.8686
#         426       0.01864      5.73      2.00     5   5.8696
#         428       0.00975     12.67      2.00     5   5.8746
#         429       0.00991      6.30      2.00     5   5.8759
#         431       0.01384      5.04      2.00     4   5.8771
#         434       0.01381      5.03      2.00     4   5.8878
#         435       0.02252      5.92      2.00     6   5.8992
#         436       0.02715      4.49      2.00     6   5.8997
#         437       0.02274      5.93      2.00     6   5.9013
#         438       0.02727      4.44      2.00     6   5.9020
#         439       0.02751     10.89      1.00     6   5.9020
#         440       0.02757     10.98      1.00     6   5.9042
#         441       0.01363      8.13      2.00     5   5.9099
#         445       0.01860     16.57      2.00     6   5.9210
#         447       0.01364      8.03      2.00     5   5.9251
#         448       0.01935     16.48      2.00     6   5.9252
#         450       0.01572     10.57      2.00     6   5.9300
#         451       0.01511      8.73      2.00     6   5.9310
#         452       0.01261      8.25      1.00     6   5.9335
#         453       0.01105      7.27      1.00     6   5.9334
#         454       0.00987     10.64      1.00     6   5.9350
#         458       0.00968      4.49      2.00     4   5.9384
#         459       0.01888     27.10      2.00     7   5.9392
#         461       0.01905     27.13      2.00     7   5.9409
#         462       0.00974      4.66      2.00     4   5.9433
#         466       0.01570     10.91      2.00     6   5.9581
#         467       0.01481      8.32      2.00     6   5.9587
#         468       0.01102      6.87      1.00     6   5.9613
#         469       0.01302      7.82      1.00     6   5.9614
#         470       0.00993     10.30      1.00     6   5.9629
#         472       0.01506      5.63      2.00     5   5.9660
#         473       0.01530      5.62      2.00     5   5.9698
#         475       0.01059      4.48      2.00     5   5.9759
#         476       0.01068      4.35      2.00     5   5.9816
#         477       0.00969      7.52      2.00     3   5.9846
#         478       0.00973      7.51      2.00     3   5.9877
#         479       0.01237     10.89      2.00     6   5.9937
#         480       0.01100      6.03      2.00     5   5.9982
#         481       0.01046     12.65      2.00     5   5.9997
#         482       0.00883      4.96      1.00     6   6.0011
#         483       0.01147      6.10      2.00     5   6.0028
#         484       0.00885      5.01      1.00     6   6.0032
#         485       0.01050     13.06      2.00     5   6.0044
#         486       0.00884      4.82      1.00     6   6.0170
#         487       0.00881      4.80      1.00     6   6.0183
#         488       0.00956      6.58      2.00     5   6.0230
#         489       0.01231     10.79      2.00     6   6.0231
#         490       0.00960      6.60      2.00     5   6.0376
#         491       0.05318      6.47      2.00     7   6.0487
#         492       0.00982      8.02      2.00     5   6.0495
#         493       0.03361      6.54      2.00     7   6.0499
#         494       0.00987      8.13      2.00     5   6.0549
#         495       0.05670      6.43      2.00     7   6.0550
#         496       0.03486      6.51      2.00     7   6.0561
#         497       0.01122      7.61      2.00     6   6.0616
#         498       0.01119      7.80      2.00     6   6.0614
#         499       0.01114      6.73      2.00     6   6.0722
#         501       0.01118      6.68      2.00     6   6.0740
#         502       0.01036      6.51      2.00     4   6.0780
#         505       0.01039      6.51      2.00     4   6.0808
#         506       0.01032      5.45      2.00     6   6.0827
#         507       0.01085      9.16      2.00     6   6.0828
#         508       0.01091     19.85      2.00     6   6.0844
#         510       0.01652      5.65      2.00     6   6.0900
#         512       0.01042      5.17      2.00     6   6.0970
#         513       0.01077      6.07      2.00     6   6.0969
#         514       0.01116      9.02      2.00     6   6.0971
#         517       0.01100     19.78      2.00     6   6.0987
#         518       0.01076      6.09      2.00     6   6.0983
#         519       0.01053      7.20      2.00     6   6.0997
#         520       0.01035      8.46      2.00     5   6.1013
#         521       0.01660      5.69      2.00     6   6.1030
#         522       0.01039      8.50      2.00     5   6.1119
#         525       0.01800     12.90      2.00     7   6.1140
#         526       0.01054      7.34      2.00     6   6.1148
#         527       0.01784     12.77      2.00     7   6.1151
#         528       0.01031      5.47      2.00     6   6.1208
#         531       0.01184      6.32      2.00     6   6.1328
#         533       0.00972     11.62      2.00     6   6.1341
#         534       0.01011     14.65      2.00     6   6.1341
#         535       0.01192      6.32      2.00     6   6.1345
#         536       0.00991      5.81      2.00     6   6.1361
#         537       0.00982      5.56      2.00     6   6.1357
#         538       0.00992      5.58      2.00     6   6.1361
#         539       0.01033      5.80      2.00     6   6.1361
#         540       0.00990      7.60      2.00     6   6.1357
#         544       0.00973     11.48      2.00     6   6.1492
#         545       0.01012     14.56      2.00     6   6.1492
#         546       0.00983      5.28      2.00     6   6.1504
#         547       0.00991      7.47      2.00     6   6.1504
#         548       0.00992      5.61      2.00     6   6.1511
#         549       0.00989      5.40      2.00     6   6.1511
#         550       0.04560      7.58      2.00     6   6.1552
#         551       0.01805      5.39      2.00     6   6.1576
#         553       0.02204      6.86      2.00     5   6.1621
#         555       0.01740      4.80      2.00     6   6.1644
#         556       0.01727      6.02      2.00     6   6.1644
#         558       0.06927      6.30      2.00     7   6.1666
#         560       0.01764      4.11      2.00     6   6.1675
#         561       0.03658      6.16      2.00     7   6.1694
#         562       0.06878      6.32      2.00     7   6.1691
#         564       0.00973      6.82      2.00     5   6.1723
#         565       0.03661      6.18      2.00     7   6.1720
#         566       0.00974      7.07      2.00     5   6.1733
#         567       0.02198      6.67      2.00     5   6.1753
#         568       0.00601      9.56      1.00     4   6.1774
#         569       0.04647      7.30      2.00     6   6.1819
#         570       0.01847      5.20      2.00     6   6.1846
#         571       0.00611      9.34      1.00     4   6.1859
#         573       0.01744      4.63      2.00     6   6.1917
#         574       0.01739      5.82      2.00     6   6.1917
#         579       0.01923      6.60      2.00     6   6.2306
#         581       0.01039     10.76      1.00     6   6.2337
#         583       0.01043     11.01      1.00     6   6.2345
#         584       0.01979      6.59      2.00     6   6.2346
#         585       0.01877      6.52      2.00     6   6.2367
#         587       0.01882      6.55      2.00     6   6.2400
#         589       0.01438     38.73      2.00     5   6.2620
#         592       0.01096      5.48      2.00     6   6.2721
#         593       0.00995     14.95      2.00     6   6.2737
#         597       0.01116      5.32      2.00     6   6.2774
#         598       0.00998     15.28      2.00     6   6.2790
#         599       0.01422     37.14      2.00     5   6.2803
#         600       0.00979     10.58      2.00     6   6.2834
#         601       0.00980     10.78      2.00     6   6.2850
#         602       0.00725      4.62      2.00     4   6.2863
#         603       0.00728      4.64      2.00     4   6.2873
#         605       0.00913      4.68      2.00     4   6.3028
#         608       0.00839      9.21      2.00     5   6.3131
#         612       0.00921      4.67      2.00     4   6.3206
#         613       0.01485     43.47      1.00     6   6.3467
#         614       0.02433      5.45      2.00     5   6.3509
#         615       0.01548      8.93      2.00     7   6.3532
#         616       0.01326      9.16      2.00     7   6.3532
#         617       0.01362      5.56      2.00     7   6.3543
#         618       0.02443      5.52      2.00     5   6.3548
#         619       0.01045     11.43      2.00     7   6.3567
#         620       0.01100      9.28      2.00     7   6.3568
#         621       0.01011     24.26      2.00     7   6.3583
#         622       0.01081      6.09      2.00     7   6.3608
#         624       0.01510     11.43      2.00     7   6.3616
#         625       0.01071      6.09      2.00     7   6.3622
#         627       0.01555     11.39      2.00     7   6.3631
#         628       0.01078      9.31      2.00     7   6.3636
#         629       0.01078      9.35      2.00     7   6.3651
#         630       0.01534      9.53      2.00     7   6.3684
#         631       0.01328      9.81      2.00     7   6.3684
#         632       0.01342      5.82      2.00     7   6.3691
#         633       0.01050     11.25      2.00     7   6.3716
#         634       0.01121      8.81      2.00     7   6.3717
#         635       0.01015     24.08      2.00     7   6.3733
#         636       0.01473     40.97      1.00     6   6.3746
#         642       0.02157      5.90      2.00     7   6.3819
#         643       0.04463     11.96      2.00     7   6.3830
#         645       0.02122     10.19      2.00     7   6.3854
#         647       0.00918      7.89      2.00     5   6.3874
#         649       0.02348      5.22      2.00     5   6.3880
#         652       0.02327      5.00      2.00     5   6.4065
#         653       0.01533      6.16      2.00     6   6.4065
#         654       0.01550      6.18      2.00     6   6.4077
#         655       0.02176      5.73      2.00     7   6.4097
#         656       0.04509     11.46      2.00     7   6.4104
#         657       0.00662     17.59      2.00     5   6.4114
#         658       0.02197      9.81      2.00     7   6.4130
#         661       0.00919      7.63      2.00     5   6.4149
#         662       0.00662     17.57      2.00     5   6.4160
#         663       0.01079      5.14      2.00     5   6.4237
#         664       0.01085      5.10      2.00     5   6.4258
#         665       0.01796      4.03      2.00     6   6.4316
#         666       0.02292      5.29      1.00     6   6.4349
#         667       0.02285      5.15      1.00     6   6.4363
#         670       0.00974      6.60      2.00     6   6.4463
#         671       0.00756     11.21      2.00     5   6.4467
#         672       0.00751     11.26      2.00     5   6.4467
#         675       0.00975      6.84      2.00     6   6.4479
#         679       0.02345      6.75      2.00     7   6.4583
#         682       0.02225     14.94      2.00     7   6.4603
#         684       0.02319      6.78      2.00     7   6.4614
#         686       0.01800      5.26      2.00     6   6.4623
#         687       0.02238     15.03      2.00     7   6.4634
#         690       0.01780      5.13      2.00     6   6.4682
#         692       0.02858      7.31      2.00     7   6.4723
#         694       0.03012      7.27      2.00     7   6.4784
#         697       0.00686     38.10      2.00     6   6.4960
#         701       0.01282      4.12      2.00     7   6.5048
#         702       0.01065      5.05      2.00     7   6.5060
#         703       0.01141      6.33      2.00     7   6.5061
#         704       0.01067      4.94      2.00     7   6.5074
#         705       0.01165      6.15      2.00     7   6.5075
#         706       0.00987     21.84      2.00     7   6.5076
#         708       0.00990     22.46      2.00     7   6.5091
#         709       0.00689     37.36      2.00     6   6.5104
#         710       0.02630      6.33      2.00     6   6.5107
#         714       0.02650      6.28      2.00     6   6.5237
#         715       0.01096      5.80      2.00     7   6.5251
#         717       0.01194      4.89      2.00     5   6.5350
#         719       0.01028      5.15      2.00     7   6.5366
#         721       0.01183      5.20      2.00     5   6.5367
#         723       0.03408     10.12      2.00     7   6.5369
#         724       0.01217      4.83      2.00     5   6.5376
#         726       0.01029      5.13      2.00     7   6.5379
#         727       0.03480     10.08      2.00     7   6.5408
#         729       0.01187      5.27      2.00     5   6.5507
#         730       0.01037     11.54      2.00     7   6.5574
#         731       0.01037     11.70      2.00     7   6.5595
#         732       0.00869     13.43      2.00     6   6.5708
#         733       0.01080      4.98      2.00     5   6.5767
#         737       0.03279      7.43      2.00     7   6.5898
#         738       0.03247      7.45      2.00     7   6.5923
#         740       0.01087      4.89      2.00     5   6.5951
#         742       0.00876      6.71      2.00     3   6.5953
#         745       0.00886     12.91      2.00     6   6.5978
#         753       0.00912      6.12      2.00     4   6.6278
#         756       0.00663      7.92      1.00     6   6.6453
#         757       0.00663      8.16      1.00     6   6.6461
#         759       0.02247      5.45      2.00     6   6.6463
#         760       0.02841      5.77      2.00     6   6.6471
#         763       0.02853      5.85      2.00     6   6.6506
#         765       0.02877      6.04      2.00     5   6.6549
#         767       0.02868      5.88      2.00     5   6.6610
#         768       0.03437     10.87      2.00     7   6.6605
#         769       0.01140     11.50      2.00     6   6.6614
#         770       0.02029      4.01      2.00     7   6.6616
#         771       0.02051      7.59      2.00     7   6.6640
#         775       0.02322      5.30      2.00     6   6.6649
#         778       0.01665      8.65      2.00     7   6.6712
#         779       0.01509      4.23      2.00     6   6.6725
#         780       0.01506      4.13      2.00     6   6.6728
#         781       0.01706      8.66      2.00     7   6.6725
#         782       0.01862      5.61      2.00     7   6.6779
#         784       0.01025     31.12      2.00     6   6.6853
#         786       0.01023      6.61      2.00     6   6.6884
#         787       0.01140     11.09      2.00     6   6.6894
#         788       0.01032      6.55      2.00     6   6.6906
#         789       0.01029     30.69      2.00     6   6.6906
#         790       0.03352     10.45      2.00     7   6.7031
#         792       0.02055      7.24      2.00     7   6.7063
#         795       0.01519      8.57      2.00     6   6.7140
#         797       0.01893      7.46      2.00     6   6.7214
#         800       0.02966      8.61      2.00     7   6.7317
#         801       0.01525      8.35      2.00     6   6.7319
#         802       0.01831      5.16      2.00     7   6.7333
#         806       0.01895      7.42      2.00     6   6.7398
#         808       0.02850      5.79      2.00     7   6.7425
#         812       0.02992      8.51      2.00     7   6.7449
#         813       0.01840      5.14      2.00     7   6.7465
#         815       0.01401      4.19      2.00     6   6.7475
#         816       0.01385      4.19      2.00     6   6.7518
#         819       0.02893      5.58      2.00     7   6.7572
#         825       0.01050     72.87      2.00     7   6.7700
#         828       0.01200      5.77      2.00     6   6.7720
#         829       0.01365      4.08      2.00     6   6.7726
#         830       0.01825      6.14      2.00     6   6.7732
#         831       0.01397      4.07      2.00     6   6.7763
#         832       0.01223      5.70      2.00     6   6.7769
#         835       0.00610      5.11      2.00     4   6.7847
#         837       0.01058     70.72      2.00     7   6.7849
#         839       0.02189      6.28      2.00     7   6.7858
#         842       0.02071      4.06      2.00     7   6.7880
#         845       0.02217      6.25      2.00     7   6.7900
#         848       0.02120      4.03      2.00     7   6.7917
#         850       0.00607      4.96      2.00     4   6.7941
#         853       0.01839      6.02      2.00     6   6.7968
#         856       0.01534     21.06      2.00     7   6.7986
#         860       0.01812      4.24      2.00     7   6.8045
#         861       0.02022      4.05      2.00     7   6.8044
#         863       0.02076      5.70      2.00     7   6.8064
#         865       0.01835     11.12      2.00     7   6.8060
#         866       0.02355      8.08      2.00     7   6.8061
#         867       0.01559      4.12      2.00     7   6.8076
#         869       0.00801      5.99      2.00     6   6.8107
#         870       0.01124      8.92      2.00     6   6.8107
#         871       0.00745      4.59      2.00     5   6.8117
#         875       0.01558      4.25      2.00     7   6.8188
#         880       0.00809      5.97      2.00     6   6.8252
#         881       0.01131      8.79      2.00     6   6.8252
#         882       0.01543     20.20      2.00     7   6.8263
#         883       0.00737      4.89      2.00     4   6.8287
#         884       0.00749      4.88      2.00     4   6.8290
#         887       0.01840      4.07      2.00     7   6.8325
#         890       0.01845     10.77      2.00     7   6.8341
#         891       0.02430      7.69      2.00     7   6.8337
#         892       0.02069      5.30      2.00     7   6.8343
#         896       0.00593      4.61      2.00     4   6.8441
#         899       0.00972     10.59      2.00     6   6.8449
#         901       0.01564      4.08      2.00     7   6.8468
#         904       0.00588      4.30      2.00     4   6.8573
#         907       0.00629      4.40      2.00     4   6.8670
#         909       0.01911      9.35      2.00     6   6.8755
#         910       0.00569      6.89      2.00     5   6.8787
#         911       0.00567      6.86      2.00     5   6.8790
#         912       0.01980     11.39      2.00     7   6.8807
#         913       0.01875      9.08      2.00     6   6.8816
#         914       0.01784      6.14      2.00     7   6.8823
#         915       0.01779      6.01      2.00     7   6.8826
#         916       0.02001     11.43      2.00     7   6.8837
#         917       0.00973     10.07      2.00     6   6.8873
#         919       0.00625      4.06      2.00     4   6.8884
#         922       0.01040     31.56      2.00     7   6.9193
#         923       0.01046     31.84      2.00     7   6.9207
#         924       0.01985      5.28      2.00     6   6.9225
#         925       0.01583      6.13      2.00     6   6.9240
#         926       0.01922      9.00      2.00     6   6.9239
#         929       0.01586      6.16      2.00     6   6.9267
#         932       0.01998      5.35      2.00     6   6.9326
#         935       0.01928      8.88      2.00     6   6.9369
#         938       0.02521      6.80      2.00     7   6.9425
#         941       0.02057      4.22      2.00     7   6.9441
#         942       0.01955     11.56      2.00     7   6.9456
#         943       0.00680      9.68      2.00     5   6.9517
#         944       0.02034      9.58      2.00     7   6.9554
#         949       0.01179      4.49      2.00     6   6.9600
#         950       0.01186      4.70      2.00     6   6.9610
#         952       0.02602      6.61      2.00     7   6.9607
#         955       0.02094      4.16      2.00     7   6.9623
#         957       0.01965     11.51      2.00     7   6.9639
#         958       0.01139      4.53      2.00     6   6.9667
#         961       0.01137      4.55      2.00     6   6.9697
#         962       0.02045      9.58      2.00     7   6.9699
#         965       0.00659      4.36      2.00     5   6.9821
#         966       0.00670      9.00      2.00     5   6.9827
#         969       0.01261      5.20      2.00     3   6.9921
#         970       0.01225      5.23      2.00     3   6.9930
#         971       0.02647      8.96      2.00     6   6.9935
#         973       0.02606      7.41      2.00     6   6.9982
#         974       0.01319      5.80      2.00     6   7.0000
#         976       0.01326      5.80      2.00     6   7.0054
#         977       0.02629      8.56      2.00     6   7.0216
#         979       0.01202      4.54      2.00     4   7.0252
#         980       0.02605      7.03      2.00     6   7.0256
#         981       0.01230      4.49      2.00     4   7.0273
#         983       0.00599      5.25      2.00     5   7.0593
#         984       0.02278      9.13      2.00     6   7.0595
#         985       0.02170      4.74      2.00     7   7.0594
#         986       0.01213      6.61      2.00     6   7.0603
#         987       0.02197      4.72      2.00     7   7.0633
#         988       0.01212      6.60      2.00     6   7.0638
#         989       0.01502     16.55      2.00     7   7.0773
#         990       0.02323      8.84      2.00     6   7.0781
#         991       0.01407      6.80      2.00     5   7.0800
#         992       0.01406      6.83      2.00     5   7.0831
#         993       0.01371     14.97      2.00     7   7.0847
#         994       0.03505      4.93      2.00     7   7.0905
#         997       0.03490      4.90      2.00     7   7.0924
#         999       0.02135      9.96      2.00     7   7.0949
#        1003       0.02143     10.26      2.00     7   7.0996
#        1004       0.00904      8.49      2.00     7   7.0998
#        1005       0.01375     14.68      2.00     7   7.0998
#        1006       0.01586      6.10      2.00     7   7.1133
#        1008       0.01485     15.78      2.00     7   7.1196
#        1011       0.01259      5.99      2.00     6   7.1331
#        1012       0.01878      9.34      2.00     6   7.1331
#        1013       0.02314      6.32      2.00     6   7.1346
#        1014       0.01261      5.20      2.00     6   7.1346
#        1017       0.01598      5.86      2.00     7   7.1411
#        1018       0.01225     14.97      2.00     7   7.1449
#        1019       0.01255      5.82      2.00     6   7.1514
#        1020       0.01874      9.17      2.00     6   7.1514
#        1021       0.00605     10.01      2.00     6   7.1527
#        1022       0.02339      6.13      2.00     6   7.1526
#        1023       0.01258      5.01      2.00     6   7.1526
#        1024       0.00603     10.01      2.00     6   7.1536
#        1025       0.01234      9.47      2.00     7   7.1557
#        1026       0.01226     14.76      2.00     7   7.1582
#        1027       0.01237      9.02      2.00     7   7.1705
#        1028       0.01417      6.61      2.00     6   7.1734
#        1029       0.01418      6.66      2.00     6   7.1762
#        1030       0.01960      8.92      2.00     6   7.1849
#        1031       0.01752      8.32      2.00     7   7.1903
#        1032       0.01719      8.37      2.00     7   7.1931
#        1033       0.03265      4.45      2.00     7   7.1943
#        1034       0.03193      4.49      2.00     7   7.1965
#        1035       0.00885      6.19      2.00     6   7.1978
#        1036       0.01337     12.30      2.00     7   7.2044
#        1037       0.00694      8.09      2.00     6   7.2066
#        1038       0.00717      4.60      2.00     6   7.2072
#        1039       0.01967      8.64      2.00     6   7.2085
#        1040       0.01235      9.82      2.00     7   7.2101
#        1041       0.01908     13.15      2.00     7   7.2177
#        1042       0.01909     15.93      2.00     7   7.2177
#        1043       0.02323     11.41      2.00     7   7.2193
#        1044       0.02340     12.90      2.00     7   7.2193
#        1045       0.02056     10.90      2.00     7   7.2196
#        1046       0.02091      9.04      2.00     7   7.2196
#        1047       0.00894      5.88      2.00     6   7.2275
#        1048       0.01340     11.79      2.00     7   7.2326
#        1049       0.01272      6.28      2.00     7   7.2340
#        1051       0.00691      7.71      2.00     6   7.2351
#        1052       0.01275      6.44      2.00     7   7.2355
#        1053       0.01220      9.21      2.00     7   7.2371
#        1054       0.01905     12.59      2.00     7   7.2457
#        1055       0.01905     15.28      2.00     7   7.2457
#        1056       0.02350     10.80      2.00     7   7.2469
#        1057       0.02367     12.25      2.00     7   7.2469
#        1058       0.02013     10.33      2.00     7   7.2476
#        1059       0.02048      8.35      2.00     7   7.2476
#        1060       0.02076      5.45      2.00     7   7.2675
#        1061       0.02085      5.63      2.00     7   7.2686
#        1062       0.01659      6.46      2.00     6   7.2726
#        1063       0.01688      6.44      2.00     6   7.2812
#        1064       0.01059      5.06      2.00     6   7.2824
#        1065       0.01058      5.04      2.00     6   7.2872
#        1066       0.01216      8.69      2.00     7   7.2939
#        1067       0.01216      8.49      2.00     7   7.2943
#        1068       0.01223      4.77      2.00     7   7.3051
#        1070       0.01843      9.48      2.00     7   7.3522
#        1071       0.01615      7.04      2.00     7   7.3533
#        1072       0.02615      5.46      2.00     7   7.3556
#        1073       0.03161     11.64      2.00     7   7.3557
#        1074       0.01272      8.16      2.00     7   7.3556
#        1075       0.01448      8.59      2.00     7   7.3557
#        1076       0.01129      9.61      2.00     7   7.3572
#        1077       0.01799     17.15      2.00     7   7.3572
#        1078       0.01605      6.82      2.00     7   7.3646
#        1079       0.01442      5.22      2.00     7   7.3670
#        1081       0.01832      9.32      2.00     7   7.3706
#        1082       0.01562      6.68      2.00     7   7.3713
#        1083       0.03345     11.28      2.00     7   7.3739
#        1084       0.01267      7.85      2.00     7   7.3738
#        1085       0.01495      8.25      2.00     7   7.3739
#        1086       0.01135      9.34      2.00     7   7.3755
#        1087       0.01811     16.89      2.00     7   7.3755
#        1088       0.01254      5.56      2.00     6   7.3817
#        1089       0.01068     11.87      2.00     7   7.3815
#        1090       0.01448      5.22      2.00     7   7.3815
#        1091       0.01253      5.61      2.00     6   7.3827
#        1092       0.01587      4.87      2.00     7   7.3920
#        1093       0.01195      4.26      2.00     6   7.4244
#        1094       0.01200      4.28      2.00     6   7.4257
#        1095       0.01573      4.61      2.00     7   7.4345
#        1096       0.01390      5.66      2.00     7   7.4826
#        1099       0.01453      8.29      2.00     7   7.5066
#        1100       0.01813      5.44      2.00     7   7.5066
#        1101       0.01399      5.60      2.00     7   7.5101
#        1102       0.01449      8.30      2.00     7   7.5113
#        1103       0.01822      5.60      2.00     7   7.5113
#        1104       0.01391      4.92      2.00     7   7.5163
#        1105       0.01395      5.02      2.00     7   7.5173
#        1106       0.01040      7.33      2.00     7   7.5298
#        1107       0.01496      4.49      2.00     7   7.5324
#        1109       0.01040      7.28      2.00     7   7.5444
#        1110       0.01495      4.41      2.00     7   7.5606
#        1112       0.01466      4.94      2.00     7   7.6320
#        1113       0.01476      5.04      2.00     7   7.6459
#        1114       0.01195      7.51      2.00     7   7.6480
#        1115       0.01198      7.55      2.00     7   7.6491
#        1118       0.01052      4.18      2.00     7   7.6817
#        1119       0.01422      4.70      2.00     5   7.6888
#        1120       0.01419      4.71      2.00     5   7.6888
#        1121       0.01055      4.22      2.00     7   7.6963
#        1122       0.01438      5.10      2.00     6   7.7213
#        1123       0.01436      5.10      2.00     6   7.7213
#        1126       0.02331     49.26      2.00     7   7.7689
#        1127       0.01040      4.46      2.00     6   7.7696
#        1128       0.01050      4.35      2.00     6   7.7830
#        1129       0.02303     47.24      2.00     7   7.7871
#        1130       0.00978      4.92      2.00     6   7.8096
#        1131       0.01186      4.02      2.00     6   7.8107
#        1132       0.01188      4.05      2.00     6   7.8109
#        1133       0.00977      4.74      2.00     6   7.8274
#        1134       0.00830      8.46      2.00     6   7.8592
#        1135       0.00831      8.48      2.00     6   7.8689
#        1136       0.00883     10.28      2.00     6   7.8767
#        1139       0.00876     10.05      2.00     6   7.8903
#        1140       0.00979      8.35      2.00     7   7.8943
#        1141       0.01089     21.11      2.00     7   7.9182
#        1142       0.00980      7.73      2.00     7   7.9218
#        1143       0.01089     21.02      2.00     7   7.9229
#        1144       0.00881     24.18      2.00     7   7.9536
#        1145       0.01249      4.48      2.00     7   7.9739
#        1146       0.01249      4.49      2.00     7   7.9743
#        1147       0.01043      6.33      2.00     7   8.0436
#        1151       0.01058      6.14      2.00     7   8.0575
#        1155       0.01063      5.47      2.00     7   8.0836
#        1157       0.01758      4.01      2.00     5   8.0865
#        1160       0.00794      5.28      2.00     7   8.0893
#        1161       0.01062      5.17      2.00     7   8.1020
#        1162       0.00802      5.08      2.00     7   8.1029
#        1167       0.01223      5.03      2.00     6   8.2262
#        1168       0.01265      4.82      2.00     6   8.2794
#        1170       0.01555     12.92      2.00     7   8.4585
#        1171       0.01519     12.11      2.00     7   8.4896
#        1172       0.01356      5.30      2.00     7   8.6235
#        1174       0.01297      4.88      2.00     7   8.6605
#        1177       0.01942      5.56      2.00     7   8.7822
#   796/1047 paths used
#  xsedge+50, used to normalize mu           1.0000E+00
#  -----------------------------------------------------------------------
#  omega    e    k    mu    mu0     chi     @#
    9726.095   -204.595  -7.200 -2.74356E-06 -2.67477E-06  9.69120E-06
    9728.828   -201.861  -7.150 -6.03092E-06 -5.94779E-06  9.98048E-06
    9731.543   -199.147  -7.100 -9.31828E-06 -9.22080E-06  1.01863E-05
    9734.239   -196.451  -7.050 -1.26056E-05 -1.24938E-05  1.03420E-05
    9736.915   -193.775  -7.000 -1.58930E-05 -1.57668E-05  1.05177E-05
    9739.573   -191.117  -6.950 -1.91804E-05 -1.90398E-05  1.07735E-05
    9742.211   -188.479  -6.900 -2.24677E-05 -2.23129E-05  1.11181E-05
    9744.830   -185.859  -6.850 -2.56888E-05 -2.55036E-05  1.15633E-05
    9747.431   -183.259  -6.800 -2.88347E-05 -2.86012E-05  1.20512E-05
    9750.012   -180.678  -6.750 -3.19806E-05 -3.16987E-05  1.24678E-05
    9752.574   -178.116  -6.700 -3.51265E-05 -3.47963E-05  1.28135E-05
    9755.117   -175.572  -6.650 -3.82724E-05 -3.78939E-05  1.31371E-05
    9757.641   -173.048  -6.600 -4.14183E-05 -4.09914E-05  1.35067E-05
    9760.146   -170.543  -6.550 -4.45642E-05 -4.40890E-05  1.39685E-05
    9762.632   -168.057  -6.500 -4.77101E-05 -4.71866E-05  1.45172E-05
    9765.099   -165.590  -6.450 -5.08356E-05 -5.01689E-05  1.52252E-05
    9767.547   -163.142  -6.400 -5.39480E-05 -5.30767E-05  1.59896E-05
    9769.976   -160.714  -6.350 -5.70604E-05 -5.59844E-05  1.66879E-05
    9772.386   -158.304  -6.300 -6.01728E-05 -5.88922E-05  1.73208E-05
    9774.777   -155.913  -6.250 -6.32852E-05 -6.18000E-05  1.79331E-05
    9777.148   -153.541  -6.200 -6.63976E-05 -6.47077E-05  1.85909E-05
    9779.501   -151.189  -6.150 -6.95100E-05 -6.76155E-05  1.93457E-05
    9781.835   -148.855  -6.100 -7.26224E-05 -7.05232E-05  2.02053E-05
    9784.149   -146.540  -6.050 -7.59639E-05 -7.33829E-05  2.13093E-05
    9786.445   -144.245  -6.000 -8.00461E-05 -7.60870E-05  2.30225E-05
    9788.721   -141.968  -5.950 -8.41283E-05 -7.87912E-05  2.47201E-05
    9790.979   -139.711  -5.900 -8.82104E-05 -8.14953E-05  2.63782E-05
    9793.217   -137.473  -5.850 -9.22926E-05 -8.41995E-05  2.80169E-05
    9795.436   -135.253  -5.800 -9.63748E-05 -8.69036E-05  2.96934E-05
    9797.637   -133.053  -5.750 -1.00457E-04 -8.96078E-05  3.14760E-05
    9799.818   -130.872  -5.700 -1.04539E-04 -9.23119E-05  3.34110E-05
    9801.980   -128.710  -5.650 -1.08621E-04 -9.50161E-05  3.54986E-05
    9804.123   -126.567  -5.600 -1.27891E-04 -9.76665E-05  4.04754E-05
    9806.247   -124.442  -5.550 -1.94490E-04 -1.00150E-04  5.49161E-05
    9808.352   -122.337  -5.500 -2.61089E-04 -1.02633E-04  7.05045E-05
    9810.438   -120.251  -5.450 -3.27688E-04 -1.05116E-04  8.71650E-05
    9812.505   -118.185  -5.400 -3.94287E-04 -1.07599E-04  1.04877E-04
    9814.553   -116.137  -5.350 -4.60886E-04 -1.10083E-04  1.23675E-04
    9816.582   -114.108  -5.300 -5.27484E-04 -1.12566E-04  1.43625E-04
    9818.592   -112.098  -5.250 -5.94083E-04 -1.15049E-04  1.64770E-04
    9820.582   -110.107  -5.200 -6.60682E-04 -1.17532E-04  1.87091E-04
    9822.554   -108.136  -5.150 -7.27281E-04 -1.20015E-04  2.10485E-04
    9824.507   -106.183  -5.100 -7.49448E-04 -1.22386E-04  2.13367E-04
    9826.440   -104.250  -5.050 -7.20148E-04 -1.24625E-04  1.91134E-04
    9828.355   -102.335  -5.000 -6.90849E-04 -1.26864E-04  1.68206E-04
    9830.250   -100.440  -4.950 -6.61549E-04 -1.29104E-04  1.44631E-04
    9832.127    -98.563  -4.900 -6.32249E-04 -1.31343E-04  1.20495E-04
    9833.984    -96.706  -4.850 -6.02950E-04 -1.33583E-04  9.59156E-05
    9835.822    -94.867  -4.800 -5.73650E-04 -1.35822E-04  7.10232E-05
    9837.642    -93.048  -4.750 -5.44350E-04 -1.38061E-04  4.59468E-05
    9839.442    -91.248  -4.700 -5.15050E-04 -1.40301E-04  2.07935E-05
    9841.223    -89.467  -4.650 -4.85751E-04 -1.42540E-04 -4.36390E-06
    9842.985    -87.705  -4.600 -4.56451E-04 -1.44779E-04 -2.94898E-05
    9844.728    -85.962  -4.550 -4.37410E-04 -1.46840E-04 -3.73181E-05
    9846.452    -84.238  -4.500 -4.23992E-04 -1.48803E-04 -3.51854E-05
    9848.157    -82.533  -4.450 -4.10573E-04 -1.50766E-04 -3.25431E-05
    9849.843    -80.847  -4.400 -3.97154E-04 -1.52729E-04 -2.94900E-05
    9851.510    -79.180  -4.350 -3.83736E-04 -1.54692E-04 -2.60862E-05
    9853.158    -77.532  -4.300 -3.70317E-04 -1.56654E-04 -2.23256E-05
    9854.786    -75.903  -4.250 -3.56899E-04 -1.58617E-04 -1.81291E-05
    9856.396    -74.294  -4.200 -3.43480E-04 -1.60580E-04 -1.33597E-05
    9857.987    -72.703  -4.150 -3.30061E-04 -1.62543E-04 -7.85906E-06
    9859.558    -71.131  -4.100 -3.16643E-04 -1.64506E-04 -1.49480E-06
    9861.111    -69.579  -4.050 -3.03224E-04 -1.66469E-04  5.79523E-06
    9862.645    -68.045  -4.000 -2.89806E-04 -1.68431E-04  1.39757E-05
    9864.159    -66.531  -3.950 -2.81895E-04 -1.70273E-04  1.75555E-04
    9865.654    -65.035  -3.900 -2.83454E-04 -1.71906E-04  6.25222E-04
    9867.131    -63.559  -3.850 -2.85013E-04 -1.73539E-04  1.03157E-03
    9868.588    -62.102  -3.800 -2.86572E-04 -1.75172E-04  1.29034E-03
    9870.026    -60.663  -3.750 -2.88131E-04 -1.76805E-04  1.31647E-03
    9871.446    -59.244  -3.700 -2.89690E-04 -1.78438E-04  1.06679E-03
    9872.846    -57.844  -3.650 -2.91249E-04 -1.80071E-04  5.55204E-04
    9874.227    -56.463  -3.600 -2.92808E-04 -1.81705E-04 -1.43840E-04
    9875.589    -55.101  -3.550 -2.94367E-04 -1.83338E-04 -9.05332E-04
    9876.932    -53.758  -3.500 -2.95926E-04 -1.84971E-04 -1.57602E-03
    9878.256    -52.434  -3.450 -2.97485E-04 -1.86604E-04 -2.00508E-03
    9879.561    -51.129  -3.400 -2.99044E-04 -1.88237E-04 -2.07703E-03
    9880.847    -49.843  -3.350 -3.00603E-04 -1.89870E-04 -1.73986E-03
    9882.114    -48.576  -3.300 -3.02162E-04 -1.91503E-04 -1.02191E-03
    9883.361    -47.328  -3.250 -3.03721E-04 -1.93136E-04 -3.29768E-05
    9884.590    -46.100  -3.200 -3.06627E-04 -1.94408E-04  1.13394E-03
    9885.800    -44.890  -3.150 -3.09861E-04 -1.95593E-04  2.79877E-03
    9886.990    -43.699  -3.100 -3.13096E-04 -1.96777E-04  4.69415E-03
    9888.162    -42.528  -3.050 -3.16331E-04 -1.97961E-04  6.42036E-03
    9889.314    -41.375  -3.000 -3.19566E-04 -1.99145E-04  7.55869E-03
    9890.448    -40.242  -2.950 -3.22800E-04 -2.00329E-04  7.74489E-03
    9891.562    -39.127  -2.900 -3.26035E-04 -2.01513E-04  6.73564E-03
    9892.658    -38.032  -2.850 -3.29270E-04 -2.02698E-04  4.45840E-03
    9893.734    -36.956  -2.800 -3.32505E-04 -2.03882E-04  1.03802E-03
    9894.791    -35.898  -2.750 -3.35739E-04 -2.05066E-04 -3.20333E-03
    9895.829    -34.860  -2.700 -3.38974E-04 -2.06250E-04 -7.77376E-03
    9896.849    -33.841  -2.650 -3.42209E-04 -2.07434E-04 -1.20652E-02
    9897.849    -32.841  -2.600 -3.45444E-04 -2.08618E-04 -1.54288E-02
    9898.830    -31.860  -2.550 -3.48678E-04 -2.09803E-04 -1.72651E-02
    9899.792    -30.898  -2.500 -3.51913E-04 -2.10987E-04 -1.71175E-02
    9900.735    -29.955  -2.450 -3.55148E-04 -2.12171E-04 -1.47562E-02
    9901.659    -29.031  -2.400 -3.58383E-04 -2.13355E-04 -1.02374E-02
    9902.564    -28.126  -2.350 -3.61618E-04 -2.14539E-04 -3.92370E-03
    9903.449    -27.240  -2.300 -3.64852E-04 -2.15723E-04  3.53893E-03
    9904.316    -26.373  -2.250 -3.63219E-04 -2.16435E-04  1.36063E+00
    9905.164    -25.526  -2.200 -3.60540E-04 -2.17045E-04  2.72265E+00
    9905.993    -24.697  -2.150 -3.57860E-04 -2.17655E-04  2.39713E+00
    9906.802    -23.887  -2.100 -3.55180E-04 -2.18264E-04  2.08222E-02
    9907.593    -23.097  -2.050 -3.52501E-04 -2.18874E-04 -3.41308E+00
    9908.364    -22.325  -2.000 -3.49821E-04 -2.19484E-04 -6.21203E+00
    9909.117    -21.573  -1.950 -3.47141E-04 -2.20094E-04 -7.02672E+00
    9909.850    -20.839  -1.900 -3.44461E-04 -2.20704E-04 -5.56168E+00
    9910.565    -20.125  -1.850 -3.41782E-04 -2.21314E-04 -2.56143E+00
    9911.260    -19.430  -1.800 -3.39102E-04 -2.21923E-04  7.73578E-01
    9911.936    -18.753  -1.750 -3.36422E-04 -2.22533E-04  3.45110E+00
    9912.593    -18.096  -1.700 -3.33743E-04 -2.23143E-04  5.01783E+00
    9913.232    -17.458  -1.650 -3.31063E-04 -2.23753E-04  5.48455E+00
    9913.851    -16.839  -1.600 -3.24678E-04 -2.24212E-04  6.98610E+00
    9914.451    -16.239  -1.550 -3.11679E-04 -2.24396E-04 -2.15088E+01
    9915.032    -15.658  -1.500 -2.97385E-04 -2.24500E-04  5.94938E+00
    9915.594    -15.096  -1.450 -2.82462E-04 -2.24517E-04  8.72554E+00
    9916.137    -14.553  -1.400 -2.68128E-04 -2.24436E-04  5.85147E+00
    9916.661    -14.029  -1.350 -2.56489E-04 -2.24247E-04  4.15808E+00
    9917.165    -13.524  -1.300 -2.50917E-04 -2.23939E-04  2.87647E+00
    9917.651    -13.039  -1.250 -2.54989E-04 -2.23495E-04  8.35845E-01
    9918.118    -12.572  -1.200 -2.69418E-04 -2.22898E-04 -1.66772E+00
    9918.566    -12.124  -1.150 -2.92531E-04 -2.22125E-04 -3.79777E+00
    9918.994    -11.695  -1.100 -3.22087E-04 -2.21153E-04 -4.94650E+00
    9919.404    -11.286  -1.050 -3.56078E-04 -2.19949E-04 -3.78536E+00
    9919.794    -10.895  -1.000 -3.92465E-04 -2.18474E-04 -4.55636E-01
    9920.166    -10.524  -0.950 -4.29301E-04 -2.16684E-04  2.64891E+00
    9920.518    -10.172  -0.900 -4.64913E-04 -2.14528E-04  3.77524E+00
    9920.852     -9.838  -0.850 -4.97964E-04 -2.11932E-04  3.27592E+00
    9921.166     -9.524  -0.800 -5.27551E-04 -2.08825E-04  2.44115E+00
    9921.461     -9.229  -0.750 -5.53114E-04 -2.05113E-04  1.87931E+00
    9921.737     -8.952  -0.700 -5.74405E-04 -2.00696E-04  1.31822E+00
    9921.995     -8.695  -0.650 -5.91431E-04 -1.95471E-04  3.80694E-01
    9922.233     -8.457  -0.600 -6.04189E-04 -1.89309E-04 -9.05063E-01
    9922.452     -8.238  -0.550 -6.13015E-04 -1.82160E-04 -2.19342E+00
    9922.652     -8.038  -0.500 -6.18268E-04 -1.74021E-04 -3.16503E+00
    9922.833     -7.857  -0.450 -6.20373E-04 -1.65007E-04 -3.68766E+00
    9922.995     -7.695  -0.400 -6.19924E-04 -1.55373E-04 -3.79826E+00
    9923.138     -7.552  -0.350 -6.17497E-04 -1.45543E-04 -3.61913E+00
    9923.261     -7.428  -0.300 -6.13987E-04 -1.36050E-04 -3.28292E+00
    9923.366     -7.324  -0.250 -6.10095E-04 -1.27417E-04 -2.89584E+00
    9923.452     -7.238  -0.200 -6.06431E-04 -1.20135E-04 -2.53177E+00
    9923.519     -7.171  -0.150 -5.85595E-04 -9.66353E-05 -2.23152E+00
    9923.566     -7.124  -0.100 -5.09810E-04 -1.96359E-05 -2.08428E+00
    9923.595     -7.095  -0.050 -4.34026E-04  5.73635E-05 -1.93447E+00
    9923.604     -7.085   0.000 -3.59118E-04  1.33485E-04 -1.78268E+00
    9923.614     -7.076   0.050 -3.16590E-04  1.37038E-04 -1.63800E+00
    9923.642     -7.047   0.100 -2.73689E-04  1.40591E-04 -1.49263E+00
    9923.690     -7.000   0.150 -2.30550E-04  1.44144E-04 -1.34703E+00
    9923.757     -6.933   0.200 -1.42572E-04  1.50843E-04 -1.05030E+00
    9923.842     -6.847   0.250 -2.99230E-05  1.59173E-04 -6.73239E-01
    9923.947     -6.743   0.300  1.01878E-04  1.68777E-04 -2.36696E-01
    9924.071     -6.619   0.350  2.42019E-04  1.79275E-04  2.20486E-01
    9924.214     -6.476   0.400  3.76610E-04  1.90174E-04  6.50510E-01
    9924.376     -6.314   0.450  4.90315E-04  2.00968E-04  1.00240E+00
    9924.557     -6.133   0.500  5.66080E-04  2.11223E-04  1.22094E+00
    9924.757     -5.933   0.550  5.92201E-04  2.20652E-04  1.27025E+00
    9924.976     -5.714   0.600  5.64367E-04  2.29105E-04  1.13974E+00
    9925.214     -5.476   0.650  4.87915E-04  2.36537E-04  8.50582E-01
    9925.471     -5.219   0.700  3.77432E-04  2.42934E-04  4.53484E-01
    9925.747     -4.942   0.750  2.54139E-04  2.48378E-04  1.93780E-02
    9926.043     -4.647   0.800  1.41078E-04  2.52925E-04 -3.75868E-01
    9926.357     -4.333   0.850  5.75040E-05  2.56628E-04 -6.69466E-01
    9926.690     -3.999   0.900  1.50788E-05  2.59556E-04 -8.23492E-01
    9927.043     -3.647   0.950  1.61567E-05  2.61756E-04 -8.30000E-01
    9927.414     -3.275   1.000  5.52650E-05  2.63298E-04 -7.06352E-01
    9927.805     -2.885   1.050  1.20098E-04  2.64230E-04 -4.92325E-01
    9928.214     -2.475   1.100  1.95507E-04  2.64604E-04 -2.37738E-01
    9928.643     -2.047   1.150  2.67123E-04  2.64475E-04  9.18994E-03
    9929.091     -1.599   1.200  3.24100E-04  2.63907E-04  2.10816E-01
    9929.557     -1.132   1.250  3.60443E-04  2.62942E-04  3.45021E-01
    9930.043     -0.647   1.300  3.75223E-04  2.61638E-04  4.06428E-01
    9930.548     -0.142   1.350  3.71720E-04  2.60045E-04  4.04320E-01
    9931.072      0.382   1.400  3.55792E-04  2.58212E-04  3.57672E-01
    9931.615      0.925   1.450  3.34117E-04  2.56177E-04  2.89348E-01
    9932.177      1.487   1.500  3.12502E-04  2.53992E-04  2.20077E-01
    9932.758      2.068   1.550  2.94788E-04  2.51688E-04  1.64286E-01
    9933.358      2.668   1.600  2.82505E-04  2.49301E-04  1.28277E-01
    9933.977      3.287   1.650  2.75113E-04  2.46861E-04  1.10628E-01
    9934.615      3.925   1.700  2.70819E-04  2.44399E-04  1.04851E-01
    9935.272      4.583   1.750  2.67551E-04  2.41934E-04  1.03024E-01
    9935.949      5.259   1.800  2.63812E-04  2.39485E-04  9.91289E-02
    9936.644      5.954   1.850  2.59128E-04  2.37072E-04  9.10372E-02
    9937.358      6.669   1.900  2.53850E-04  2.34707E-04  8.00120E-02
    9938.092      7.402   1.950  2.48808E-04  2.32403E-04  6.94121E-02
    9938.844      8.155   2.000  2.44586E-04  2.30160E-04  6.17602E-02
    9939.616      8.926   2.050  2.41569E-04  2.27976E-04  5.88559E-02
    9940.406      9.717   2.100  2.39463E-04  2.25785E-04  5.99118E-02
    9941.216     10.526   2.150  2.37751E-04  2.23592E-04  6.27635E-02
    9942.045     11.355   2.200  2.36045E-04  2.21476E-04  6.53576E-02
    9942.892     12.203   2.250  2.34745E-04  2.20066E-04  6.66012E-02
    9943.759     13.069   2.300  2.33969E-04  2.19604E-04  6.57151E-02
    9944.645     13.955   2.350  2.33543E-04  2.19900E-04  6.26966E-02
    9945.550     14.860   2.400  2.33453E-04  2.20824E-04  5.81610E-02
    9946.474     15.784   2.450  2.33817E-04  2.22061E-04  5.41817E-02
    9947.417     16.727   2.500  2.33268E-04  2.22443E-04  4.99411E-02
    9948.379     17.689   2.550  2.31817E-04  2.22335E-04  4.38453E-02
    9949.360     18.670   2.600  2.29519E-04  2.21977E-04  3.49778E-02
    9950.360     19.670   2.650  2.26457E-04  2.21506E-04  2.30285E-02
    9951.379     20.689   2.700  2.22774E-04  2.20995E-04  8.29386E-03
    9952.417     21.728   2.750  2.18643E-04  2.20479E-04 -8.58537E-03
    9953.475     22.785   2.800  2.14292E-04  2.19995E-04 -2.67098E-02
    9954.551     23.861   2.850  2.09987E-04  2.19584E-04 -4.49902E-02
    9955.646     24.957   2.900  2.05980E-04  2.19267E-04 -6.23037E-02
    9956.761     26.071   2.950  2.02419E-04  2.19011E-04 -7.77756E-02
    9957.894     27.204   3.000  1.99443E-04  2.18807E-04 -9.06976E-02
    9959.047     28.357   3.050  1.97159E-04  2.18657E-04 -1.00582E-01
    9960.218     29.529   3.100  1.95635E-04  2.18560E-04 -1.07106E-01
    9961.409     30.719   3.150  1.94918E-04  2.18521E-04 -1.10084E-01
    9962.619     31.929   3.200  1.95026E-04  2.18523E-04 -1.09368E-01
    9963.847     33.158   3.250  1.95994E-04  2.18578E-04 -1.04893E-01
    9965.095     34.405   3.300  1.97817E-04  2.18683E-04 -9.66783E-02
    9966.362     35.672   3.350  2.00458E-04  2.18824E-04 -8.48759E-02
    9967.648     36.958   3.400  2.03837E-04  2.19005E-04 -6.99034E-02
    9968.953     38.263   3.450  2.07823E-04  2.19229E-04 -5.24164E-02
    9970.277     39.587   3.500  2.12206E-04  2.19481E-04 -3.33370E-02
    9971.620     40.930   3.550  2.16772E-04  2.19774E-04 -1.37128E-02
    9972.982     42.292   3.600  2.21269E-04  2.20085E-04  5.39274E-03
    9974.363     43.673   3.650  2.25500E-04  2.20421E-04  2.30579E-02
    9975.763     45.073   3.700  2.29307E-04  2.20779E-04  3.86049E-02
    9977.182     46.492   3.750  2.32603E-04  2.21152E-04  5.16745E-02
    9978.620     47.931   3.800  2.35358E-04  2.21538E-04  6.21788E-02
    9980.078     49.388   3.850  2.37578E-04  2.21925E-04  7.02208E-02
    9981.554     50.864   3.900  2.39309E-04  2.22325E-04  7.59722E-02
    9983.050     52.360   3.950  2.40567E-04  2.22718E-04  7.96209E-02
    9984.564     53.874   4.000  2.41375E-04  2.23110E-04  8.12658E-02
    9986.098     55.408   4.050  2.41727E-04  2.23492E-04  8.09316E-02
    9987.650     56.960   4.100  2.41602E-04  2.23863E-04  7.85432E-02
    9989.222     58.532   4.150  2.40969E-04  2.24218E-04  7.40112E-02
    9990.812     60.123   4.200  2.39810E-04  2.24553E-04  6.72719E-02
    9992.422     61.732   4.250  2.38124E-04  2.24869E-04  5.83380E-02
    9994.051     63.361   4.300  2.35933E-04  2.25153E-04  4.73694E-02
    9995.699     65.009   4.350  2.33320E-04  2.25421E-04  3.46608E-02
    9997.366     66.676   4.400  2.30364E-04  2.25649E-04  2.06603E-02
    9999.051     68.362   4.450  2.27209E-04  2.25854E-04  5.93443E-03
   10000.756     70.067   4.500  2.23992E-04  2.26023E-04 -8.87957E-03
   10002.480     71.791   4.550  2.20874E-04  2.26158E-04 -2.30949E-02
   10004.224     73.534   4.600  2.18006E-04  2.26262E-04 -3.60671E-02
   10005.986     75.296   4.650  2.15520E-04  2.26330E-04 -4.72095E-02
   10007.767     77.077   4.700  2.13532E-04  2.26371E-04 -5.60607E-02
   10009.567     78.877   4.750  2.12101E-04  2.26371E-04 -6.23091E-02
   10011.386     80.697   4.800  2.11276E-04  2.26344E-04 -6.58059E-02
   10013.225     82.535   4.850  2.11046E-04  2.26285E-04 -6.65739E-02
   10015.082     84.392   4.900  2.11370E-04  2.26195E-04 -6.47970E-02
   10016.958     86.269   4.950  2.12187E-04  2.26083E-04 -6.07731E-02
   10018.854     88.164   5.000  2.13400E-04  2.25941E-04 -5.48865E-02
   10020.768     90.079   5.050  2.14915E-04  2.25776E-04 -4.75663E-02
   10022.702     92.012   5.100  2.16641E-04  2.25588E-04 -3.92183E-02
   10024.655     93.965   5.150  2.18498E-04  2.25385E-04 -3.02204E-02
   10026.626     95.937   5.200  2.20411E-04  2.25167E-04 -2.08881E-02
   10028.617     97.927   5.250  2.22327E-04  2.24935E-04 -1.14679E-02
   10030.627     99.937   5.300  2.24204E-04  2.24695E-04 -2.15904E-03
   10032.656    101.966   5.350  2.26006E-04  2.24446E-04  6.87494E-03
   10034.703    104.014   5.400  2.27699E-04  2.24189E-04  1.54795E-02
   10036.770    106.081   5.450  2.29254E-04  2.23936E-04  2.34811E-02
   10038.856    108.167   5.500  2.30620E-04  2.23680E-04  3.06760E-02
   10040.961    110.272   5.550  2.31748E-04  2.23423E-04  3.68279E-02
   10043.085    112.396   5.600  2.32591E-04  2.23180E-04  4.16760E-02
   10045.228    114.539   5.650  2.33079E-04  2.22935E-04  4.49635E-02
   10047.391    116.701   5.700  2.33180E-04  2.22703E-04  4.64769E-02
   10049.572    118.882   5.750  2.32864E-04  2.22484E-04  4.60810E-02
   10051.772    121.082   5.800  2.32123E-04  2.22274E-04  4.37565E-02
   10053.991    123.302   5.850  2.30987E-04  2.22077E-04  3.96165E-02
   10056.230    125.540   5.900  2.29519E-04  2.21897E-04  3.39070E-02
   10058.487    127.798   5.950  2.27792E-04  2.21729E-04  2.69831E-02
   10060.764    130.074   6.000  2.25908E-04  2.21580E-04  1.92722E-02
   10063.059    132.370   6.050  2.23966E-04  2.21447E-04  1.12232E-02
   10065.374    134.684   6.100  2.22059E-04  2.21328E-04  3.25912E-03
   10067.707    137.018   6.150  2.20265E-04  2.21220E-04 -4.25825E-03
   10070.060    139.370   6.200  2.18652E-04  2.21131E-04 -1.10510E-02
   10072.432    141.742   6.250  2.17261E-04  2.21057E-04 -1.69254E-02
   10074.823    144.133   6.300  2.16118E-04  2.20998E-04 -2.17594E-02
   10077.232    146.543   6.350  2.15233E-04  2.20948E-04 -2.54843E-02
   10079.661    148.972   6.400  2.14614E-04  2.20908E-04 -2.80666E-02
   10082.109    151.419   6.450  2.14270E-04  2.20883E-04 -2.94949E-02
   10084.576    153.886   6.500  2.14187E-04  2.20864E-04 -2.97799E-02
   10087.062    156.372   6.550  2.14358E-04  2.20852E-04 -2.89609E-02
   10089.567    158.877   6.600  2.14769E-04  2.20848E-04 -2.71107E-02
   10092.091    161.402   6.650  2.15388E-04  2.20847E-04 -2.43454E-02
   10094.634    163.945   6.700  2.16177E-04  2.20846E-04 -2.08225E-02
   10097.197    166.507   6.750  2.17098E-04  2.20849E-04 -1.67307E-02
   10099.778    169.088   6.800  2.18094E-04  2.20846E-04 -1.22767E-02
   10102.378    171.689   6.850  2.19119E-04  2.20838E-04 -7.66613E-03
   10104.998    174.308   6.900  2.20139E-04  2.20831E-04 -3.08613E-03
   10107.636    176.946   6.950  2.21107E-04  2.20815E-04  1.30551E-03
   10110.294    179.604   7.000  2.21996E-04  2.20791E-04  5.38221E-03
   10112.970    182.280   7.050  2.22781E-04  2.20755E-04  9.04769E-03
   10115.666    184.976   7.100  2.23441E-04  2.20704E-04  1.22299E-02
   10118.380    187.690   7.150  2.23974E-04  2.20647E-04  1.48720E-02
   10121.114    190.424   7.200  2.24358E-04  2.20574E-04  1.69275E-02
   10123.867    193.177   7.250  2.24590E-04  2.20488E-04  1.83592E-02
   10126.638    195.949   7.300  2.24663E-04  2.20390E-04  1.91404E-02
   10129.429    198.739   7.350  2.24570E-04  2.20274E-04  1.92575E-02
   10132.239    201.549   7.400  2.24312E-04  2.20141E-04  1.87173E-02
   10135.068    204.378   7.450  2.23901E-04  2.19994E-04  1.75477E-02
   10137.916    207.226   7.500  2.23343E-04  2.19829E-04  1.58002E-02
   10140.783    210.093   7.550  2.22661E-04  2.19652E-04  1.35473E-02
   10143.669    212.979   7.600  2.21871E-04  2.19458E-04  1.08775E-02
   10146.574    215.884   7.650  2.21000E-04  2.19251E-04  7.89243E-03
   10149.498    218.809   7.700  2.20073E-04  2.19033E-04  4.69980E-03
   10152.441    221.752   7.750  2.19112E-04  2.18800E-04  1.41063E-03
   10155.404    224.714   7.800  2.18149E-04  2.18561E-04 -1.86343E-03
   10158.385    227.695   7.850  2.17203E-04  2.18307E-04 -5.01248E-03
   10161.385    230.696   7.900  2.16299E-04  2.18043E-04 -7.92852E-03
   10164.405    233.715   7.950  2.15467E-04  2.17775E-04 -1.05087E-02
   10167.443    236.754   8.000  2.14724E-04  2.17500E-04 -1.26564E-02
   10170.501    239.811   8.050  2.14093E-04  2.17221E-04 -1.42853E-02
   10173.577    242.888   8.100  2.13586E-04  2.16936E-04 -1.53265E-02
   10176.673    245.983   8.150  2.13217E-04  2.16651E-04 -1.57315E-02
   10179.788    249.098   8.200  2.12994E-04  2.16367E-04 -1.54783E-02
   10182.921    252.232   8.250  2.12912E-04  2.16083E-04 -1.45754E-02
   10186.074    255.384   8.300  2.12965E-04  2.15803E-04 -1.30622E-02
   10189.246    258.556   8.350  2.13134E-04  2.15522E-04 -1.10084E-02
   10192.437    261.747   8.400  2.13409E-04  2.15253E-04 -8.51198E-03
   10195.647    264.957   8.450  2.13751E-04  2.14982E-04 -5.69352E-03
   10198.876    268.186   8.500  2.14143E-04  2.14725E-04 -2.69110E-03
   10202.124    271.434   8.550  2.14546E-04  2.14471E-04  3.47171E-04
   10205.391    274.701   8.600  2.14930E-04  2.14225E-04  3.27059E-03
   10208.677    277.987   8.650  2.15266E-04  2.13989E-04  5.93440E-03
   10211.982    281.292   8.700  2.15528E-04  2.13764E-04  8.20850E-03
   10215.306    284.616   8.750  2.15691E-04  2.13547E-04  9.98750E-03
   10218.649    287.960   8.800  2.15736E-04  2.13335E-04  1.11971E-02
   10222.012    291.322   8.850  2.15664E-04  2.13137E-04  1.18009E-02
   10225.393    294.703   8.900  2.15469E-04  2.12944E-04  1.18025E-02
   10228.794    298.104   8.950  2.15169E-04  2.12765E-04  1.12438E-02
   10232.213    301.523   9.000  2.14768E-04  2.12590E-04  1.01997E-02
   10235.652    304.962   9.050  2.14296E-04  2.12425E-04  8.76834E-03
   10239.109    308.419   9.100  2.13772E-04  2.12267E-04  7.06078E-03
   10242.586    311.896   9.150  2.13217E-04  2.12112E-04  5.18942E-03
   10246.081    315.392   9.200  2.12660E-04  2.11966E-04  3.25872E-03
   10249.596    318.906   9.250  2.12115E-04  2.11826E-04  1.35815E-03
   10253.130    322.440   9.300  2.11590E-04  2.11684E-04 -4.40495E-04
   10256.683    325.993   9.350  2.11112E-04  2.11554E-04 -2.08330E-03
   10260.254    329.565   9.400  2.10670E-04  2.11419E-04 -3.53165E-03
   10263.845    333.156   9.450  2.10281E-04  2.11289E-04 -4.75859E-03
   10267.455    336.766   9.500  2.09938E-04  2.11154E-04 -5.74563E-03
   10271.084    340.395   9.550  2.09654E-04  2.11024E-04 -6.48008E-03
   10274.732    344.043   9.600  2.09418E-04  2.10888E-04 -6.95401E-03
   10278.400    347.710   9.650  2.09237E-04  2.10749E-04 -7.16367E-03
   10282.086    351.396   9.700  2.09103E-04  2.10603E-04 -7.11078E-03
   10285.791    355.101   9.750  2.09022E-04  2.10455E-04 -6.80307E-03
   10289.515    358.825   9.800  2.08987E-04  2.10304E-04 -6.25529E-03
   10293.258    362.569   9.850  2.08991E-04  2.10145E-04 -5.48965E-03
   10297.021    366.331   9.900  2.09025E-04  2.09978E-04 -4.53635E-03
   10300.802    370.113   9.950  2.09086E-04  2.09807E-04 -3.43248E-03
   10304.603    373.913  10.000  2.09160E-04  2.09626E-04 -2.22182E-03
   10308.422    377.733  10.050  2.09238E-04  2.09437E-04 -9.53161E-04
   10312.261    381.571  10.100  2.09307E-04  2.09240E-04  3.21317E-04
   10316.118    385.429  10.150  2.09356E-04  2.09032E-04  1.54852E-03
   10319.995    389.305  10.200  2.09380E-04  2.08821E-04  2.67720E-03
   10323.891    393.201  10.250  2.09363E-04  2.08600E-04  3.66101E-03
   10327.805    397.116  10.300  2.09300E-04  2.08372E-04  4.46096E-03
   10331.739    401.050  10.350  2.09185E-04  2.08135E-04  5.04791E-03
   10335.692    405.002  10.400  2.09018E-04  2.07896E-04  5.40392E-03
   10339.664    408.974  10.450  2.08794E-04  2.07648E-04  5.52281E-03
   10343.655    412.965  10.500  2.08518E-04  2.07397E-04  5.40914E-03
   10347.665    416.975  10.550  2.08193E-04  2.07142E-04  5.07746E-03
   10351.694    421.004  10.600  2.07830E-04  2.06890E-04  4.55032E-03
   10355.742    425.053  10.650  2.07428E-04  2.06632E-04  3.85681E-03
   10359.809    429.120  10.700  2.06998E-04  2.06373E-04  3.03080E-03
   10363.896    433.206  10.750  2.06549E-04  2.06114E-04  2.10965E-03
   10368.001    437.311  10.800  2.06089E-04  2.05856E-04  1.13311E-03
   10372.125    441.435  10.850  2.05626E-04  2.05597E-04  1.41965E-04
   10376.268    445.579  10.900  2.05171E-04  2.05339E-04 -8.22581E-04
   10380.431    449.741  10.950  2.04736E-04  2.05089E-04 -1.72098E-03
   10384.612    453.923  11.000  2.04325E-04  2.04840E-04 -2.51666E-03
   10388.813    458.123  11.050  2.03944E-04  2.04594E-04 -3.17807E-03
   10393.032    462.343  11.100  2.03603E-04  2.04355E-04 -3.68000E-03
   10397.271    466.581  11.150  2.03299E-04  2.04116E-04 -4.00537E-03
   10401.529    470.839  11.200  2.03036E-04  2.03881E-04 -4.14575E-03
   10405.805    475.116  11.250  2.02822E-04  2.03658E-04 -4.10154E-03
   10410.101    479.411  11.300  2.02643E-04  2.03433E-04 -3.88168E-03
   10414.416    483.726  11.350  2.02509E-04  2.03222E-04 -3.50234E-03
   10418.750    488.060  11.400  2.02401E-04  2.03008E-04 -2.98628E-03
   10423.103    492.413  11.450  2.02325E-04  2.02805E-04 -2.36076E-03
   10427.475    496.785  11.500  2.02263E-04  2.02600E-04 -1.65695E-03
   10431.866    501.176  11.550  2.02219E-04  2.02403E-04 -9.07887E-04
   10436.276    505.586  11.600  2.02182E-04  2.02212E-04 -1.47661E-04
   10440.705    510.015  11.650  2.02142E-04  2.02022E-04  5.89915E-04
   10445.153    514.463  11.700  2.02094E-04  2.01836E-04  1.27287E-03
   10449.620    518.931  11.750  2.02033E-04  2.01654E-04  1.87229E-03
   10454.106    523.417  11.800  2.01946E-04  2.01469E-04  2.36380E-03
   10458.612    527.922  11.850  2.01841E-04  2.01290E-04  2.72902E-03
   10463.136    532.446  11.900  2.01707E-04  2.01111E-04  2.95630E-03
   10467.680    536.990  11.950  2.01545E-04  2.00933E-04  3.04128E-03
   10472.242    541.552  12.000  2.01352E-04  2.00751E-04  2.98696E-03
   10476.823    546.134  12.050  2.01130E-04  2.00566E-04  2.80271E-03
   10481.424    550.734  12.100  2.00887E-04  2.00384E-04  2.50343E-03
   10486.044    555.354  12.150  2.00619E-04  2.00196E-04  2.10835E-03
   10490.682    559.993  12.200  2.00335E-04  2.00007E-04  1.63941E-03
   10495.340    564.650  12.250  2.00036E-04  1.99812E-04  1.12034E-03
   10500.017    569.327  12.300  1.99734E-04  1.99619E-04  5.75221E-04
   10504.713    574.023  12.350  1.99418E-04  1.99412E-04  2.78040E-05
   10509.427    578.738  12.400  1.99104E-04  1.99203E-04 -4.98933E-04
   10514.161    583.472  12.450  1.98795E-04  1.98992E-04 -9.84158E-04
   10518.914    588.225  12.500  1.98492E-04  1.98773E-04 -1.40903E-03
   10523.686    592.997  12.550  1.98201E-04  1.98551E-04 -1.75753E-03
   10528.477    597.788  12.600  1.97921E-04  1.98322E-04 -2.01711E-03
   10533.287    602.598  12.650  1.97651E-04  1.98084E-04 -2.17939E-03
   10538.117    607.427  12.700  1.97398E-04  1.97842E-04 -2.23998E-03
   10542.965    612.275  12.750  1.97158E-04  1.97594E-04 -2.19938E-03
   10547.832    617.142  12.800  1.96930E-04  1.97338E-04 -2.06237E-03
   10552.718    622.029  12.850  1.96720E-04  1.97084E-04 -1.83819E-03
   10557.624    626.934  12.900  1.96514E-04  1.96818E-04 -1.54014E-03
   10562.548    631.858  12.950  1.96316E-04  1.96550E-04 -1.18443E-03
   10567.492    636.802  13.000  1.96125E-04  1.96280E-04 -7.89794E-04
   10572.454    641.764  13.050  1.95934E-04  1.96008E-04 -3.76309E-04
   10577.436    646.746  13.100  1.95737E-04  1.95730E-04  3.58741E-05
   10582.436    651.747  13.150  1.95534E-04  1.95451E-04  4.27297E-04
   10587.456    656.766  13.200  1.95324E-04  1.95172E-04  7.80751E-04
   10592.495    661.805  13.250  1.95103E-04  1.94892E-04  1.08177E-03
   10597.552    666.863  13.300  1.94868E-04  1.94610E-04  1.31957E-03
   10602.629    671.939  13.350  1.94615E-04  1.94325E-04  1.48730E-03
   10607.725    677.035  13.400  1.94353E-04  1.94046E-04  1.58211E-03
   10612.840    682.150  13.450  1.94078E-04  1.93766E-04  1.60491E-03
   10617.974    687.284  13.500  1.93792E-04  1.93490E-04  1.55985E-03
   10623.127    692.437  13.550  1.93500E-04  1.93218E-04  1.45340E-03
   10628.299    697.609  13.600  1.93198E-04  1.92948E-04  1.29385E-03
   10633.490    702.800  13.650  1.92890E-04  1.92679E-04  1.09055E-03
   10638.700    708.011  13.700  1.92577E-04  1.92413E-04  8.53387E-04
   10643.929    713.240  13.750  1.92267E-04  1.92153E-04  5.92422E-04
   10649.178    718.488  13.800  1.91955E-04  1.91894E-04  3.17663E-04
   10654.445    723.755  13.850  1.91645E-04  1.91638E-04  3.90536E-05
   10659.731    729.042  13.900  1.91344E-04  1.91388E-04 -2.33354E-04
   10665.037    734.347  13.950  1.91046E-04  1.91140E-04 -4.89960E-04
   10670.361    739.671  14.000  1.90761E-04  1.90899E-04 -7.21141E-04
   10675.705    745.015  14.050  1.90485E-04  1.90660E-04 -9.18002E-04
   10681.067    750.378  14.100  1.90217E-04  1.90422E-04 -1.07245E-03
   10686.449    755.759  14.150  1.89966E-04  1.90191E-04 -1.17773E-03
   10691.849    761.160  14.200  1.89722E-04  1.89956E-04 -1.22908E-03
   10697.269    766.579  14.250  1.89494E-04  1.89727E-04 -1.22405E-03
   10702.708    772.018  14.300  1.89283E-04  1.89504E-04 -1.16288E-03
   10708.166    777.476  14.350  1.89078E-04  1.89277E-04 -1.04880E-03
   10713.643    782.953  14.400  1.88887E-04  1.89055E-04 -8.87878E-04
   10719.138    788.449  14.450  1.88699E-04  1.88829E-04 -6.88707E-04
   10724.653    793.964  14.500  1.88519E-04  1.88607E-04 -4.62008E-04
   10730.187    799.498  14.550  1.88339E-04  1.88380E-04 -2.20052E-04
   10735.740    805.051  14.600  1.88156E-04  1.88152E-04  2.45640E-05
   10741.313    810.623  14.650  1.87972E-04  1.87923E-04  2.59006E-04
   10746.904    816.214  14.700  1.87782E-04  1.87693E-04  4.71984E-04
   10752.514    821.824  14.750  1.87584E-04  1.87461E-04  6.53796E-04
   10758.143    827.454  14.800  1.87372E-04  1.87223E-04  7.97083E-04
   10763.792    833.102  14.850  1.87152E-04  1.86983E-04  8.97233E-04
   10769.459    838.769  14.900  1.86922E-04  1.86744E-04  9.52036E-04
   10775.145    844.456  14.950  1.86681E-04  1.86501E-04  9.62055E-04
   10780.851    850.161  15.000  1.86425E-04  1.86252E-04  9.29683E-04
   10786.575    855.886  15.050  1.86154E-04  1.85994E-04  8.58928E-04
   10792.319    861.629  15.100  1.85875E-04  1.85735E-04  7.55096E-04
   10798.081    867.392  15.150  1.85591E-04  1.85475E-04  6.23817E-04
   10803.863    873.173  15.200  1.85300E-04  1.85213E-04  4.71346E-04
   10809.664    878.974  15.250  1.84999E-04  1.84943E-04  3.04013E-04
   10815.483    884.794  15.300  1.84689E-04  1.84665E-04  1.28370E-04
   10821.322    890.633  15.350  1.84379E-04  1.84388E-04 -4.88040E-05
   10827.180    896.490  15.400  1.84067E-04  1.84107E-04 -2.20517E-04
   10833.057    902.367  15.450  1.83757E-04  1.83827E-04 -3.79527E-04
   10838.953    908.263  15.500  1.83449E-04  1.83544E-04 -5.18946E-04
   10844.868    914.178  15.550  1.83139E-04  1.83256E-04 -6.32166E-04
   10850.802    920.112  15.600  1.82835E-04  1.82966E-04 -7.13647E-04
   10856.755    926.065  15.650  1.82538E-04  1.82677E-04 -7.59407E-04
   10862.727    932.038  15.700  1.82246E-04  1.82387E-04 -7.67433E-04
   10868.718    938.029  15.750  1.81957E-04  1.82091E-04 -7.38231E-04
   10874.729    944.039  15.800  1.81677E-04  1.81799E-04 -6.74401E-04
   10880.758    950.068  15.850  1.81403E-04  1.81509E-04 -5.80943E-04
   10886.806    956.117  15.900  1.81135E-04  1.81220E-04 -4.64615E-04
   10892.874    962.184  15.950  1.80870E-04  1.80930E-04 -3.33199E-04
   10898.960    968.271  16.000  1.80608E-04  1.80643E-04 -1.94833E-04
   10905.066    974.376  16.050  1.80345E-04  1.80355E-04 -5.73557E-05
   10911.190    980.501  16.100  1.80087E-04  1.80074E-04  7.22915E-05
   10917.334    986.644  16.150  1.79829E-04  1.79795E-04  1.88892E-04
   10923.497    992.807  16.200  1.79567E-04  1.79515E-04  2.88473E-04
   10929.678    998.989  16.250  1.79303E-04  1.79237E-04  3.68954E-04
   10935.879   1005.189  16.300  1.79043E-04  1.78966E-04  4.29510E-04
   10942.099   1011.409  16.350  1.78775E-04  1.78690E-04  4.70356E-04
   10948.338   1017.648  16.400  1.78509E-04  1.78421E-04  4.92529E-04
   10954.596   1023.906  16.450  1.78249E-04  1.78160E-04  4.97131E-04
   10960.872   1030.183  16.500  1.77985E-04  1.77898E-04  4.85384E-04
   10967.168   1036.479  16.550  1.77714E-04  1.77633E-04  4.58279E-04
   10973.484   1042.794  16.600  1.77455E-04  1.77381E-04  4.16833E-04
   10979.818   1049.128  16.650  1.77187E-04  1.77123E-04  3.61980E-04
   10986.171   1055.481  16.700  1.76918E-04  1.76866E-04  2.94810E-04
   10992.543   1061.853  16.750  1.76653E-04  1.76614E-04  2.16922E-04
   10998.934   1068.245  16.800  1.76387E-04  1.76363E-04  1.30662E-04
   11005.345   1074.655  16.850  1.76115E-04  1.76108E-04  3.91144E-05
   11011.774   1081.084  16.900  1.75847E-04  1.75856E-04 -5.36794E-05
   11018.222   1087.533  16.950  1.75581E-04  1.75606E-04 -1.43218E-04
   11024.690   1094.000  17.000  1.75316E-04  1.75356E-04 -2.24958E-04
   11031.176   1100.486  17.050  1.75049E-04  1.75100E-04 -2.94241E-04
   11037.682   1106.992  17.100  1.74787E-04  1.74848E-04 -3.47371E-04
   11044.206   1113.517  17.150  1.74525E-04  1.74592E-04 -3.81551E-04
   11050.750   1120.060  17.200  1.74270E-04  1.74339E-04 -3.95649E-04
   11057.313   1126.623  17.250  1.74011E-04  1.74079E-04 -3.89598E-04
   11063.894   1133.205  17.300  1.73748E-04  1.73812E-04 -3.65071E-04
   11070.495   1139.806  17.350  1.73494E-04  1.73551E-04 -3.24737E-04
   11077.115   1146.425  17.400  1.73235E-04  1.73282E-04 -2.71987E-04
   11083.754   1153.064  17.450  1.72976E-04  1.73013E-04 -2.10639E-04
   11090.412   1159.722  17.500  1.72716E-04  1.72741E-04 -1.44476E-04
   11097.089   1166.399  17.550  1.72451E-04  1.72464E-04 -7.68606E-05
   11103.785   1173.095  17.600  1.72189E-04  1.72191E-04 -1.08214E-05
   11110.500   1179.810  17.650  1.71912E-04  1.71904E-04  5.12881E-05
   11117.234   1186.545  17.700  1.71641E-04  1.71623E-04  1.07624E-04
   11123.987   1193.298  17.750  1.71361E-04  1.71334E-04  1.56791E-04
   11130.760   1200.070  17.800  1.71079E-04  1.71045E-04  1.97719E-04
   11137.551   1206.861  17.850  1.70794E-04  1.70755E-04  2.29450E-04
   11144.361   1213.672  17.900  1.70506E-04  1.70463E-04  2.51236E-04
   11151.191   1220.501  17.950  1.70209E-04  1.70165E-04  2.62522E-04
   11158.039   1227.349  18.000  1.69918E-04  1.69873E-04  2.62761E-04
   11164.907   1234.217  18.050  1.69617E-04  1.69575E-04  2.51930E-04
   11171.793   1241.103  18.100  1.69314E-04  1.69275E-04  2.30267E-04
   11178.699   1248.009  18.150  1.69010E-04  1.68976E-04  1.98708E-04
   11185.623   1254.934  18.200  1.68703E-04  1.68677E-04  1.58646E-04
   11192.567   1261.877  18.250  1.68396E-04  1.68377E-04  1.12144E-04
   11199.530   1268.840  18.300  1.68089E-04  1.68078E-04  6.16306E-05
   11206.512   1275.822  18.350  1.67789E-04  1.67787E-04  1.00645E-05
   11213.513   1282.823  18.400  1.67482E-04  1.67489E-04 -3.97346E-05
   11220.532   1289.843  18.450  1.67176E-04  1.67190E-04 -8.49551E-05
   11227.571   1296.882  18.500  1.66878E-04  1.66899E-04 -1.23269E-04
   11234.629   1303.940  18.550  1.66578E-04  1.66604E-04 -1.53002E-04
   11241.706   1311.017  18.600  1.66285E-04  1.66314E-04 -1.73098E-04
   11248.802   1318.113  18.650  1.65995E-04  1.66025E-04 -1.83366E-04
   11255.918   1325.228  18.700  1.65713E-04  1.65744E-04 -1.84172E-04
   11263.052   1332.362  18.750  1.65427E-04  1.65456E-04 -1.76601E-04
   11270.205   1339.515  18.800  1.65149E-04  1.65176E-04 -1.61942E-04
   11277.377   1346.688  18.850  1.64873E-04  1.64897E-04 -1.41814E-04
   11284.569   1353.879  18.900  1.64598E-04  1.64618E-04 -1.17755E-04
   11291.779   1361.089  18.950  1.64326E-04  1.64341E-04 -9.12176E-05
   11299.009   1368.319  19.000  1.64059E-04  1.64069E-04 -6.33842E-05
   11306.257   1375.567  19.050  1.63793E-04  1.63799E-04 -3.53283E-05
   11313.525   1382.835  19.100  1.63522E-04  1.63524E-04 -7.86266E-06
   11320.811   1390.121  19.150  1.63257E-04  1.63254E-04  1.83870E-05
   11328.117   1397.427  19.200  1.62993E-04  1.62986E-04  4.27050E-05
   11335.442   1404.752  19.250  1.62733E-04  1.62723E-04  6.45218E-05
   11342.785   1412.096  19.300  1.62468E-04  1.62454E-04  8.32420E-05
   11350.148   1419.458  19.350  1.62203E-04  1.62187E-04  9.82014E-05
   11357.530   1426.840  19.400  1.61937E-04  1.61919E-04  1.08864E-04
   11364.931   1434.241  19.450  1.61669E-04  1.61651E-04  1.14777E-04
   11372.351   1441.661  19.500  1.61401E-04  1.61382E-04  1.15615E-04
   11379.790   1449.100  19.550  1.61137E-04  1.61119E-04  1.11361E-04
   11387.248   1456.558  19.600  1.60862E-04  1.60845E-04  1.02292E-04
   11394.725   1464.035  19.650  1.60591E-04  1.60577E-04  8.89569E-05
   11402.221   1471.531  19.700  1.60318E-04  1.60306E-04  7.21806E-05
   11409.736   1479.047  19.750  1.60040E-04  1.60031E-04  5.30812E-05
   11417.270   1486.581  19.800  1.59766E-04  1.59761E-04  3.27426E-05
   11424.824   1494.134  19.850  1.59486E-04  1.59484E-04  1.23734E-05
   11432.396   1501.706  19.900  1.59206E-04  1.59207E-04 -6.95657E-06
   11439.987   1509.298  19.950  1.58924E-04  1.58928E-04 -2.43349E-05
