# r  chir_mag  chir_re  chir_im
0.000000000000000000e+00 1.176355041196008519e-02 -1.176355041196008519e-02 0.000000000000000000e+00
3.067961575771282340e-02 1.416562423426536745e-02 -1.395132755947624606e-02 -2.454662761889067710e-03
6.135923151542564680e-02 1.939313593934860469e-02 -1.932030572586787218e-02 -1.679139130939294629e-03
9.203884727313846326e-02 2.514487288278207527e-02 -2.481744045988859212e-02 4.044660840064840876e-03
1.227184630308512936e-01 3.035059702228449716e-02 -2.689250475073799024e-02 1.406953900597454968e-02
1.533980787885641239e-01 3.445752932304556315e-02 -2.310296989015450317e-02 2.556509552697113288e-02
1.840776945462769265e-01 3.711801046218397154e-02 -1.326576123937949978e-02 3.466650082443532149e-02
2.147573103039897569e-01 3.810509750777982957e-02 3.505273959711468221e-04 3.810348522933410670e-02
2.454369260617025872e-01 3.729443144856844222e-02 1.389046563240004147e-02 3.461111933450122108e-02
2.761165418194154175e-01 3.466878142084304365e-02 2.347680144532730828e-02 2.551008034293246116e-02
3.067961575771282479e-01 3.033829662099480490e-02 2.681308374048467849e-02 1.419404037577817745e-02
3.374757733348410782e-01 2.459550629236332067e-02 2.413672791761989692e-02 4.728350157134313461e-03
3.681553890925538530e-01 1.810627249193673405e-02 1.810566223059099575e-02 1.486564630805421955e-04
3.988350048502666834e-01 1.270994922830157026e-02 1.265463925143410669e-02 1.184447044855488611e-03
4.295146206079795137e-01 1.277552494031026359e-02 1.130079088564542311e-02 5.958704797135270549e-03
4.601942363656923440e-01 1.899147868146535550e-02 1.562098735795848514e-02 1.080097294094630074e-02
4.908738521234051744e-01 2.725947664217990077e-02 2.455786574633328501e-02 1.183174952365972053e-02
5.215534678811180047e-01 3.548606893789721384e-02 3.485980207036906003e-02 6.637415783261319327e-03
5.522330836388308350e-01 4.272794511371152959e-02 4.246940090380157962e-02 -4.693322971256388455e-03
5.829126993965436654e-01 4.841426222943601143e-02 4.425580755570344971e-02 -1.963069751213988856e-02
6.135923151542564957e-01 5.220962160996327206e-02 3.932338098767111656e-02 -3.434408677420335010e-02
6.442719309119693261e-01 5.405162637693619598e-02 2.930176205629921732e-02 -4.542009527057301599e-02
6.749515466696821564e-01 5.427007668677608782e-02 1.746500218686578357e-02 -5.138302173093103192e-02
7.056311624273949867e-01 5.376947405507147976e-02 7.054396361821207648e-03 -5.330470741059675083e-02
7.363107781851077061e-01 5.417799610076055872e-02 -4.392011008496301996e-04 -5.417621585056525690e-02
7.669903939428205364e-01 5.760239752078906428e-02 -6.218580840292922511e-03 -5.726574414495762266e-02
7.976700097005333667e-01 6.564372119398825811e-02 -1.383923001665323706e-02 -6.416832430989784231e-02
8.283496254582461971e-01 7.846975604944443627e-02 -2.762849793012754282e-02 -7.344500470817781623e-02
8.590292412159590274e-01 9.506014196888064316e-02 -5.047968447603241177e-02 -8.054956267009745485e-02
8.897088569736718577e-01 1.139906300828894825e-01 -8.197001509549714515e-02 -7.921351129660973711e-02
9.203884727313846881e-01 1.338747221753036065e-01 -1.176847839197784351e-01 -6.381796668078502932e-02
9.510680884890975184e-01 1.534944997813181000e-01 -1.501640330755774910e-01 -3.180133068904393567e-02
9.817477042468103487e-01 1.718515478466203228e-01 -1.712008881039494279e-01 1.494022789980888055e-02
1.012427320004523068e+00 1.882354985060051555e-01 -1.746006916203449999e-01 7.033634468396449124e-02
1.043106935762236009e+00 2.023310272756586037e-01 -1.582385961468756874e-01 1.260888230093741846e-01
1.073786551519948729e+00 2.143595819095835964e-01 -1.244807317874667696e-01 1.745124000468397385e-01
1.104466167277661670e+00 2.252327622753014791e-01 -7.870388828722643670e-02 2.110343459502131425e-01
1.135145783035374389e+00 2.366547067012570726e-01 -2.650425876247462786e-02 2.351658446103723488e-01
1.165825398793087331e+00 2.510506527721976244e-01 2.913593216787291329e-02 2.493542213680283171e-01
1.196505014550800050e+00 2.711809943050229044e-01 8.927677488641200254e-02 2.560640332771116912e-01
1.227184630308512991e+00 2.994518090239006725e-01 1.580579367390386736e-01 2.543404697673666282e-01
1.257864246066225711e+00 3.372311399962449885e-01 2.393375151682035074e-01 2.375760838474212377e-01
1.288543861823938652e+00 3.845640812886503279e-01 3.320632570361823910e-01 1.939678477065360507e-01
1.319223477581651371e+00 4.403519329975691954e-01 4.263352216805465500e-01 1.102184360680866088e-01
1.349903093339364313e+00 5.027356578957706823e-01 5.022408130015086902e-01 -2.230039182339541709e-02
1.380582709097077032e+00 5.694383138886084383e-01 5.328052459064730462e-01 -2.009441794599786391e-01
1.411262324854789973e+00 6.379923049514665268e-01 4.909811407140967643e-01 -4.073962452457918770e-01
1.441941940612502693e+00 7.058787506731255545e-01 3.589726911592951430e-01 -6.077856675290277400e-01
1.472621556370215412e+00 7.706214227269506667e-01 1.369625095740067411e-01 -7.583525882707197185e-01
1.503301172127928353e+00 8.298622320050096368e-01 -1.519949929367769847e-01 -8.158240289612004315e-01
1.533980787885641073e+00 8.814299595722948633e-01 -4.633056109714086546e-01 -7.498444401834470918e-01
1.564660403643354014e+00 9.234050656219809916e-01 -7.389748914793689005e-01 -5.537084295722703997e-01
1.595340019401066733e+00 9.541793578724433456e-01 -9.209177075380658994e-01 -2.497375080613676301e-01
1.626019635158779675e+00 9.725078493187767625e-01 -9.659208629549692615e-01 1.129973605663418951e-01
1.656699250916492394e+00 9.775499350710711299e-01 -8.578853499120868698e-01 4.686540322707912209e-01
1.687378866674205335e+00 9.688973991040958911e-01 -6.135059368830434456e-01 7.499150854596411397e-01
1.718058482431918055e+00 9.465874159232858798e-01 -2.793628884827458747e-01 9.044247412155975718e-01
1.748738098189630996e+00 9.110994974132591295e-01 7.904757965438813372e-02 9.076639104522535861e-01
1.779417713947343715e+00 8.633361813759218295e-01 3.933540634100844979e-01 7.685193184764672614e-01
1.810097329705056657e+00 8.045881290242649087e-01 6.088708149293778904e-01 5.259642460224861482e-01
1.840776945462769376e+00 7.364851827363211312e-01 6.969903702752269226e-01 2.379387487017500524e-01
1.871456561220482318e+00 6.609358610669137102e-01 6.600518013049702093e-01 -3.417355758955777090e-02
1.902136176978195037e+00 5.800588548422183077e-01 5.276821477941920913e-01 -2.408730495098488911e-01
1.932815792735907978e+00 4.961116972719465945e-01 3.461996843855917327e-01 -3.553485538191598070e-01
1.963495408493620697e+00 4.114249868348982542e-01 1.646492606801632230e-01 -3.770426245792004027e-01
1.994175024251333417e+00 3.283587864832990810e-01 2.179437619302038512e-02 -3.276347018054435734e-01
2.024854640009046136e+00 2.493235628817470906e-01 -6.226496213257296658e-02 -2.414235148006045883e-01
2.055534255766759077e+00 1.770037789981469267e-01 -8.794604910366193851e-02 -1.536093429016644196e-01
2.086213871524472019e+00 1.153416191806090896e-01 -7.182651654045511813e-02 -9.024766277787130142e-02
2.116893487282184960e+00 7.345062775971694657e-02 -3.829790338431927899e-02 -6.267587506099814298e-02
2.147573103039897457e+00 6.823656648573910022e-02 -1.043008730328693137e-02 -6.743472610316218752e-02
2.178252718797610399e+00 9.084362249157927616e-02 -3.057459513359797165e-03 -9.079215653742746250e-02
2.208932334555323340e+00 1.173008634078800960e-01 -1.992210042137523493e-02 -1.155967234441996894e-01
2.239611950313036282e+00 1.391208712265470937e-01 -5.506000010481421070e-02 -1.277615482032499195e-01
2.270291566070748779e+00 1.545763890352142012e-01 -9.712698283591612858e-02 -1.202506101953646905e-01
2.300971181828461720e+00 1.639504327553091279e-01 -1.345460025061719356e-01 -9.368627226153421195e-02
2.331650797586174662e+00 1.683570027935132607e-01 -1.594334349109603755e-01 -5.408382588267585112e-02
2.362330413343887603e+00 1.693429040278637832e-01 -1.690921857769869252e-01 -9.211506595080872981e-03
2.393010029101600100e+00 1.686354858751912544e-01 -1.650356366788078011e-01 3.465783782036007538e-02
2.423689644859313042e+00 1.678722111790834914e-01 -1.505280634953728158e-01 7.431272694826779324e-02
2.454369260617025983e+00 1.682908358590667619e-01 -1.281028960771078695e-01 1.091396053263940097e-01
2.485048876374738480e+00 1.704647567418910437e-01 -9.831294239897489518e-02 1.392580290250006736e-01
2.515728492132451422e+00 1.742189848999097235e-01 -6.022862595476966008e-02 1.634771155702088585e-01
2.546408107890164363e+00 1.787815055255351782e-01 -1.329078992660673655e-02 1.782867959808122627e-01
2.577087723647877304e+00 1.830760595711071193e-01 4.054954495816753129e-02 1.785289276049377982e-01
2.607767339405589802e+00 1.860068890525484742e-01 9.562673329152147905e-02 1.595433817336190663e-01
2.638446955163302743e+00 1.866498969412272724e-01 1.430984485744258017e-01 1.198374651090516468e-01
2.669126570921015684e+00 1.843453490602730283e-01 1.732423104043727125e-01 6.301039284045839572e-02
2.699806186678728626e+00 1.787222516851111609e-01 1.787100688129304726e-01 -2.086756400223358735e-03
2.730485802436441123e+00 1.696841477945400245e-01 1.574479989274868708e-01 -6.326798279137241243e-02
2.761165418194154064e+00 1.573755218467800809e-01 1.140408844568479990e-01 -1.084515170426223057e-01
2.791845033951867006e+00 1.421393591883942098e-01 5.880975583354877689e-02 -1.294025117580246964e-01
2.822524649709579947e+00 1.244716496062679145e-01 4.858991890360447700e-03 -1.243767733683220494e-01
2.853204265467292444e+00 1.049767058186722862e-01 -3.592357844781347842e-02 -9.863876152934937525e-02
2.883883881225005386e+00 8.432736802445003899e-02 -5.648439408919380539e-02 -6.261484027215662163e-02
2.914563496982718327e+00 6.323824504208322428e-02 -5.653705490479012108e-02 -2.833084994657435532e-02
2.945243112740430824e+00 4.248266055199745317e-02 -4.213514087553447973e-02 -5.422762301180466225e-03
2.975922728498143766e+00 2.316374742257007457e-02 -2.309006074833913624e-02 1.846155273705369282e-03
3.006602344255856707e+00 1.025581661122989055e-02 -9.229361503337071837e-03 -4.472209812150881696e-03
3.037281960013569648e+00 1.867927970698952250e-02 -6.889823683479657200e-03 -1.736219513720869967e-02
3.067961575771282146e+00 3.261170463196164798e-02 -1.690402312270957927e-02 -2.788865864951573653e-02
3.098641191528995087e+00 4.507885584718777927e-02 -3.473551610862812833e-02 -2.873233657673478561e-02
3.129320807286708028e+00 5.523562274072515987e-02 -5.259086085673982114e-02 -1.688713634405626662e-02
3.160000423044420970e+00 6.284363580224107404e-02 -6.260843407650629189e-02 5.431992574781671114e-03
3.190680038802133467e+00 6.783693671026642946e-02 -5.986729258837730772e-02 3.190230807277609493e-02
3.221359654559846408e+00 7.024839791540024581e-02 -4.409446265328083314e-02 5.468560846327697594e-02
3.252039270317559350e+00 7.019083356454190736e-02 -1.950329577568251510e-02 6.742680898849853777e-02
3.282718886075272291e+00 6.785813710229290918e-02 7.061197833324246373e-03 6.748974926722012269e-02
3.313398501832984788e+00 6.354560034166294169e-02 2.885449136399180492e-02 5.661679654402637651e-02
3.344078117590697730e+00 5.770136278608650054e-02 4.173086553990094233e-02 3.984949345552935007e-02
3.374757733348410671e+00 5.103624147315329734e-02 4.544275324748071193e-02 2.323045675389517548e-02
3.405437349106123612e+00 4.472843862811661658e-02 4.328838216857384263e-02 1.125829433514212267e-02
3.436116964863836110e+00 4.064548183454274460e-02 4.032122132289864269e-02 5.123895450920907223e-03
3.466796580621549051e+00 4.096371655538195988e-02 4.089260851519078976e-02 2.412600848258913619e-03
3.497476196379261992e+00 4.656774124822328498e-02 4.653885724348676145e-02 -1.639905921641714647e-03
3.528155812136974490e+00 5.632952451503039915e-02 5.506639855997522842e-02 -1.186200159009298885e-02
3.558835427894687431e+00 6.849693766559600272e-02 6.120754883962852000e-02 -3.074843792144625262e-02
3.589515043652400372e+00 8.168744643468675570e-02 5.860867026851642597e-02 -5.690222029390536868e-02
3.620194659410113314e+00 9.493870828570021014e-02 4.240580938723930576e-02 -8.494177806692303212e-02
3.650874275167825811e+00 1.075557452297785793e-01 1.142553483274960820e-02 -1.069471621209214796e-01
3.681553890925538752e+00 1.190098230121242329e-01 -3.080944285493537188e-02 -1.149526694093947754e-01
3.712233506683251694e+00 1.288914052499225971e-01 -7.665446259789661376e-02 -1.036199194707631832e-01
3.742913122440964635e+00 1.368917623965323349e-01 -1.163209276801182579e-01 -7.217199176734252763e-02
3.773592738198677132e+00 1.427972900315078730e-01 -1.406023766120392260e-01 -2.494068426063847030e-02
3.804272353956390074e+00 1.464883616035263236e-01 -1.434591368895642982e-01 2.963639870474718899e-02
3.834951969714103015e+00 1.479386146127379953e-01 -1.236525239805173482e-01 8.121506637800525452e-02
3.865631585471815956e+00 1.472126097796582211e-01 -8.496718856551656318e-02 1.202170093847367144e-01
3.896311201229528454e+00 1.444608677694918519e-01 -3.503803332893139916e-02 1.401473458084572521e-01
3.926990816987241395e+00 1.399118673534479607e-01 1.676572226389287310e-02 1.389037119133208209e-01
3.957670432744954336e+00 1.338608876757843014e-01 6.169566149072532035e-02 1.187955495907602188e-01
3.988350048502666834e+00 1.266556739422561306e-01 9.351597025777957928e-02 8.541910236307326265e-02
4.019029664260379775e+00 1.186788351319987972e-01 1.094572321822604583e-01 4.586698410934471337e-02
4.049709280018092272e+00 1.103267031549731991e-01 1.101113698233183169e-01 6.889678125863467860e-03
4.080388895775805658e+00 1.019842697627425104e-01 9.849355474033801017e-02 -2.645394022923380078e-02
4.111068511533518155e+00 9.399617441861669864e-02 7.872042496474436490e-02 -5.136511947523401955e-02
4.141748127291231540e+00 8.663518811816772747e-02 5.479411123716287219e-02 -6.710634242752121226e-02
4.172427743048944038e+00 8.007268638593716126e-02 2.984891779609942855e-02 -7.430125982419373554e-02
4.203107358806656535e+00 7.435938427164505427e-02 5.981751864356756737e-03 -7.411839632568581471e-02
4.233786974564369920e+00 6.942601874411627461e-02 -1.545369412924613335e-02 -6.768423314493626775e-02
4.264466590322082418e+00 6.510906998560524184e-02 -3.336732352066924812e-02 -5.590896811297301622e-02
4.295146206079794915e+00 6.119663822473234843e-02 -4.657323655014640462e-02 -3.969838998313256900e-02
4.325825821837508300e+00 5.748096789265088463e-02 -5.375724156990913105e-02 -2.035241137237540215e-02
4.356505437595220798e+00 5.380336288924107702e-02 -5.380322314874694256e-02 1.226254358008601198e-04
4.387185053352934183e+00 5.008358974724230056e-02 -4.633370096288066259e-02 1.901457643631395203e-02
4.417864669110646680e+00 4.633313664660727860e-02 -3.221014877554863320e-02 3.330564317604758906e-02
4.448544284868359178e+00 4.265503010189248406e-02 -1.373510477237046591e-02 4.038314611177985097e-02
4.479223900626072563e+00 3.923131219528361302e-02 5.601026570731076383e-03 3.882942644332739585e-02
4.509903516383785060e+00 3.629424824862790416e-02 2.181996616833073444e-02 2.900278490672804008e-02
4.540583132141497558e+00 3.407345944558564516e-02 3.142487191451332623e-02 1.317110715719833555e-02
4.571262747899210943e+00 3.271923251967238239e-02 3.234995213001470860e-02 -4.901915325884754690e-03
4.601942363656923440e+00 3.223013223720036513e-02 2.458660674592381273e-02 -2.083939041211896673e-02
4.632621979414635938e+00 3.243475954856844118e-02 1.026994188676039373e-02 -3.076592141665865712e-02
4.663301595172349323e+00 3.304636658701119722e-02 -6.829305843988791105e-03 -3.233300057669239586e-02
4.693981210930061820e+00 3.374986686409520847e-02 -2.228020793359659912e-02 -2.535046050429559661e-02
4.724660826687775206e+00 3.426993795750797600e-02 -3.216256074975584051e-02 -1.183208914899270409e-02
4.755340442445487703e+00 3.440386506206220135e-02 -3.409982263462359858e-02 4.563773383483901019e-03
4.786020058203200200e+00 3.402945715802272592e-02 -2.786060691491549016e-02 1.953946101616591338e-02
4.816699673960913586e+00 3.310189599439410796e-02 -1.536320316904362174e-02 2.932076920563942216e-02
4.847379289718626083e+00 3.164787607037362199e-02 -9.293646627017026650e-05 3.164773961247413503e-02
4.878058905476338580e+00 2.976062034495673830e-02 1.388915190418250553e-02 2.632082792579283972e-02
4.908738521234051966e+00 2.759663790223123789e-02 2.305625450837779297e-02 1.516520858912842606e-02
4.939418136991764463e+00 2.537256348396806430e-02 2.533128379661211613e-02 1.446733895188077922e-03
4.970097752749476960e+00 2.335538969272189444e-02 2.056368012925296682e-02 -1.107290780421596628e-02
5.000777368507190346e+00 2.183073691853698942e-02 1.045962665836843060e-02 -1.916187059172257470e-02
5.031456984264902843e+00 2.103167013940503149e-02 -1.982203972518408776e-03 -2.093805187365991444e-02
5.062136600022616229e+00 2.104307773507491097e-02 -1.334196786801776675e-02 -1.627276909358658930e-02
5.092816215780328726e+00 2.175442982947947690e-02 -2.069728947498633911e-02 -6.699061545796265900e-03
5.123495831538041223e+00 2.291399078204392481e-02 -2.233681545142271810e-02 5.110542930910308944e-03
5.154175447295754608e+00 2.423278003194269739e-02 -1.809487017407820919e-02 1.611841497976074580e-02
5.184855063053467106e+00 2.545887320502047968e-02 -9.254123715435370184e-03 2.371740751281063708e-02
5.215534678811179603e+00 2.640398441972681420e-02 1.913136206679546484e-03 2.633458378429148414e-02
5.246214294568892988e+00 2.694280368808007683e-02 1.280412421571107753e-02 2.370588689847023464e-02
5.276893910326605486e+00 2.700353641996721538e-02 2.114930523695590300e-02 1.678981438785329475e-02
5.307573526084318871e+00 2.655760546624974516e-02 2.550903471796435451e-02 7.388880555176643820e-03
5.338253141842031368e+00 2.561063216427595518e-02 2.549939153407397227e-02 -2.384431010921201233e-03
5.368932757599743866e+00 2.419486911434538118e-02 2.172977152870335382e-02 -1.063995868275141067e-02
5.399612373357457251e+00 2.236293086754580217e-02 1.551208157328314886e-02 -1.610825882118990110e-02
5.430291989115169748e+00 2.018284005072824155e-02 8.449605105142256670e-03 -1.832897176822622515e-02
5.460971604872882246e+00 1.773475819632085518e-02 2.024868702784310328e-03 -1.761878415267223441e-02
5.491651220630595631e+00 1.511041332540236613e-02 -2.715563713725339078e-03 -1.486439721553469567e-02
5.522330836388308128e+00 1.241778066405733148e-02 -5.322847817789921193e-03 -1.121911617415940511e-02
5.553010452146020626e+00 9.797854886086740378e-03 -5.943845957902415926e-03 -7.789008640227644380e-03
5.583690067903734011e+00 7.471276810224668392e-03 -5.183518003974236545e-03 -5.380624339003406593e-03
5.614369683661446508e+00 5.835847191019628843e-03 -3.883821490958622689e-03 -4.355805673270977951e-03
5.645049299419159894e+00 5.434681344803726603e-03 -2.879502657367413905e-03 -4.609145882457143205e-03
5.675728915176872391e+00 6.305808469560173282e-03 -2.786515253554771622e-03 -5.656726367474691243e-03
5.706408530934584888e+00 7.825566120723818908e-03 -3.865268189190099180e-03 -6.804350588811215739e-03
5.737088146692298274e+00 9.477353311342631356e-03 -5.982033119539493203e-03 -7.350884677693544748e-03
5.767767762450010771e+00 1.100531453459263793e-02 -8.670353380644969105e-03 -6.778046935515739772e-03
5.798447378207723268e+00 1.228476573235666100e-02 -1.127278521636719370e-02 -4.882599979983792519e-03
5.829126993965436654e+00 1.325080234872022880e-02 -1.312513943672022863e-02 -1.820570693903679396e-03
5.859806609723149151e+00 1.387189062104681250e-02 -1.373478762439981141e-02 1.945496932642217913e-03
5.890486225480861648e+00 1.414072487650780072e-02 -1.290545651591982861e-02 5.780077174985557946e-03
5.921165841238575034e+00 1.407142863329220207e-02 -1.077490181563825825e-02 9.050226220663827245e-03
5.951845456996287531e+00 1.369913261415917939e-02 -7.756608124973370967e-03 1.129164579571626491e-02
5.982525072754000917e+00 1.308033494240995812e-02 -4.405598713289788498e-03 1.231608144594254807e-02
