# PATH  Rmax= 9.000,  Keep_limit= 0.00, Heap_limit 0.00  Pwcrit= 2.50%
 -----------------------------------------------------------------------
  pathindex     sig2   amp ratio    deg    nlegs  r effective
        1     0.00000     0.1000E+03     1.000     2   2.3519
        2     0.00000     0.9885E+02     1.000     2   2.3623
        3     0.00000     0.9764E+02     1.000     2   2.3733
        4     0.00000     0.9686E+02     1.000     2   2.3806
        5     0.00000     0.1301E+02     1.000     2   3.0192
        6     0.00000     0.1256E+02     1.000     2   3.0592
        7     0.00000     0.1159E+02     1.000     2   3.1531
        8     0.00000     0.3941E+02     1.000     2   3.2720
        9     0.00000     0.3932E+02     1.000     2   3.2747
       10     0.00000     0.1033E+02     1.000     2   3.2918
       11     0.00000     0.3703E+02     1.000     2   3.3476
       12     0.00000     0.3375E+02     1.000     2   3.4624
       13     0.00000     0.7819E+01     1.000     2   3.6481
       14     0.00000     0.1592E+02     2.000     3   3.6920
       15     0.00000     0.1484E+02     2.000     3   3.7136
       16     0.00000     0.4384E+02     2.000     3   3.7256
       17     0.00000     0.4349E+02     2.000     3   3.7313
       18     0.00000     0.7317E+01     1.000     2   3.7372
       19     0.00000     0.4216E+02     2.000     3   3.7755
       20     0.00000     0.7064E+01     1.000     2   3.7853
       21     0.00000     0.1333E+02     2.000     3   3.7965
       22     0.00000     0.4118E+02     2.000     3   3.8365
       23     0.00000     0.7800E+01     2.000     3   3.8901
       24     0.00000     0.7677E+01     2.000     3   3.9144
       25     0.00000     0.1147E+02     2.000     3   3.9225
       26     0.00000     0.7425E+01     2.000     3   3.9674
       27     0.00000     0.6183E+01     1.000     2   3.9714
       28     0.00000     0.9898E+01     2.000     3   4.0077
       29     0.00000     0.7066E+01     2.000     3   4.0434
       30     0.00000     0.8556E+01     1.000     4   4.1120
       31     0.00000     0.2080E+02     1.000     2   4.1163
       32     0.00000     0.2078E+02     1.000     2   4.1174
       33     0.00000     0.5567E+01     1.000     2   4.1229
       34     0.00000     0.2871E+01     2.000     4   4.1456
       35     0.00000     0.8199E+01     1.000     4   4.1525
       37     0.00000     0.1557E+02     1.000     4   4.1792
       38     0.00000     0.1544E+02     1.000     4   4.1880
       39     0.00000     0.1388E+02     1.000     4   4.2034
       40     0.00000     0.1142E+02     1.000     4   4.2105
       41     0.00000     0.6562E+01     2.000     3   4.2118
       42     0.00000     0.2995E+01     2.000     4   4.2244
       43     0.00000     0.5181E+01     1.000     2   4.2292
       44     0.00000     0.3674E+01     2.000     3   4.2330
       45     0.00000     0.1870E+02     2.000     3   4.2441
       46     0.00000     0.7563E+01     1.000     4   4.2455
       47     0.00000     0.9484E+01     2.000     3   4.2526
       48     0.00000     0.9269E+01     2.000     3   4.2528
       49     0.00000     0.9574E+01     2.000     3   4.2867
       50     0.00000     0.4956E+01     1.000     2   4.2962
       51     0.00000     0.4488E+01     2.000     4   4.2966
       52     0.00000     0.1831E+02     1.000     2   4.3024
       53     0.00000     0.1035E+02     2.000     3   4.3316
       54     0.00000     0.9826E+01     2.000     3   4.3314
       55     0.00000     0.1840E+02     2.000     3   4.3350
       56     0.00000     0.1027E+02     2.000     3   4.3376
       57     0.00000     0.1747E+02     1.000     4   4.3653
       58     0.00000     0.3558E+01     1.000     4   4.3673
       59     0.00000     0.6748E+01     1.000     4   4.3826
       60     0.00000     0.1610E+02     2.000     3   4.4259
       61     0.00000     0.7913E+01     2.000     3   4.4362
       62     0.00000     0.1811E+02     1.000     4   4.4409
       63     0.00000     0.4405E+01     2.000     4   4.4466
       64     0.00000     0.3420E+01     2.000     3   4.4499
       65     0.00000     0.1845E+02     2.000     3   4.4519
       66     0.00000     0.6424E+01     2.000     4   4.4643
       67     0.00000     0.9559E+01     2.000     3   4.4740
       68     0.00000     0.1639E+02     2.000     3   4.4915
       69     0.00000     0.8760E+01     2.000     3   4.4971
       70     0.00000     0.8650E+01     2.000     3   4.4967
       71     0.00000     0.9221E+01     2.000     3   4.5350
       72     0.00000     0.1455E+02     1.000     4   4.5557
       73     0.00000     0.1492E+02     2.000     4   4.5574
       74     0.00000     0.3123E+01     2.000     3   4.5702
       75     0.00000     0.4032E+01     2.000     4   4.5714
       76     0.00000     0.6448E+01     2.000     4   4.5710
       78     0.00000     0.1710E+02     2.000     4   4.6025
       79     0.00000     0.1486E+02     1.000     2   4.6210
       80     0.00000     0.1546E+02     2.000     3   4.6324
       81     0.00000     0.1582E+02     2.000     3   4.6419
       82     0.00000     0.6223E+01     2.000     3   4.6441
       83     0.00000     0.1476E+02     2.000     3   4.6562
       84     0.00000     0.3985E+01     2.000     4   4.6641
       85     0.00000     0.1663E+02     2.000     4   4.6647
       86     0.00000     0.2883E+01     2.000     3   4.6712
       87     0.00000     0.6190E+01     2.000     4   4.6761
       88     0.00000     0.3876E+01     1.000     2   4.6797
       89     0.00000     0.7581E+01     2.000     3   4.6836
       90     0.00000     0.1285E+02     2.000     4   4.6977
       91     0.00000     0.3819E+01     1.000     2   4.7039
       92     0.00000     0.8840E+01     1.000     4   4.7038
       93     0.00000     0.4061E+02     2.000     3   4.7048
       94     0.00000     0.5463E+01     2.000     3   4.7104
       95     0.00000     0.3070E+01     2.000     4   4.7142
       96     0.00000     0.8636E+01     1.000     4   4.7245
       97     0.00000     0.2856E+01     2.000     4   4.7252
       98     0.00000     0.3357E+01     2.000     4   4.7325
       99     0.00000     0.4428E+01     2.000     4   4.7356
      100     0.00000     0.4375E+01     2.000     4   4.7428
      101     0.00000     0.3720E+01     1.000     2   4.7464
      102     0.00000     0.8425E+01     1.000     4   4.7466
      103     0.00000     0.1521E+02     2.000     3   4.7477
      104     0.00000     0.2894E+01     1.000     4   4.7496
      105     0.00000     0.3875E+01     2.000     4   4.7539
      106     0.00000     0.8290E+01     1.000     4   4.7611
      107     0.00000     0.1337E+02     2.000     4   4.7629
      108     0.00000     0.3906E+01     1.000     4   4.7641
      109     0.00000     0.4726E+01     1.000     4   4.7738
      110     0.00000     0.3636E+01     2.000     4   4.7839
      111     0.00000     0.8703E+01     2.000     5   4.7853
      112     0.00000     0.7857E+01     1.000     4   4.7875
      113     0.00000     0.3891E+02     1.000     4   4.7887
      114     0.00000     0.1341E+02     2.000     4   4.8000
      115     0.00000     0.5247E+01     2.000     4   4.8009
      116     0.00000     0.3896E+01     2.000     5   4.8062
      117     0.00000     0.2674E+02     2.000     5   4.8189
      118     0.00000     0.4526E+01     2.000     5   4.8239
      119     0.00000     0.3535E+01     1.000     2   4.8301
      120     0.00000     0.4933E+01     1.000     4   4.8307
      121     0.00000     0.6592E+01     2.000     4   4.8327
      122     0.00000     0.6075E+01     2.000     4   4.8481
      123     0.00000     0.5449E+01     1.000     4   4.8655
      124     0.00000     0.2913E+02     2.000     5   4.8688
      125     0.00000     0.6432E+01     2.000     4   4.8719
      126     0.00000     0.4952E+01     2.000     3   4.8737
      127     0.00000     0.2091E+02     2.000     3   4.8809
      128     0.00000     0.3336E+01     2.000     4   4.8860
      129     0.00000     0.8292E+01     2.000     5   4.8898
      130     0.00000     0.8908E+01     2.000     4   4.9055
      131     0.00000     0.6781E+01     2.000     3   4.9150
      132     0.00000     0.6796E+01     2.000     4   4.9193
      133     0.00000     0.2681E+02     2.000     5   4.9297
      134     0.00000     0.5629E+01     2.000     4   4.9404
      135     0.00000     0.7703E+01     2.000     3   4.9450
      136     0.00000     0.3285E+01     1.000     2   4.9525
      137     0.00000     0.7986E+01     2.000     3   4.9566
      138     0.00000     0.3345E+02     2.000     4   4.9647
      139     0.00000     0.8242E+01     2.000     4   4.9680
      140     0.00000     0.3242E+01     1.000     2   4.9744
      141     0.00000     0.3226E+01     2.000     5   4.9774
      142     0.00000     0.6729E+01     2.000     4   4.9797
      143     0.00000     0.7044E+01     1.000     4   4.9814
      144     0.00000     0.1283E+02     2.000     4   4.9988
      145     0.00000     0.1089E+02     2.000     5   5.0110
      146     0.00000     0.8480E+01     2.000     4   5.0159
      147     0.00000     0.7013E+01     2.000     5   5.0158
      148     0.00000     0.5872E+01     2.000     4   5.0231
      149     0.00000     0.5128E+01     2.000     3   5.0237
      151     0.00000     0.6819E+01     2.000     4   5.0303
      152     0.00000     0.1350E+02     2.000     5   5.0304
      153     0.00000     0.1491E+02     2.000     5   5.0388
      154     0.00000     0.4577E+01     2.000     3   5.0402
      156     0.00000     0.5256E+01     2.000     3   5.0508
      157     0.00000     0.3339E+01     2.000     5   5.0514
      158     0.00000     0.4753E+01     2.000     3   5.0685
      159     0.00000     0.1071E+02     2.000     3   5.0822
      160     0.00000     0.5604E+01     2.000     4   5.0845
      161     0.00000     0.7821E+01     2.000     4   5.0872
      162     0.00000     0.4881E+01     2.000     3   5.0910
      163     0.00000     0.1096E+02     2.000     3   5.0935
      164     0.00000     0.4227E+01     2.000     3   5.0962
      165     0.00000     0.6226E+01     1.000     4   5.0993
      166     0.00000     0.6184E+01     1.000     4   5.1004
      167     0.00000     0.7426E+01     2.000     5   5.1003
      168     0.00000     0.5354E+01     2.000     4   5.1020
      169     0.00000     0.5437E+01     2.000     3   5.1097
      170     0.00000     0.6587E+01     2.000     3   5.1127
      171     0.00000     0.3377E+01     2.000     5   5.1248
      172     0.00000     0.2949E+01     1.000     2   5.1357
      173     0.00000     0.8886E+01     1.000     4   5.1408
      174     0.00000     0.7864E+01     2.000     4   5.1437
      175     0.00000     0.3058E+01     1.000     4   5.1485
      176     0.00000     0.2626E+02     2.000     4   5.1615
      177     0.00000     0.2884E+01     1.000     2   5.1745
      178     0.00000     0.6018E+01     1.000     4   5.1777
      179     0.00000     0.3178E+01     1.000     4   5.1931
      180     0.00000     0.5605E+01     2.000     3   5.1942
      181     0.00000     0.2921E+01     1.000     4   5.1950
      182     0.00000     0.3916E+01     2.000     3   5.2069
      183     0.00000     0.8773E+01     2.000     5   5.2075
      184     0.00000     0.4681E+01     1.000     4   5.2093
      185     0.00000     0.4313E+01     1.000     4   5.2104
      186     0.00000     0.9665E+01     1.000     4   5.2119
      187     0.00000     0.1025E+02     1.000     4   5.2126
      188     0.00000     0.5657E+01     2.000     4   5.2132
      189     0.00000     0.1701E+02     2.000     5   5.2276
      190     0.00000     0.4068E+01     2.000     3   5.2285
      191     0.00000     0.3242E+01     2.000     3   5.2302
      192     0.00000     0.8879E+01     2.000     3   5.2374
      194     0.00000     0.6012E+01     2.000     6   5.2389
      195     0.00000     0.1358E+02     2.000     5   5.2411
      196     0.00000     0.5171E+01     2.000     3   5.2431
      197     0.00000     0.5486E+02     2.000     5   5.2453
      199     0.00000     0.3240E+01     2.000     6   5.2628
      201     0.00000     0.4054E+01     1.000     6   5.2721
      202     0.00000     0.1111E+02     1.000     6   5.2725
      203     0.00000     0.6452E+01     2.000     4   5.2764
      204     0.00000     0.5862E+01     2.000     5   5.2760
      206     0.00000     0.3460E+01     1.000     6   5.2813
      207     0.00000     0.6330E+01     2.000     3   5.2860
      208     0.00000     0.9976E+01     2.000     3   5.2861
      209     0.00000     0.5719E+01     2.000     5   5.2863
      210     0.00000     0.1050E+02     2.000     4   5.2914
      211     0.00000     0.5916E+01     1.000     4   5.2924
      212     0.00000     0.6648E+01     2.000     4   5.2922
      213     0.00000     0.1032E+02     2.000     5   5.2934
      214     0.00000     0.3560E+01     1.000     6   5.2957
      216     0.00000     0.1270E+02     1.000     6   5.2966
      218     0.00000     0.4501E+01     1.000     6   5.3013
      219     0.00000     0.1293E+02     1.000     6   5.3038
      220     0.00000     0.5495E+01     2.000     4   5.3055
      221     0.00000     0.2730E+01     2.000     3   5.3088
      222     0.00000     0.8185E+01     2.000     4   5.3141
      223     0.00000     0.7284E+01     2.000     5   5.3145
      225     0.00000     0.6050E+01     2.000     6   5.3177
      226     0.00000     0.6041E+01     2.000     4   5.3191
      227     0.00000     0.5703E+01     2.000     4   5.3212
      228     0.00000     0.1033E+02     2.000     4   5.3240
      229     0.00000     0.3995E+01     2.000     3   5.3321
      230     0.00000     0.3840E+01     2.000     3   5.3343
      231     0.00000     0.1273E+02     2.000     5   5.3373
      233     0.00000     0.7426E+01     1.000     4   5.3390
      236     0.00000     0.1400E+02     2.000     5   5.3554
      237     0.00000     0.4836E+01     2.000     4   5.3615
      238     0.00000     0.3796E+01     2.000     4   5.3613
      239     0.00000     0.9873E+01     2.000     4   5.3622
      240     0.00000     0.3059E+01     2.000     4   5.3668
      241     0.00000     0.3598E+01     2.000     4   5.3848
      242     0.00000     0.9619E+01     2.000     4   5.3876
      244     0.00000     0.3646E+01     2.000     4   5.3883
      246     0.00000     0.5861E+01     2.000     6   5.3898
      247     0.00000     0.4585E+01     2.000     4   5.3925
      248     0.00000     0.5998E+01     2.000     4   5.3923
      249     0.00000     0.3485E+01     1.000     4   5.3953
      250     0.00000     0.3934E+01     2.000     4   5.3954
      251     0.00000     0.6251E+01     2.000     5   5.3971
      252     0.00000     0.9528E+01     1.000     4   5.3977
      253     0.00000     0.7368E+01     2.000     3   5.3995
      254     0.00000     0.5096E+01     2.000     3   5.4011
      255     0.00000     0.4777E+01     2.000     5   5.4037
      256     0.00000     0.4260E+01     2.000     4   5.4111
      257     0.00000     0.8332E+01     2.000     4   5.4178
      258     0.00000     0.2497E+02     2.000     5   5.4214
      259     0.00000     0.4412E+01     2.000     5   5.4216
      260     0.00000     0.6444E+01     2.000     4   5.4239
      261     0.00000     0.5409E+01     2.000     3   5.4251
      262     0.00000     0.1245E+02     2.000     5   5.4283
      263     0.00000     0.2954E+01     2.000     4   5.4289
      264     0.00000     0.2894E+01     1.000     4   5.4360
      265     0.00000     0.5685E+01     1.000     4   5.4367
      266     0.00000     0.3944E+01     1.000     4   5.4363
      267     0.00000     0.6218E+01     2.000     4   5.4378
      268     0.00000     0.7673E+01     2.000     5   5.4415
      270     0.00000     0.5574E+01     2.000     4   5.4522
      271     0.00000     0.2850E+01     2.000     4   5.4566
      272     0.00000     0.3393E+01     2.000     5   5.4582
      273     0.00000     0.1381E+02     1.000     6   5.4585
      274     0.00000     0.8679E+01     2.000     3   5.4600
      275     0.00000     0.6261E+01     2.000     5   5.4613
      277     0.00000     0.7941E+01     2.000     4   5.4676
      278     0.00000     0.8473E+01     2.000     3   5.4738
      280     0.00000     0.2694E+01     2.000     4   5.4901
      281     0.00000     0.7106E+01     2.000     3   5.5029
      282     0.00000     0.3597E+01     2.000     4   5.5081
      283     0.00000     0.8046E+01     2.000     4   5.5089
      284     0.00000     0.4357E+01     2.000     4   5.5111
      286     0.00000     0.9910E+01     2.000     4   5.5127
      287     0.00000     0.5399E+01     2.000     5   5.5194
      288     0.00000     0.1099E+02     2.000     5   5.5192
      289     0.00000     0.1526E+02     2.000     5   5.5216
      290     0.00000     0.8852E+01     2.000     4   5.5267
      291     0.00000     0.5178E+01     2.000     4   5.5299
      292     0.00000     0.5406E+01     2.000     5   5.5295
      293     0.00000     0.1424E+02     1.000     6   5.5341
      295     0.00000     0.7219E+01     2.000     3   5.5392
      296     0.00000     0.5232E+01     2.000     5   5.5393
      297     0.00000     0.9014E+01     2.000     5   5.5449
      298     0.00000     0.1437E+02     2.000     5   5.5451
      299     0.00000     0.1706E+02     2.000     5   5.5475
      300     0.00000     0.1195E+02     2.000     5   5.5530
      301     0.00000     0.1183E+02     2.000     5   5.5571
      302     0.00000     0.3256E+01     2.000     3   5.5639
      303     0.00000     0.3524E+01     2.000     5   5.5670
      304     0.00000     0.5366E+01     2.000     5   5.5693
      305     0.00000     0.3363E+01     2.000     4   5.5711
      307     0.00000     0.6513E+01     2.000     4   5.5753
      308     0.00000     0.1127E+02     2.000     4   5.5764
      309     0.00000     0.1460E+02     2.000     5   5.5847
      310     0.00000     0.7750E+01     2.000     5   5.5844
      311     0.00000     0.1677E+02     2.000     5   5.5867
      312     0.00000     0.5864E+01     2.000     5   5.5899
      313     0.00000     0.3591E+01     2.000     5   5.5901
      314     0.00000     0.5092E+01     2.000     5   5.5928
      315     0.00000     0.6842E+01     2.000     3   5.5960
      316     0.00000     0.5838E+01     2.000     4   5.5983
      317     0.00000     0.1183E+02     2.000     5   5.6056
      318     0.00000     0.1182E+02     2.000     5   5.6105
      319     0.00000     0.4885E+01     2.000     5   5.6120
      320     0.00000     0.7649E+01     2.000     5   5.6185
      321     0.00000     0.9848E+01     2.000     4   5.6217
      322     0.00000     0.4412E+01     2.000     4   5.6216
      323     0.00000     0.9130E+01     2.000     4   5.6231
      324     0.00000     0.4868E+01     2.000     4   5.6239
      325     0.00000     0.7534E+01     2.000     4   5.6256
      326     0.00000     0.7512E+01     2.000     4   5.6266
      327     0.00000     0.9984E+01     2.000     4   5.6265
      328     0.00000     0.4938E+01     2.000     5   5.6266
      329     0.00000     0.2685E+01     1.000     4   5.6278
      330     0.00000     0.6224E+01     2.000     5   5.6282
      331     0.00000     0.9073E+01     1.000     4   5.6317
      332     0.00000     0.5632E+01     2.000     4   5.6323
      333     0.00000     0.4806E+01     2.000     4   5.6370
      334     0.00000     0.3508E+01     2.000     4   5.6437
      335     0.00000     0.7250E+01     2.000     4   5.6453
      336     0.00000     0.4337E+01     2.000     4   5.6478
      337     0.00000     0.1152E+02     1.000     6   5.6489
      338     0.00000     0.1100E+02     2.000     5   5.6511
      339     0.00000     0.8055E+01     2.000     5   5.6510
      340     0.00000     0.1168E+02     2.000     6   5.6507
      341     0.00000     0.5570E+01     2.000     5   5.6568
      342     0.00000     0.7915E+01     2.000     5   5.6587
      343     0.00000     0.1131E+02     2.000     5   5.6591
      344     0.00000     0.9225E+01     2.000     5   5.6596
      345     0.00000     0.1532E+02     2.000     5   5.6602
      346     0.00000     0.9505E+01     2.000     6   5.6611
      347     0.00000     0.3971E+01     2.000     4   5.6665
      348     0.00000     0.1256E+02     2.000     5   5.6664
      349     0.00000     0.4174E+01     2.000     4   5.6710
      350     0.00000     0.3941E+01     2.000     5   5.6796
      351     0.00000     0.1336E+02     2.000     6   5.6842
      352     0.00000     0.5792E+01     2.000     4   5.6850
      353     0.00000     0.3997E+01     2.000     4   5.6864
      354     0.00000     0.6496E+01     1.000     6   5.6947
      355     0.00000     0.1327E+02     2.000     6   5.6957
      356     0.00000     0.5327E+01     2.000     5   5.6963
      357     0.00000     0.5188E+01     2.000     5   5.6977
      359     0.00000     0.4739E+01     2.000     5   5.7015
      360     0.00000     0.2166E+02     1.000     6   5.7019
      362     0.00000     0.5501E+01     2.000     5   5.7100
      363     0.00000     0.4557E+01     2.000     4   5.7129
      364     0.00000     0.2820E+01     1.000     4   5.7144
      365     0.00000     0.5543E+01     1.000     4   5.7161
      366     0.00000     0.4866E+01     2.000     5   5.7167
      368     0.00000     0.4553E+01     2.000     4   5.7209
      369     0.00000     0.3230E+01     2.000     5   5.7214
      370     0.00000     0.5666E+01     1.000     6   5.7213
      371     0.00000     0.9899E+01     2.000     5   5.7275
      372     0.00000     0.5538E+01     2.000     4   5.7282
      373     0.00000     0.1091E+02     2.000     5   5.7281
      374     0.00000     0.7716E+01     1.000     6   5.7295
      375     0.00000     0.5935E+01     2.000     4   5.7314
      376     0.00000     0.4668E+01     2.000     5   5.7318
      377     0.00000     0.6384E+01     2.000     4   5.7336
      378     0.00000     0.6757E+01     2.000     5   5.7348
      379     0.00000     0.1209E+02     2.000     5   5.7351
      380     0.00000     0.4430E+01     2.000     5   5.7356
      381     0.00000     0.8281E+01     2.000     5   5.7363
      382     0.00000     0.3852E+01     2.000     5   5.7372
      383     0.00000     0.1622E+02     2.000     5   5.7372
      384     0.00000     0.3680E+01     2.000     5   5.7413
      385     0.00000     0.8672E+01     2.000     4   5.7426
      386     0.00000     0.8567E+01     2.000     6   5.7424
      390     0.00000     0.1100E+02     2.000     5   5.7514
      391     0.00000     0.4728E+01     2.000     5   5.7525
      393     0.00000     0.1283E+02     2.000     6   5.7580
      394     0.00000     0.9626E+01     2.000     5   5.7595
      395     0.00000     0.5924E+01     2.000     5   5.7707
      396     0.00000     0.4309E+01     2.000     4   5.7752
      397     0.00000     0.4431E+01     2.000     4   5.7769
      398     0.00000     0.2895E+01     2.000     5   5.7765
      399     0.00000     0.7890E+01     2.000     5   5.7776
      400     0.00000     0.4726E+01     2.000     5   5.7789
      401     0.00000     0.4408E+01     2.000     4   5.7794
      402     0.00000     0.1029E+02     2.000     5   5.7866
      403     0.00000     0.7791E+01     2.000     5   5.7901
      405     0.00000     0.4552E+01     2.000     5   5.7974
      406     0.00000     0.4425E+01     2.000     5   5.7979
      407     0.00000     0.1006E+02     2.000     5   5.7982
      408     0.00000     0.7601E+01     2.000     4   5.7992
      409     0.00000     0.1638E+02     2.000     5   5.8000
      410     0.00000     0.3457E+01     2.000     5   5.8034
      412     0.00000     0.3268E+01     2.000     5   5.8105
      413     0.00000     0.5367E+01     2.000     4   5.8143
      414     0.00000     0.9244E+01     2.000     6   5.8155
      415     0.00000     0.3589E+01     2.000     5   5.8206
      417     0.00000     0.3174E+01     2.000     5   5.8265
      418     0.00000     0.3693E+01     2.000     5   5.8334
      419     0.00000     0.6911E+01     2.000     5   5.8352
      421     0.00000     0.1267E+02     2.000     5   5.8363
      422     0.00000     0.4240E+01     2.000     5   5.8376
      423     0.00000     0.5770E+01     2.000     5   5.8401
      424     0.00000     0.4261E+01     2.000     4   5.8430
      425     0.00000     0.1202E+02     2.000     5   5.8430
      426     0.00000     0.9290E+01     2.000     5   5.8427
      427     0.00000     0.4575E+01     2.000     5   5.8432
      428     0.00000     0.6465E+01     2.000     5   5.8442
      429     0.00000     0.2757E+01     2.000     5   5.8491
      430     0.00000     0.4321E+01     2.000     5   5.8506
      431     0.00000     0.8541E+01     2.000     5   5.8522
      432     0.00000     0.8497E+01     2.000     5   5.8529
      433     0.00000     0.5177E+01     2.000     4   5.8562
      434     0.00000     0.3997E+01     2.000     5   5.8693
      435     0.00000     0.7489E+01     2.000     5   5.8714
      436     0.00000     0.3597E+01     2.000     5   5.8752
      437     0.00000     0.7841E+01     2.000     7   5.8781
      438     0.00000     0.7787E+01     2.000     7   5.8785
      439     0.00000     0.3825E+01     1.000     6   5.8801
      440     0.00000     0.4824E+01     1.000     6   5.8805
      441     0.00000     0.2245E+02     2.000     6   5.8807
      442     0.00000     0.1258E+02     2.000     6   5.8812
      443     0.00000     0.8342E+01     1.000     6   5.8817
      444     0.00000     0.1050E+02     2.000     6   5.8820
      445     0.00000     0.9601E+01     1.000     6   5.8820
      446     0.00000     0.8205E+01     1.000     6   5.8831
      447     0.00000     0.1222E+02     1.000     6   5.8838
      448     0.00000     0.4642E+01     2.000     5   5.8844
      449     0.00000     0.8296E+01     2.000     5   5.8868
      450     0.00000     0.4723E+01     2.000     5   5.8896
      451     0.00000     0.4448E+01     2.000     5   5.8891
      453     0.00000     0.4094E+01     2.000     5   5.8917
      454     0.00000     0.1038E+02     2.000     6   5.8932
      455     0.00000     0.8521E+01     2.000     5   5.8933
      457     0.00000     0.7117E+01     2.000     5   5.8955
      458     0.00000     0.5251E+01     2.000     5   5.9010
      459     0.00000     0.2921E+01     2.000     7   5.9117
      460     0.00000     0.2328E+02     2.000     7   5.9121
      462     0.00000     0.4344E+01     2.000     4   5.9167
      463     0.00000     0.3459E+01     2.000     7   5.9165
      465     0.00000     0.3434E+01     2.000     6   5.9257
      466     0.00000     0.4802E+01     2.000     6   5.9253
      467     0.00000     0.9746E+01     2.000     6   5.9259
      468     0.00000     0.4474E+01     2.000     6   5.9284
      469     0.00000     0.5275E+01     2.000     5   5.9311
      470     0.00000     0.4234E+01     2.000     5   5.9396
      471     0.00000     0.3174E+01     2.000     6   5.9411
      472     0.00000     0.1000E+02     2.000     6   5.9413
      473     0.00000     0.4442E+01     2.000     6   5.9415
      474     0.00000     0.4389E+01     2.000     6   5.9433
      475     0.00000     0.8325E+01     2.000     5   5.9449
      476     0.00000     0.5136E+01     2.000     5   5.9517
      477     0.00000     0.6287E+01     2.000     5   5.9581
      478     0.00000     0.2085E+02     2.000     6   5.9588
      479     0.00000     0.3258E+01     1.000     6   5.9590
      480     0.00000     0.3899E+01     1.000     6   5.9585
      481     0.00000     0.4281E+01     2.000     6   5.9606
      482     0.00000     0.7570E+01     1.000     6   5.9608
      483     0.00000     0.3030E+01     2.000     7   5.9611
      484     0.00000     0.2523E+02     2.000     7   5.9620
      485     0.00000     0.7447E+01     2.000     6   5.9649
      486     0.00000     0.4827E+01     2.000     5   5.9655
      487     0.00000     0.2966E+01     2.000     5   5.9666
      488     0.00000     0.2227E+02     2.000     5   5.9673
      489     0.00000     0.2986E+01     2.000     6   5.9676
      490     0.00000     0.2814E+01     2.000     5   5.9712
      491     0.00000     0.6643E+01     2.000     5   5.9743
      492     0.00000     0.1253E+02     2.000     5   5.9760
      493     0.00000     0.1200E+02     2.000     6   5.9783
      494     0.00000     0.7471E+01     2.000     7   5.9821
      495     0.00000     0.7446E+01     2.000     7   5.9830
      496     0.00000     0.2946E+01     2.000     6   5.9985
      497     0.00000     0.7380E+01     2.000     5   5.9996
      498     0.00000     0.6729E+01     2.000     5   6.0005
      499     0.00000     0.1495E+02     2.000     6   6.0012
      500     0.00000     0.4868E+01     2.000     5   6.0019
      501     0.00000     0.3537E+01     2.000     5   6.0021
      502     0.00000     0.5293E+01     2.000     5   6.0047
      503     0.00000     0.5038E+01     2.000     4   6.0061
      504     0.00000     0.5551E+01     1.000     6   6.0066
      505     0.00000     0.3225E+01     2.000     5   6.0083
      506     0.00000     0.1892E+02     2.000     5   6.0094
      507     0.00000     0.6837E+01     2.000     5   6.0125
      509     0.00000     0.5516E+01     1.000     6   6.0137
      510     0.00000     0.2944E+01     2.000     5   6.0142
      511     0.00000     0.1466E+02     2.000     6   6.0146
      512     0.00000     0.3543E+01     2.000     7   6.0205
      513     0.00000     0.2304E+02     2.000     7   6.0229
      514     0.00000     0.3994E+01     2.000     5   6.0314
      515     0.00000     0.8376E+01     2.000     5   6.0330
      516     0.00000     0.6645E+01     2.000     6   6.0334
      517     0.00000     0.5321E+01     1.000     6   6.0335
      518     0.00000     0.2842E+01     2.000     6   6.0356
      519     0.00000     0.5412E+01     2.000     5   6.0380
      520     0.00000     0.3448E+01     2.000     5   6.0403
      521     0.00000     0.5760E+01     1.000     6   6.0405
      522     0.00000     0.2737E+01     2.000     5   6.0429
      523     0.00000     0.4171E+01     2.000     5   6.0465
      524     0.00000     0.5583E+01     2.000     5   6.0496
      525     0.00000     0.6183E+01     2.000     6   6.0494
      526     0.00000     0.3304E+01     2.000     5   6.0523
      527     0.00000     0.5753E+01     2.000     6   6.0578
      528     0.00000     0.3843E+01     2.000     6   6.0573
      529     0.00000     0.4865E+01     2.000     4   6.0584
      530     0.00000     0.1007E+02     2.000     6   6.0581
      531     0.00000     0.2090E+02     2.000     6   6.0599
      532     0.00000     0.3971E+01     2.000     5   6.0606
      533     0.00000     0.1005E+02     2.000     6   6.0612
      534     0.00000     0.1041E+02     2.000     6   6.0637
      536     0.00000     0.8296E+01     2.000     6   6.0671
      537     0.00000     0.4157E+01     2.000     5   6.0693
      538     0.00000     0.4153E+01     2.000     6   6.0711
      539     0.00000     0.4635E+01     2.000     6   6.0728
      540     0.00000     0.4026E+01     2.000     6   6.0730
      541     0.00000     0.9008E+01     2.000     6   6.0729
      542     0.00000     0.3700E+01     1.000     6   6.0743
      543     0.00000     0.1861E+02     2.000     6   6.0746
      544     0.00000     0.3180E+01     1.000     6   6.0747
      545     0.00000     0.6847E+01     2.000     6   6.0751
      546     0.00000     0.7545E+01     1.000     6   6.0767
      547     0.00000     0.4308E+01     2.000     6   6.0769
      548     0.00000     0.5214E+01     2.000     6   6.0769
      549     0.00000     0.8893E+01     2.000     5   6.0797
      552     0.00000     0.7959E+01     2.000     6   6.0853
      553     0.00000     0.4189E+01     2.000     6   6.0899
      554     0.00000     0.6436E+01     2.000     6   6.0922
      555     0.00000     0.9020E+01     2.000     6   6.0921
      557     0.00000     0.3223E+01     2.000     5   6.0966
      559     0.00000     0.3178E+01     2.000     5   6.0979
      560     0.00000     0.5758E+01     2.000     6   6.0981
      561     0.00000     0.7299E+01     2.000     6   6.0981
      563     0.00000     0.2729E+01     2.000     7   6.1039
      564     0.00000     0.9830E+01     2.000     7   6.1043
      565     0.00000     0.9617E+01     2.000     6   6.1047
      567     0.00000     0.4943E+01     2.000     6   6.1065
      568     0.00000     0.6373E+01     2.000     7   6.1066
      570     0.00000     0.6074E+01     2.000     6   6.1076
      572     0.00000     0.6320E+01     2.000     7   6.1090
      573     0.00000     0.2707E+01     2.000     6   6.1099
      575     0.00000     0.1569E+02     2.000     6   6.1112
      576     0.00000     0.7664E+01     2.000     6   6.1132
      577     0.00000     0.8387E+01     2.000     6   6.1132
      578     0.00000     0.6212E+01     2.000     6   6.1153
      579     0.00000     0.6089E+01     2.000     6   6.1153
      580     0.00000     0.6222E+01     2.000     6   6.1158
      581     0.00000     0.8237E+01     2.000     6   6.1158
      582     0.00000     0.2810E+01     2.000     6   6.1160
      583     0.00000     0.8434E+01     2.000     6   6.1163
      584     0.00000     0.4310E+01     2.000     6   6.1164
      585     0.00000     0.1268E+02     2.000     6   6.1169
      586     0.00000     0.1567E+02     2.000     6   6.1169
      587     0.00000     0.2978E+01     2.000     4   6.1178
      588     0.00000     0.4049E+01     2.000     6   6.1184
      589     0.00000     0.3913E+01     2.000     5   6.1189
      590     0.00000     0.4774E+01     2.000     5   6.1206
      591     0.00000     0.9002E+01     2.000     6   6.1204
      592     0.00000     0.2893E+01     2.000     7   6.1227
      593     0.00000     0.9967E+01     2.000     6   6.1235
      594     0.00000     0.1204E+02     2.000     7   6.1236
      595     0.00000     0.9694E+01     2.000     6   6.1255
      596     0.00000     0.5452E+01     2.000     6   6.1265
      597     0.00000     0.3495E+01     2.000     7   6.1296
      598     0.00000     0.1303E+02     2.000     7   6.1320
      599     0.00000     0.1015E+02     1.000     4   6.1350
      601     0.00000     0.9297E+01     2.000     6   6.1554
      602     0.00000     0.1913E+02     2.000     5   6.1608
      604     0.00000     0.7103E+01     2.000     6   6.1641
      605     0.00000     0.7407E+01     2.000     6   6.1641
      606     0.00000     0.5120E+01     2.000     4   6.1746
      608     0.00000     0.6195E+01     2.000     5   6.1766
      609     0.00000     0.3940E+01     2.000     6   6.1775
      610     0.00000     0.7213E+01     2.000     5   6.1779
      611     0.00000     0.3080E+01     2.000     7   6.1797
      613     0.00000     0.4349E+01     2.000     6   6.1801
      614     0.00000     0.1003E+02     2.000     6   6.1804
      616     0.00000     0.1128E+02     2.000     6   6.1825
      617     0.00000     0.9855E+01     2.000     6   6.1837
      618     0.00000     0.3630E+01     2.000     6   6.1845
      622     0.00000     0.7368E+01     2.000     5   6.1887
      623     0.00000     0.6704E+01     2.000     6   6.1926
      624     0.00000     0.5724E+01     2.000     6   6.1949
      626     0.00000     0.3345E+01     2.000     5   6.2027
      627     0.00000     0.4720E+01     2.000     4   6.2036
      628     0.00000     0.3187E+01     2.000     5   6.2080
      629     0.00000     0.7748E+01     2.000     6   6.2132
      630     0.00000     0.9434E+01     2.000     6   6.2167
      631     0.00000     0.3629E+01     2.000     5   6.2182
      633     0.00000     0.4237E+02     2.000     5   6.2188
      636     0.00000     0.3108E+01     2.000     6   6.2242
      638     0.00000     0.2800E+01     2.000     5   6.2248
      639     0.00000     0.7972E+01     2.000     6   6.2263
      640     0.00000     0.8694E+01     2.000     6   6.2263
      641     0.00000     0.3283E+01     2.000     5   6.2336
      642     0.00000     0.1022E+02     1.000     6   6.2359
      643     0.00000     0.6455E+01     2.000     5   6.2368
      644     0.00000     0.6136E+01     2.000     6   6.2371
      646     0.00000     0.2785E+01     1.000     6   6.2442
      647     0.00000     0.4839E+01     2.000     4   6.2500
      648     0.00000     0.3646E+01     2.000     6   6.2541
      650     0.00000     0.6229E+01     2.000     6   6.2548
      651     0.00000     0.1586E+02     2.000     6   6.2566
      653     0.00000     0.6509E+01     2.000     6   6.2710
      654     0.00000     0.4486E+01     2.000     5   6.2792
      655     0.00000     0.6948E+01     2.000     6   6.2808
      656     0.00000     0.2734E+01     2.000     5   6.2829
      657     0.00000     0.3968E+01     1.000     6   6.2884
      658     0.00000     0.2675E+01     1.000     6   6.2903
      659     0.00000     0.1039E+02     2.000     6   6.2930
      660     0.00000     0.4130E+01     2.000     6   6.2937
      661     0.00000     0.4733E+01     2.000     5   6.3001
      662     0.00000     0.9254E+01     2.000     7   6.3005
      663     0.00000     0.7725E+01     2.000     7   6.3003
      665     0.00000     0.5952E+01     2.000     7   6.3007
      666     0.00000     0.8643E+01     2.000     7   6.3007
      667     0.00000     0.4918E+02     1.000     6   6.3026
      668     0.00000     0.1506E+02     1.000     6   6.3029
      669     0.00000     0.3227E+01     2.000     3   6.3036
      670     0.00000     0.3336E+01     2.000     7   6.3032
      671     0.00000     0.4564E+01     2.000     6   6.3050
      672     0.00000     0.4513E+01     2.000     6   6.3056
      673     0.00000     0.4905E+01     2.000     3   6.3062
      674     0.00000     0.3629E+01     2.000     6   6.3061
      675     0.00000     0.7989E+01     1.000     6   6.3079
      676     0.00000     0.7550E+01     1.000     6   6.3076
      677     0.00000     0.3357E+01     2.000     6   6.3107
      679     0.00000     0.7596E+01     2.000     6   6.3189
      680     0.00000     0.3783E+01     2.000     7   6.3201
      681     0.00000     0.7434E+01     2.000     7   6.3201
      682     0.00000     0.1265E+02     2.000     7   6.3209
      683     0.00000     0.1462E+02     2.000     7   6.3209
      684     0.00000     0.3438E+01     2.000     7   6.3206
      685     0.00000     0.4188E+01     2.000     5   6.3215
      686     0.00000     0.3980E+01     2.000     7   6.3227
      688     0.00000     0.4931E+01     2.000     6   6.3258
      689     0.00000     0.3870E+01     2.000     6   6.3289
      690     0.00000     0.5817E+01     2.000     5   6.3307
      691     0.00000     0.3229E+01     2.000     3   6.3320
      692     0.00000     0.5470E+01     2.000     6   6.3321
      693     0.00000     0.9100E+01     2.000     7   6.3337
      694     0.00000     0.8501E+01     2.000     5   6.3338
      696     0.00000     0.1844E+02     2.000     7   6.3343
      697     0.00000     0.3038E+01     2.000     7   6.3341
      698     0.00000     0.1837E+02     2.000     7   6.3343
      699     0.00000     0.1520E+02     2.000     7   6.3368
      700     0.00000     0.3167E+01     2.000     7   6.3371
      701     0.00000     0.1034E+02     2.000     7   6.3379
      702     0.00000     0.1064E+02     2.000     7   6.3379
      703     0.00000     0.5587E+01     2.000     7   6.3386
      704     0.00000     0.1283E+02     2.000     7   6.3384
      705     0.00000     0.1057E+02     2.000     7   6.3387
      706     0.00000     0.2701E+02     2.000     7   6.3404
      708     0.00000     0.7503E+01     2.000     6   6.3481
      709     0.00000     0.3108E+01     2.000     5   6.3547
      710     0.00000     0.6834E+01     2.000     6   6.3660
      711     0.00000     0.3966E+01     2.000     6   6.3670
      713     0.00000     0.3052E+01     2.000     4   6.3741
      715     0.00000     0.3003E+01     2.000     6   6.3785
      716     0.00000     0.6691E+01     2.000     5   6.3814
      717     0.00000     0.1172E+02     1.000     6   6.3835
      718     0.00000     0.4643E+01     2.000     6   6.3845
      719     0.00000     0.5978E+01     2.000     6   6.3847
      721     0.00000     0.5332E+01     2.000     6   6.3852
      723     0.00000     0.5967E+01     2.000     6   6.3856
      724     0.00000     0.1777E+02     2.000     7   6.3867
      726     0.00000     0.1730E+02     2.000     7   6.3867
      727     0.00000     0.8751E+01     2.000     7   6.3869
      728     0.00000     0.1380E+02     2.000     7   6.3887
      729     0.00000     0.4173E+01     2.000     6   6.3917
      732     0.00000     0.1751E+02     2.000     5   6.3949
      734     0.00000     0.5868E+01     2.000     3   6.4053
      735     0.00000     0.6434E+01     2.000     7   6.4068
      736     0.00000     0.6172E+01     2.000     6   6.4071
      737     0.00000     0.3268E+01     2.000     6   6.4074
      738     0.00000     0.5170E+01     2.000     7   6.4077
      739     0.00000     0.7828E+01     2.000     7   6.4075
      740     0.00000     0.8111E+01     2.000     7   6.4077
      742     0.00000     0.3905E+01     2.000     6   6.4092
      743     0.00000     0.2999E+01     2.000     7   6.4097
      744     0.00000     0.2826E+01     2.000     6   6.4112
      747     0.00000     0.3249E+01     2.000     7   6.4127
      748     0.00000     0.4625E+01     2.000     6   6.4143
      751     0.00000     0.2958E+01     2.000     6   6.4169
      752     0.00000     0.8094E+01     2.000     6   6.4197
      753     0.00000     0.1564E+02     2.000     6   6.4209
      755     0.00000     0.1129E+02     2.000     7   6.4306
      757     0.00000     0.3224E+01     2.000     6   6.4322
      758     0.00000     0.5376E+01     1.000     6   6.4324
      759     0.00000     0.6143E+01     2.000     6   6.4326
      760     0.00000     0.2821E+01     2.000     6   6.4403
      761     0.00000     0.3853E+01     2.000     6   6.4434
      762     0.00000     0.3192E+01     2.000     7   6.4462
      763     0.00000     0.2927E+01     2.000     6   6.4486
      764     0.00000     0.9141E+01     2.000     7   6.4487
      765     0.00000     0.1808E+02     2.000     7   6.4486
      767     0.00000     0.1720E+02     2.000     7   6.4486
      768     0.00000     0.1578E+02     2.000     7   6.4507
      769     0.00000     0.2732E+01     2.000     6   6.4545
      770     0.00000     0.2711E+01     2.000     6   6.4554
      772     0.00000     0.2720E+01     2.000     6   6.4568
      773     0.00000     0.6302E+01     2.000     6   6.4571
      774     0.00000     0.7759E+01     2.000     6   6.4574
      775     0.00000     0.4987E+01     2.000     5   6.4583
      776     0.00000     0.4059E+01     2.000     5   6.4718
      778     0.00000     0.2981E+01     2.000     6   6.4720
      779     0.00000     0.3942E+02     2.000     6   6.4787
      780     0.00000     0.8393E+01     2.000     5   6.4802
      781     0.00000     0.7092E+01     2.000     6   6.4810
      782     0.00000     0.3599E+01     2.000     6   6.4821
      783     0.00000     0.1335E+02     2.000     6   6.4834
      785     0.00000     0.2906E+01     2.000     6   6.4876
      786     0.00000     0.3855E+01     2.000     4   6.4896
      788     0.00000     0.3869E+01     2.000     6   6.4906
      789     0.00000     0.3469E+01     2.000     6   6.4930
      790     0.00000     0.7406E+01     1.000     6   6.4930
      791     0.00000     0.2679E+01     2.000     6   6.4934
      792     0.00000     0.4910E+01     2.000     5   6.4946
      793     0.00000     0.5987E+01     2.000     6   6.4947
      794     0.00000     0.3935E+01     2.000     6   6.4965
      795     0.00000     0.5377E+01     2.000     4   6.4979
      797     0.00000     0.1314E+02     1.000     6   6.5003
      798     0.00000     0.5118E+01     2.000     5   6.5099
      800     0.00000     0.1562E+02     2.000     6   6.5127
      801     0.00000     0.5301E+01     2.000     7   6.5144
      802     0.00000     0.2805E+01     2.000     7   6.5140
      803     0.00000     0.3827E+01     2.000     7   6.5147
      804     0.00000     0.7135E+01     2.000     7   6.5148
      805     0.00000     0.2160E+02     2.000     7   6.5165
      806     0.00000     0.7535E+01     2.000     7   6.5173
      810     0.00000     0.1102E+02     2.000     7   6.5215
      812     0.00000     0.6809E+01     2.000     7   6.5265
      813     0.00000     0.5212E+01     2.000     5   6.5305
      815     0.00000     0.3356E+01     2.000     6   6.5307
      816     0.00000     0.6799E+01     2.000     7   6.5323
      817     0.00000     0.4196E+01     2.000     4   6.5333
      819     0.00000     0.7236E+01     2.000     7   6.5344
      820     0.00000     0.1531E+02     2.000     6   6.5348
      821     0.00000     0.4823E+01     2.000     7   6.5347
      822     0.00000     0.6914E+01     2.000     7   6.5347
      824     0.00000     0.2878E+01     2.000     7   6.5368
      826     0.00000     0.6578E+01     2.000     6   6.5420
      827     0.00000     0.3342E+01     2.000     6   6.5445
      828     0.00000     0.3325E+01     2.000     6   6.5452
      829     0.00000     0.3040E+01     2.000     6   6.5453
      831     0.00000     0.1103E+02     2.000     6   6.5482
      832     0.00000     0.6770E+01     2.000     7   6.5483
      833     0.00000     0.2784E+01     2.000     7   6.5521
      834     0.00000     0.6899E+01     2.000     7   6.5534
      837     0.00000     0.9768E+01     2.000     7   6.5545
      838     0.00000     0.1032E+02     2.000     7   6.5566
      839     0.00000     0.8404E+01     2.000     7   6.5577
      840     0.00000     0.3404E+01     2.000     5   6.5606
      842     0.00000     0.5001E+01     2.000     5   6.5670
      843     0.00000     0.6243E+01     2.000     7   6.5668
      844     0.00000     0.4691E+01     2.000     5   6.5708
      845     0.00000     0.1218E+02     2.000     7   6.5735
      847     0.00000     0.3440E+01     2.000     6   6.5853
      848     0.00000     0.8472E+01     2.000     7   6.5908
      851     0.00000     0.5574E+01     2.000     7   6.5920
      852     0.00000     0.4340E+01     2.000     3   6.5961
      853     0.00000     0.3715E+01     2.000     5   6.5962
      857     0.00000     0.7399E+01     2.000     7   6.6004
      859     0.00000     0.6475E+01     2.000     6   6.6023
      860     0.00000     0.3483E+01     2.000     6   6.6040
      861     0.00000     0.6703E+01     2.000     5   6.6050
      862     0.00000     0.1350E+02     2.000     6   6.6061
      865     0.00000     0.7722E+01     2.000     6   6.6081
      866     0.00000     0.4014E+01     2.000     7   6.6126
      867     0.00000     0.4852E+01     2.000     4   6.6143
      868     0.00000     0.1248E+02     2.000     6   6.6144
      869     0.00000     0.1335E+02     2.000     7   6.6142
      870     0.00000     0.6513E+01     2.000     6   6.6148
      871     0.00000     0.4866E+01     2.000     7   6.6150
      872     0.00000     0.9207E+01     2.000     7   6.6147
      873     0.00000     0.2871E+01     2.000     7   6.6150
      874     0.00000     0.3261E+01     2.000     7   6.6168
      876     0.00000     0.2700E+01     2.000     5   6.6174
      877     0.00000     0.6585E+01     2.000     6   6.6201
      878     0.00000     0.3485E+01     2.000     6   6.6218
      880     0.00000     0.2756E+01     2.000     6   6.6224
      882     0.00000     0.4911E+01     2.000     5   6.6344
      883     0.00000     0.2893E+01     2.000     7   6.6375
      884     0.00000     0.3829E+01     2.000     7   6.6381
      885     0.00000     0.7945E+01     2.000     7   6.6379
      886     0.00000     0.4203E+01     2.000     7   6.6402
      887     0.00000     0.5529E+01     2.000     7   6.6408
      888     0.00000     0.4556E+01     2.000     7   6.6406
      889     0.00000     0.4942E+01     2.000     7   6.6406
      891     0.00000     0.1490E+02     2.000     7   6.6432
      892     0.00000     0.8791E+01     2.000     7   6.6462
      893     0.00000     0.3818E+01     2.000     4   6.6467
      895     0.00000     0.7105E+01     1.000     6   6.6548
      896     0.00000     0.1003E+02     2.000     6   6.6577
      897     0.00000     0.2897E+01     2.000     6   6.6636
      898     0.00000     0.5228E+01     2.000     6   6.6687
      901     0.00000     0.3270E+01     2.000     6   6.6704
      902     0.00000     0.8654E+01     2.000     6   6.6715
      903     0.00000     0.4097E+01     2.000     6   6.6726
      904     0.00000     0.3284E+02     2.000     6   6.6754
      906     0.00000     0.3706E+01     2.000     7   6.6777
      907     0.00000     0.6836E+01     2.000     7   6.6774
      908     0.00000     0.4210E+01     2.000     7   6.6797
      909     0.00000     0.4597E+01     2.000     7   6.6797
      910     0.00000     0.3984E+01     2.000     7   6.6801
      911     0.00000     0.5620E+01     2.000     7   6.6799
      914     0.00000     0.1470E+02     2.000     7   6.6819
      915     0.00000     0.2839E+01     2.000     6   6.6842
      916     0.00000     0.3356E+01     2.000     6   6.6842
      917     0.00000     0.2923E+01     2.000     6   6.6850
      918     0.00000     0.4693E+01     2.000     5   6.6893
      919     0.00000     0.5648E+01     2.000     4   6.6958
      920     0.00000     0.5695E+01     2.000     6   6.6956
      921     0.00000     0.8888E+01     2.000     7   6.6988
      924     0.00000     0.4040E+01     2.000     7   6.7036
      925     0.00000     0.9786E+01     2.000     7   6.7039
      928     0.00000     0.5882E+01     2.000     7   6.7056
      929     0.00000     0.3193E+01     2.000     3   6.7070
      930     0.00000     0.2881E+01     2.000     7   6.7077
      931     0.00000     0.6476E+01     2.000     7   6.7115
      932     0.00000     0.2887E+01     2.000     7   6.7118
      933     0.00000     0.3999E+01     2.000     7   6.7136
      935     0.00000     0.2798E+01     2.000     6   6.7164
      936     0.00000     0.3585E+01     2.000     6   6.7172
      937     0.00000     0.7251E+01     2.000     6   6.7182
      939     0.00000     0.6712E+01     2.000     6   6.7198
      940     0.00000     0.3725E+01     2.000     7   6.7199
      941     0.00000     0.2826E+01     2.000     6   6.7213
      942     0.00000     0.1493E+02     2.000     7   6.7229
      943     0.00000     0.8668E+01     2.000     6   6.7274
      944     0.00000     0.8449E+01     2.000     6   6.7305
      945     0.00000     0.6481E+01     2.000     6   6.7386
      946     0.00000     0.2536E+02     2.000     7   6.7415
      947     0.00000     0.4389E+01     2.000     7   6.7441
      948     0.00000     0.5928E+01     2.000     7   6.7437
      949     0.00000     0.5208E+01     2.000     5   6.7442
      950     0.00000     0.9847E+01     2.000     7   6.7443
      951     0.00000     0.5146E+01     2.000     7   6.7443
      952     0.00000     0.5792E+01     2.000     7   6.7489
      955     0.00000     0.5072E+01     2.000     7   6.7499
      956     0.00000     0.3822E+01     2.000     7   6.7513
      958     0.00000     0.6973E+01     2.000     7   6.7517
      959     0.00000     0.3264E+01     2.000     7   6.7520
      960     0.00000     0.4112E+01     2.000     7   6.7522
      961     0.00000     0.3023E+01     2.000     7   6.7525
      962     0.00000     0.2762E+01     2.000     7   6.7526
      963     0.00000     0.1008E+02     2.000     7   6.7525
      964     0.00000     0.2754E+01     2.000     7   6.7522
      966     0.00000     0.3407E+01     2.000     7   6.7528
      967     0.00000     0.5160E+01     2.000     7   6.7536
      968     0.00000     0.4891E+01     2.000     7   6.7533
      969     0.00000     0.5081E+01     2.000     7   6.7543
      970     0.00000     0.3811E+01     2.000     7   6.7538
      971     0.00000     0.1342E+02     2.000     7   6.7554
      972     0.00000     0.8235E+01     2.000     7   6.7553
      973     0.00000     0.2338E+02     2.000     7   6.7565
      974     0.00000     0.3584E+01     2.000     7   6.7593
      975     0.00000     0.7997E+02     2.000     7   6.7592
      976     0.00000     0.8750E+01     2.000     7   6.7597
      977     0.00000     0.4178E+01     2.000     7   6.7649
      978     0.00000     0.5114E+01     2.000     7   6.7680
      979     0.00000     0.4726E+01     2.000     7   6.7689
      980     0.00000     0.4858E+01     2.000     4   6.7713
      982     0.00000     0.3285E+01     2.000     6   6.7801
      983     0.00000     0.4754E+01     2.000     4   6.7909
      984     0.00000     0.6088E+01     2.000     6   6.7905
      985     0.00000     0.9613E+01     2.000     6   6.7905
      987     0.00000     0.4314E+01     2.000     6   6.7975
      988     0.00000     0.6152E+01     2.000     5   6.8000
      989     0.00000     0.1208E+02     2.000     6   6.8054
      990     0.00000     0.7042E+01     2.000     6   6.8077
      991     0.00000     0.2682E+01     2.000     6   6.8095
      992     0.00000     0.6045E+01     2.000     6   6.8113
      993     0.00000     0.1802E+02     2.000     7   6.8113
      994     0.00000     0.3653E+01     2.000     6   6.8142
      995     0.00000     0.5482E+01     2.000     7   6.8209
      996     0.00000     0.5306E+01     2.000     7   6.8207
      997     0.00000     0.3506E+01     2.000     7   6.8211
      998     0.00000     0.5483E+01     2.000     6   6.8214
      999     0.00000     0.9324E+01     2.000     7   6.8238
     1002     0.00000     0.4804E+01     2.000     6   6.8268
     1003     0.00000     0.3069E+01     2.000     7   6.8271
     1004     0.00000     0.5364E+01     2.000     7   6.8276
     1005     0.00000     0.5946E+01     2.000     7   6.8277
     1006     0.00000     0.1055E+02     2.000     6   6.8280
     1008     0.00000     0.2986E+01     2.000     7   6.8280
     1011     0.00000     0.3158E+01     2.000     7   6.8295
     1013     0.00000     0.3868E+01     2.000     7   6.8305
     1014     0.00000     0.4893E+01     2.000     7   6.8304
     1015     0.00000     0.3750E+01     2.000     7   6.8301
     1016     0.00000     0.4265E+01     2.000     7   6.8301
     1017     0.00000     0.7409E+01     2.000     7   6.8315
     1018     0.00000     0.1231E+02     2.000     7   6.8324
     1019     0.00000     0.1415E+02     2.000     7   6.8325
     1021     0.00000     0.6062E+01     2.000     6   6.8358
     1022     0.00000     0.6328E+01     2.000     6   6.8370
     1023     0.00000     0.3189E+01     2.000     7   6.8374
     1025     0.00000     0.7761E+01     2.000     6   6.8394
     1027     0.00000     0.3230E+01     2.000     7   6.8444
     1028     0.00000     0.3266E+01     2.000     7   6.8457
     1029     0.00000     0.9394E+01     2.000     7   6.8467
     1030     0.00000     0.5412E+01     2.000     7   6.8522
     1033     0.00000     0.7843E+01     2.000     5   6.8551
     1035     0.00000     0.2687E+01     2.000     6   6.8603
     1036     0.00000     0.2982E+01     2.000     7   6.8605
     1037     0.00000     0.3807E+01     2.000     7   6.8687
     1038     0.00000     0.6546E+01     2.000     7   6.8733
     1039     0.00000     0.2377E+02     2.000     7   6.8743
     1040     0.00000     0.7050E+01     2.000     6   6.8801
     1041     0.00000     0.6297E+01     2.000     7   6.8817
     1042     0.00000     0.6491E+01     2.000     7   6.8853
     1044     0.00000     0.3936E+01     2.000     7   6.8897
     1045     0.00000     0.3825E+01     2.000     4   6.8902
     1047     0.00000     0.3326E+01     2.000     7   6.8913
     1048     0.00000     0.8596E+01     2.000     7   6.8916
     1050     0.00000     0.4725E+01     2.000     7   6.8930
     1051     0.00000     0.4214E+01     2.000     7   6.8933
     1052     0.00000     0.5130E+01     2.000     7   6.8933
     1053     0.00000     0.5677E+01     2.000     6   6.8943
     1054     0.00000     0.1394E+02     2.000     7   6.8951
     1055     0.00000     0.9579E+01     2.000     6   6.9016
     1056     0.00000     0.4855E+01     2.000     6   6.9076
     1057     0.00000     0.7859E+01     2.000     6   6.9166
     1058     0.00000     0.4421E+01     2.000     7   6.9303
     1059     0.00000     0.3178E+01     2.000     7   6.9299
     1060     0.00000     0.2699E+01     2.000     7   6.9317
     1061     0.00000     0.1053E+02     2.000     7   6.9314
     1063     0.00000     0.7020E+01     2.000     6   6.9332
     1065     0.00000     0.3136E+02     2.000     7   6.9353
     1066     0.00000     0.4912E+01     2.000     7   6.9358
     1067     0.00000     0.4969E+01     2.000     7   6.9360
     1068     0.00000     0.4272E+01     2.000     7   6.9359
     1069     0.00000     0.3316E+01     2.000     7   6.9359
     1070     0.00000     0.8301E+01     2.000     7   6.9370
     1072     0.00000     0.1035E+02     2.000     7   6.9384
     1073     0.00000     0.3227E+01     2.000     7   6.9387
     1076     0.00000     0.4808E+01     2.000     7   6.9433
     1078     0.00000     0.3900E+01     2.000     7   6.9441
     1079     0.00000     0.3685E+01     2.000     7   6.9449
     1081     0.00000     0.2908E+01     2.000     7   6.9455
     1084     0.00000     0.7613E+01     2.000     7   6.9476
     1085     0.00000     0.6220E+01     2.000     6   6.9496
     1086     0.00000     0.1014E+02     2.000     6   6.9507
     1087     0.00000     0.8597E+01     2.000     6   6.9502
     1088     0.00000     0.1234E+02     2.000     7   6.9604
     1089     0.00000     0.4210E+01     2.000     6   6.9665
     1091     0.00000     0.6199E+01     2.000     6   6.9711
     1093     0.00000     0.1065E+02     2.000     5   6.9740
     1094     0.00000     0.6593E+01     2.000     7   6.9761
     1096     0.00000     0.1085E+02     2.000     7   6.9802
     1097     0.00000     0.6944E+01     2.000     7   6.9821
     1098     0.00000     0.6047E+01     2.000     6   6.9872
     1099     0.00000     0.3646E+01     2.000     5   6.9892
     1100     0.00000     0.4669E+01     2.000     5   7.0208
     1101     0.00000     0.3260E+01     2.000     6   7.0230
     1102     0.00000     0.1039E+02     2.000     6   7.0228
     1103     0.00000     0.4107E+01     2.000     7   7.0244
     1104     0.00000     0.7121E+01     2.000     6   7.0317
     1105     0.00000     0.3924E+01     2.000     7   7.0348
     1106     0.00000     0.1993E+02     2.000     7   7.0356
     1108     0.00000     0.6974E+01     2.000     6   7.0406
     1109     0.00000     0.2827E+01     2.000     7   7.0451
     1110     0.00000     0.5182E+01     2.000     5   7.0519
     1111     0.00000     0.2679E+01     2.000     7   7.0524
     1112     0.00000     0.7356E+01     2.000     7   7.0533
     1113     0.00000     0.5427E+01     2.000     7   7.0534
     1114     0.00000     0.4490E+01     2.000     5   7.0567
     1115     0.00000     0.4675E+01     2.000     5   7.0567
     1116     0.00000     0.1195E+02     2.000     7   7.0605
     1117     0.00000     0.1074E+02     2.000     7   7.0603
     1118     0.00000     0.1610E+02     2.000     7   7.0630
     1119     0.00000     0.7805E+01     2.000     7   7.0684
     1120     0.00000     0.4132E+01     2.000     7   7.0694
     1121     0.00000     0.1082E+02     2.000     7   7.0712
     1122     0.00000     0.1642E+02     2.000     7   7.0710
     1123     0.00000     0.5870E+01     2.000     6   7.0811
     1124     0.00000     0.4456E+01     2.000     6   7.0834
     1125     0.00000     0.4515E+01     2.000     6   7.0834
     1126     0.00000     0.5637E+01     2.000     7   7.0872
     1127     0.00000     0.5319E+01     2.000     6   7.0888
     1128     0.00000     0.7424E+01     2.000     6   7.0893
     1129     0.00000     0.5310E+01     2.000     6   7.0893
     1130     0.00000     0.5974E+01     2.000     6   7.0893
     1131     0.00000     0.5790E+01     2.000     6   7.0904
     1132     0.00000     0.6864E+01     2.000     6   7.0904
     1133     0.00000     0.1052E+02     2.000     6   7.0904
     1136     0.00000     0.5889E+01     2.000     7   7.0956
     1137     0.00000     0.4181E+01     2.000     7   7.0979
     1138     0.00000     0.5343E+01     2.000     6   7.1018
     1139     0.00000     0.1135E+02     2.000     7   7.1026
     1140     0.00000     0.9170E+01     2.000     7   7.1024
     1141     0.00000     0.1482E+02     2.000     7   7.1046
     1142     0.00000     0.5439E+01     2.000     7   7.1082
     1143     0.00000     0.6689E+01     2.000     7   7.1235
     1144     0.00000     0.4209E+01     2.000     7   7.1235
     1145     0.00000     0.1640E+02     2.000     7   7.1245
     1146     0.00000     0.5699E+01     2.000     7   7.1274
     1147     0.00000     0.1015E+02     2.000     7   7.1324
     1148     0.00000     0.1302E+02     2.000     6   7.1357
     1149     0.00000     0.1029E+02     2.000     6   7.1370
     1150     0.00000     0.1377E+02     2.000     6   7.1406
     1151     0.00000     0.5662E+01     2.000     6   7.1420
     1152     0.00000     0.3232E+01     2.000     7   7.1446
     1154     0.00000     0.7073E+01     2.000     6   7.1509
     1155     0.00000     0.5370E+01     2.000     6   7.1536
     1156     0.00000     0.3452E+01     2.000     6   7.1608
     1157     0.00000     0.1101E+02     2.000     7   7.1650
     1158     0.00000     0.1459E+02     2.000     7   7.1650
     1159     0.00000     0.1339E+02     2.000     7   7.1665
     1160     0.00000     0.1131E+02     2.000     7   7.1672
     1161     0.00000     0.6462E+01     2.000     7   7.1723
     1162     0.00000     0.1274E+02     2.000     7   7.1726
     1163     0.00000     0.1053E+02     2.000     7   7.1726
     1164     0.00000     0.1347E+02     2.000     7   7.1731
     1165     0.00000     0.1542E+02     2.000     7   7.1731
     1166     0.00000     0.1542E+02     2.000     7   7.1742
     1167     0.00000     0.1877E+02     2.000     7   7.1742
     1168     0.00000     0.8542E+01     2.000     7   7.1750
     1169     0.00000     0.7781E+01     2.000     7   7.1854
     1170     0.00000     0.4882E+01     2.000     7   7.1854
     1171     0.00000     0.4163E+01     2.000     6   7.1923
     1172     0.00000     0.6629E+01     2.000     6   7.2128
     1173     0.00000     0.3413E+01     2.000     7   7.2139
     1174     0.00000     0.5519E+01     2.000     6   7.2283
     1175     0.00000     0.7364E+01     2.000     6   7.2301
     1176     0.00000     0.1189E+02     2.000     7   7.2454
     1177     0.00000     0.6173E+01     2.000     7   7.2471
     1178     0.00000     0.5811E+01     2.000     7   7.2507
     1179     0.00000     0.4781E+01     2.000     6   7.2515
     1180     0.00000     0.8455E+01     2.000     7   7.2537
     1181     0.00000     0.7120E+01     2.000     7   7.2542
     1182     0.00000     0.1477E+02     2.000     7   7.2561
     1183     0.00000     0.4793E+01     2.000     6   7.2615
     1184     0.00000     0.3299E+01     2.000     7   7.2714
     1185     0.00000     0.5470E+01     2.000     7   7.2717
     1186     0.00000     0.1021E+02     2.000     7   7.2750
     1187     0.00000     0.3524E+01     2.000     7   7.2912
     1188     0.00000     0.4976E+01     2.000     7   7.2978
     1189     0.00000     0.5230E+01     2.000     6   7.2989
     1190     0.00000     0.8534E+01     2.000     7   7.3006
     1191     0.00000     0.1146E+02     2.000     7   7.3114
     1192     0.00000     0.6303E+01     2.000     7   7.3119
     1193     0.00000     0.9410E+01     2.000     7   7.3119
     1194     0.00000     0.1406E+02     2.000     7   7.3122
     1195     0.00000     0.8021E+01     2.000     7   7.3121
     1196     0.00000     0.1007E+02     2.000     7   7.3122
     1197     0.00000     0.1139E+02     2.000     7   7.3139
     1198     0.00000     0.2015E+02     2.000     7   7.3139
     1199     0.00000     0.3871E+01     2.000     6   7.3270
     1200     0.00000     0.2695E+01     2.000     6   7.3333
     1201     0.00000     0.4030E+01     2.000     6   7.3427
     1202     0.00000     0.5835E+01     2.000     7   7.3474
     1203     0.00000     0.1288E+02     2.000     7   7.3503
     1204     0.00000     0.5600E+01     2.000     7   7.3503
     1205     0.00000     0.1124E+02     2.000     7   7.3616
     1206     0.00000     0.7661E+01     2.000     7   7.3712
     1207     0.00000     0.4521E+01     2.000     5   7.4018
     1208     0.00000     0.7884E+01     2.000     7   7.4168
     1209     0.00000     0.6496E+01     2.000     7   7.4289
     1210     0.00000     0.4055E+01     2.000     7   7.4466
     1211     0.00000     0.2962E+02     2.000     7   7.4827
     1212     0.00000     0.3860E+01     2.000     5   7.4834
     1213     0.00000     0.5135E+01     2.000     7   7.4859
     1214     0.00000     0.8932E+01     2.000     7   7.4900
     1215     0.00000     0.5748E+01     2.000     7   7.4900
     1216     0.00000     0.4652E+01     2.000     5   7.5005
     1217     0.00000     0.3232E+01     2.000     6   7.5009
     1218     0.00000     0.2983E+01     2.000     6   7.5031
     1219     0.00000     0.7964E+01     2.000     7   7.5144
     1220     0.00000     0.3645E+01     2.000     7   7.5226
     1221     0.00000     0.4644E+01     2.000     7   7.5264
     1222     0.00000     0.2486E+02     2.000     7   7.5273
     1223     0.00000     0.5994E+01     2.000     7   7.5554
     1224     0.00000     0.7658E+01     2.000     7   7.5672
     1225     0.00000     0.3351E+01     2.000     3   7.5737
     1226     0.00000     0.4140E+01     2.000     7   7.5795
     1227     0.00000     0.4358E+01     2.000     7   7.5795
     1228     0.00000     0.6138E+01     2.000     7   7.5815
     1229     0.00000     0.3841E+01     2.000     6   7.5853
     1230     0.00000     0.5060E+01     2.000     6   7.5932
     1231     0.00000     0.5212E+01     2.000     7   7.6050
     1232     0.00000     0.4584E+01     2.000     6   7.6289
     1233     0.00000     0.6336E+01     2.000     7   7.6730
     1234     0.00000     0.2519E+02     2.000     7   7.6797
     1235     0.00000     0.4651E+01     2.000     6   7.6886
     1236     0.00000     0.5298E+01     2.000     6   7.7095
     1237     0.00000     0.4951E+01     2.000     7   7.7168
     1238     0.00000     0.4232E+01     2.000     6   7.7267
     1239     0.00000     0.5693E+02     2.000     7   7.7327
     1240     0.00000     0.4305E+01     2.000     6   7.7420
     1241     0.00000     0.4596E+01     2.000     6   7.7433
     1242     0.00000     0.3154E+01     2.000     6   7.7481
     1243     0.00000     0.5324E+01     2.000     6   7.7640
     1245     0.00000     0.8251E+01     2.000     7   7.8459
     1246     0.00000     0.9444E+01     2.000     7   7.8478
     1247     0.00000     0.4018E+01     2.000     6   7.8664
     1248     0.00000     0.3464E+01     2.000     6   7.8860
     1249     0.00000     0.6455E+01     2.000     7   7.9021
     1250     0.00000     0.2222E+02     2.000     7   7.9088
     1251     0.00000     0.5346E+01     2.000     7   7.9502
     1252     0.00000     0.6689E+01     2.000     7   7.9727
     1253     0.00000     0.3160E+01     2.000     7   8.0073
     1256     0.00000     0.2755E+01     2.000     7   8.0121
     1257     0.00000     0.2855E+01     2.000     7   8.0121
     1258     0.00000     0.6586E+01     2.000     7   8.0239
     1259     0.00000     0.5911E+01     2.000     7   8.0445
     1260     0.00000     0.4717E+01     2.000     6   8.0634
     1261     0.00000     0.2924E+01     2.000     7   8.0671
     1262     0.00000     0.3309E+01     2.000     7   8.0674
     1263     0.00000     0.3643E+01     2.000     7   8.0691
     1264     0.00000     0.2750E+01     2.000     7   8.1519
     1265     0.00000     0.2843E+01     2.000     7   8.1519
     1266     0.00000     0.1143E+02     2.000     7   8.3691
     1267     0.00000     0.4975E+01     2.000     6   8.4372
     1268     0.00000     0.1530E+02     2.000     7   8.4879
