# # Once                                                         FEFF 10.0.0 
# # POT  SCF 100  9.0000   0, core-hole, FOLP (folp(0)= 1.150)
# # Abs   Z=30 Rmt= 1.389 Rnm= 1.531 K  shell
# #   RGRID 0.0100
# # Pot 1 Z= 6 Rmt= 0.898 Rnm= 1.123
# # Pot 2 Z= 6 Rmt= 0.923 Rnm= 1.165
# # Pot 3 Z= 1 Rmt= 0.551 Rnm= 0.959
# # Pot 4 Z=16 Rmt= 1.254 Rnm= 1.470
# # Gam_ch=1.897E+00 H-L exch Vi= 0.000E+00 Vr= 0.000E+00
# # Mu=-6.946E+00eV kf=1.980E+00 Vint=-1.283E+01eV Rs_int= 1.831
# # PATH  Rmax= 9.000,  Keep_limit= 0.00, Heap_limit 0.00  Pwcrit= 2.50%
#  S02=1.000  Temp=  10.00  Debye_temp= 315.00  Global_sig2= 0.00000
#  Energy zero shift, vr, vi    0.00000E+00   0.00000E+00
#  Curved wave amplitude ratio filter   4.000%
#     file         sig2 tot  cw amp ratio   deg  nlegs   reff  inp sig2
#           1       0.00297    100.00      1.00     2   2.3519
#           2       0.00302     98.85      1.00     2   2.3623
#           3       0.00314     97.64      1.00     2   2.3733
#           4       0.00321     96.86      1.00     2   2.3806
#           5       0.02776     13.01      1.00     2   3.0192
#           6       0.02271     12.56      1.00     2   3.0592
#           7       0.02765     11.59      1.00     2   3.1531
#           8       0.00635     39.41      1.00     2   3.2720
#           9       0.00597     39.32      1.00     2   3.2747
#          10       0.02790     10.33      1.00     2   3.2918
#          11       0.00613     37.03      1.00     2   3.3476
#          12       0.00653     33.75      1.00     2   3.4624
#          13       0.02497      7.82      1.00     2   3.6481
#          14       0.01367     15.92      2.00     3   3.6920
#          15       0.01133     14.84      2.00     3   3.7136
#          16       0.00421     43.84      2.00     3   3.7256
#          17       0.00413     43.49      2.00     3   3.7313
#          18       0.03997      7.32      1.00     2   3.7372
#          19       0.00431     42.16      2.00     3   3.7755
#          20       0.03664      7.06      1.00     2   3.7853
#          21       0.01349     13.33      2.00     3   3.7965
#          22       0.00454     41.18      2.00     3   3.8365
#          23       0.01628      7.80      2.00     3   3.8901
#          24       0.01474      7.68      2.00     3   3.9144
#          25       0.01400     11.47      2.00     3   3.9225
#          26       0.01639      7.43      2.00     3   3.9674
#          27       0.03284      6.18      1.00     2   3.9714
#          28       0.01344      9.90      2.00     3   4.0077
#          29       0.01686      7.07      2.00     3   4.0434
#          30       0.02507      8.56      1.00     4   4.1120
#          31       0.00978     20.80      1.00     2   4.1163
#          32       0.01258     20.78      1.00     2   4.1174
#          33       0.01666      5.57      1.00     2   4.1229
#          35       0.01941      8.20      1.00     4   4.1525
#          37       0.00446     15.57      1.00     4   4.1792
#          38       0.00455     15.44      1.00     4   4.1880
#          39       0.00461     13.88      1.00     4   4.2034
#          40       0.00473     11.42      1.00     4   4.2105
#          41       0.01468      6.56      2.00     3   4.2118
#          43       0.01499      5.18      1.00     2   4.2292
#          45       0.01253     18.70      2.00     3   4.2441
#          46       0.02408      7.56      1.00     4   4.2455
#          47       0.00426      9.48      2.00     3   4.2526
#          48       0.00428      9.27      2.00     3   4.2528
#          49       0.00462      9.57      2.00     3   4.2867
#          50       0.01588      4.96      1.00     2   4.2962
#          51       0.01056      4.49      2.00     4   4.2966
#          52       0.00928     18.31      1.00     2   4.3024
#          53       0.00432     10.35      2.00     3   4.3316
#          54       0.00448      9.83      2.00     3   4.3314
#          55       0.01178     18.40      2.00     3   4.3350
#          56       0.00419     10.27      2.00     3   4.3376
#          57       0.01146     17.47      1.00     4   4.3653
#          59       0.02480      6.75      1.00     4   4.3826
#          60       0.01219     16.10      2.00     3   4.4259
#          61       0.01262      7.91      2.00     3   4.4362
#          62       0.01123     18.11      1.00     4   4.4409
#          63       0.01796      4.41      2.00     4   4.4466
#          65       0.00599     18.45      2.00     3   4.4519
#          66       0.01091      6.42      2.00     4   4.4643
#          67       0.02246      9.56      2.00     3   4.4740
#          68       0.00629     16.39      2.00     3   4.4915
#          69       0.01925      8.76      2.00     3   4.4971
#          70       0.01254      8.65      2.00     3   4.4967
#          71       0.01302      9.22      2.00     3   4.5350
#          72       0.01138     14.55      1.00     4   4.5557
#          73       0.00952     14.92      2.00     4   4.5574
#          75       0.00949      4.03      2.00     4   4.5714
#          76       0.01723      6.45      2.00     4   4.5710
#          78       0.00964     17.10      2.00     4   4.6025
#          79       0.00631     14.86      1.00     2   4.6210
#          80       0.00562     15.46      2.00     3   4.6324
#          81       0.00633     15.82      2.00     3   4.6419
#          82       0.01177      6.22      2.00     3   4.6441
#          83       0.00628     14.76      2.00     3   4.6562
#          85       0.00981     16.63      2.00     4   4.6647
#          87       0.01693      6.19      2.00     4   4.6761
#          89       0.01722      7.58      2.00     3   4.6836
#          90       0.01018     12.85      2.00     4   4.6977
#          92       0.00594      8.84      1.00     4   4.7038
#          93       0.00575     40.61      2.00     3   4.7048
#          94       0.01206      5.46      2.00     3   4.7104
#          96       0.00604      8.64      1.00     4   4.7245
#          99       0.00466      4.43      2.00     4   4.7356
#         100       0.00464      4.38      2.00     4   4.7428
#         102       0.00629      8.43      1.00     4   4.7466
#         103       0.00580     15.21      2.00     3   4.7477
#         106       0.00642      8.29      1.00     4   4.7611
#         107       0.01001     13.37      2.00     4   4.7629
#         109       0.01432      4.73      1.00     4   4.7738
#         111       0.01945      8.70      2.00     5   4.7853
#         112       0.00649      7.86      1.00     4   4.7875
#         113       0.00636     38.91      1.00     4   4.7887
#         114       0.01024     13.41      2.00     4   4.8000
#         115       0.01756      5.25      2.00     4   4.8009
#         117       0.00944     26.74      2.00     5   4.8189
#         118       0.00985      4.53      2.00     5   4.8239
#         120       0.04449      4.93      1.00     4   4.8307
#         121       0.01180      6.59      2.00     4   4.8327
#         122       0.01237      6.07      2.00     4   4.8481
#         123       0.00649      5.45      1.00     4   4.8655
#         124       0.00945     29.13      2.00     5   4.8688
#         125       0.01221      6.43      2.00     4   4.8719
#         126       0.01225      4.95      2.00     3   4.8737
#         127       0.00503     20.91      2.00     3   4.8809
#         129       0.01935      8.29      2.00     5   4.8898
#         130       0.00520      8.91      2.00     4   4.9055
#         131       0.00915      6.78      2.00     3   4.9150
#         132       0.00573      6.80      2.00     4   4.9193
#         133       0.00953     26.81      2.00     5   4.9297
#         134       0.01226      5.63      2.00     4   4.9404
#         135       0.02079      7.70      2.00     3   4.9450
#         137       0.01711      7.99      2.00     3   4.9566
#         138       0.00465     33.45      2.00     4   4.9647
#         139       0.00501      8.24      2.00     4   4.9680
#         142       0.01477      6.73      2.00     4   4.9797
#         143       0.00698      7.04      1.00     4   4.9814
#         144       0.00947     12.83      2.00     4   4.9988
#         145       0.00955     10.89      2.00     5   5.0110
#         146       0.00532      8.48      2.00     4   5.0159
#         147       0.01946      7.01      2.00     5   5.0158
#         148       0.01187      5.87      2.00     4   5.0231
#         149       0.02281      5.13      2.00     3   5.0237
#         151       0.00513      6.82      2.00     4   5.0303
#         152       0.00972     13.50      2.00     5   5.0304
#         153       0.00981     14.91      2.00     5   5.0388
#         154       0.02388      4.58      2.00     3   5.0402
#         156       0.02232      5.26      2.00     3   5.0508
#         158       0.01567      4.75      2.00     3   5.0685
#         159       0.01446     10.71      2.00     3   5.0822
#         160       0.01495      5.60      2.00     4   5.0845
#         161       0.00530      7.82      2.00     4   5.0872
#         162       0.01751      4.88      2.00     3   5.0910
#         163       0.01566     10.96      2.00     3   5.0935
#         164       0.01641      4.23      2.00     3   5.0962
#         165       0.00695      6.23      1.00     4   5.0993
#         166       0.00669      6.18      1.00     4   5.1004
#         167       0.01906      7.43      2.00     5   5.1003
#         168       0.01289      5.35      2.00     4   5.1020
#         169       0.02379      5.44      2.00     3   5.1097
#         170       0.01617      6.59      2.00     3   5.1127
#         173       0.00541      8.89      1.00     4   5.1408
#         174       0.01226      7.86      2.00     4   5.1437
#         176       0.00484     26.26      2.00     4   5.1615
#         178       0.00700      6.02      1.00     4   5.1777
#         180       0.01469      5.61      2.00     3   5.1942
#         183       0.01265      8.77      2.00     5   5.2075
#         184       0.01596      4.68      1.00     4   5.2093
#         185       0.01998      4.31      1.00     4   5.2104
#         186       0.01281      9.66      1.00     4   5.2119
#         187       0.01385     10.25      1.00     4   5.2126
#         188       0.01493      5.66      2.00     4   5.2132
#         189       0.01240     17.01      2.00     5   5.2276
#         190       0.01627      4.07      2.00     3   5.2285
#         192       0.02149      8.88      2.00     3   5.2374
#         194       0.01768      6.01      2.00     6   5.2389
#         195       0.00549     13.58      2.00     5   5.2411
#         196       0.01466      5.17      2.00     3   5.2431
#         197       0.00509     54.86      2.00     5   5.2453
#         201       0.00962      4.05      1.00     6   5.2721
#         202       0.00987     11.11      1.00     6   5.2725
#         203       0.01227      6.45      2.00     4   5.2764
#         204       0.01252      5.86      2.00     5   5.2760
#         207       0.01579      6.33      2.00     3   5.2860
#         208       0.01423      9.98      2.00     3   5.2861
#         209       0.01193      5.72      2.00     5   5.2863
#         210       0.01152     10.50      2.00     4   5.2914
#         211       0.00705      5.92      1.00     4   5.2924
#         212       0.01261      6.65      2.00     4   5.2922
#         213       0.00575     10.32      2.00     5   5.2934
#         216       0.00991     12.70      1.00     6   5.2966
#         218       0.00918      4.50      1.00     6   5.3013
#         219       0.00995     12.93      1.00     6   5.3038
#         220       0.01285      5.49      2.00     4   5.3055
#         222       0.01174      8.19      2.00     4   5.3141
#         223       0.01267      7.28      2.00     5   5.3145
#         225       0.01855      6.05      2.00     6   5.3177
#         226       0.01343      6.04      2.00     4   5.3191
#         227       0.01133      5.70      2.00     4   5.3212
#         228       0.01131     10.33      2.00     4   5.3240
#         231       0.02243     12.73      2.00     5   5.3373
#         233       0.02411      7.43      1.00     4   5.3390
#         236       0.00574     14.00      2.00     5   5.3554
#         237       0.01162      4.84      2.00     4   5.3615
#         239       0.01167      9.87      2.00     4   5.3622
#         242       0.01613      9.62      2.00     4   5.3876
#         246       0.01854      5.86      2.00     6   5.3898
#         247       0.02882      4.59      2.00     4   5.3925
#         248       0.01243      6.00      2.00     4   5.3923
#         251       0.01132      6.25      2.00     5   5.3971
#         252       0.01260      9.53      1.00     4   5.3977
#         253       0.01526      7.37      2.00     3   5.3995
#         254       0.01473      5.10      2.00     3   5.4011
#         255       0.00981      4.78      2.00     5   5.4037
#         256       0.02336      4.26      2.00     4   5.4111
#         257       0.01250      8.33      2.00     4   5.4178
#         258       0.00484     24.97      2.00     5   5.4214
#         259       0.00486      4.41      2.00     5   5.4216
#         260       0.01130      6.44      2.00     4   5.4239
#         261       0.01149      5.41      2.00     3   5.4251
#         262       0.02213     12.45      2.00     5   5.4283
#         265       0.01480      5.68      1.00     4   5.4367
#         267       0.01246      6.22      2.00     4   5.4378
#         268       0.01351      7.67      2.00     5   5.4415
#         270       0.01304      5.57      2.00     4   5.4522
#         273       0.02341     13.81      1.00     6   5.4585
#         274       0.00636      8.68      2.00     3   5.4600
#         275       0.00508      6.26      2.00     5   5.4613
#         277       0.01269      7.94      2.00     4   5.4676
#         278       0.00663      8.47      2.00     3   5.4738
#         281       0.00659      7.11      2.00     3   5.5029
#         283       0.01143      8.05      2.00     4   5.5089
#         284       0.01166      4.36      2.00     4   5.5111
#         286       0.01162      9.91      2.00     4   5.5127
#         287       0.01161      5.40      2.00     5   5.5194
#         288       0.02219     10.99      2.00     5   5.5192
#         289       0.01344     15.26      2.00     5   5.5216
#         290       0.01176      8.85      2.00     4   5.5267
#         291       0.01253      5.18      2.00     4   5.5299
#         292       0.01834      5.41      2.00     5   5.5295
#         293       0.02297     14.24      1.00     6   5.5341
#         295       0.01154      7.22      2.00     3   5.5392
#         296       0.00986      5.23      2.00     5   5.5393
#         297       0.01216      9.01      2.00     5   5.5449
#         298       0.01139     14.37      2.00     5   5.5451
#         299       0.01065     17.06      2.00     5   5.5475
#         300       0.00784     11.95      2.00     5   5.5530
#         301       0.00778     11.83      2.00     5   5.5570
#         304       0.02242      5.37      2.00     5   5.5693
#         307       0.01091      6.51      2.00     4   5.5753
#         308       0.01081     11.27      2.00     4   5.5764
#         309       0.01172     14.60      2.00     5   5.5847
#         310       0.01262      7.75      2.00     5   5.5844
#         311       0.01092     16.77      2.00     5   5.5867
#         312       0.01805      5.86      2.00     5   5.5899
#         314       0.02157      5.09      2.00     5   5.5928
#         315       0.00668      6.84      2.00     3   5.5960
#         316       0.01102      5.84      2.00     4   5.5983
#         317       0.00819     11.83      2.00     5   5.6056
#         318       0.01141     11.82      2.00     5   5.6105
#         319       0.01176      4.89      2.00     5   5.6120
#         320       0.01121      7.65      2.00     5   5.6185
#         321       0.00534      9.85      2.00     4   5.6217
#         322       0.01217      4.41      2.00     4   5.6216
#         323       0.01172      9.13      2.00     4   5.6231
#         324       0.00983      4.87      2.00     4   5.6239
#         325       0.01267      7.53      2.00     4   5.6256
#         326       0.00683      7.51      2.00     4   5.6266
#         327       0.00542      9.98      2.00     4   5.6265
#         328       0.01182      4.94      2.00     5   5.6266
#         330       0.01759      6.22      2.00     5   5.6282
#         331       0.00821      9.07      1.00     4   5.6317
#         332       0.01141      5.63      2.00     4   5.6323
#         333       0.00916      4.81      2.00     4   5.6370
#         335       0.00744      7.25      2.00     4   5.6453
#         336       0.01323      4.34      2.00     4   5.6478
#         337       0.02324     11.52      1.00     6   5.6489
#         338       0.01417     11.00      2.00     5   5.6511
#         339       0.01185      8.06      2.00     5   5.6510
#         340       0.01940     11.68      2.00     6   5.6507
#         341       0.01147      5.57      2.00     5   5.6568
#         342       0.01081      7.91      2.00     5   5.6587
#         343       0.01144     11.31      2.00     5   5.6591
#         344       0.01105      9.23      2.00     5   5.6596
#         345       0.01125     15.32      2.00     5   5.6602
#         346       0.01202      9.51      2.00     6   5.6611
#         348       0.00848     12.56      2.00     5   5.6664
#         349       0.01331      4.17      2.00     4   5.6710
#         351       0.01512     13.36      2.00     6   5.6842
#         352       0.01138      5.79      2.00     4   5.6850
#         354       0.00600      6.50      1.00     6   5.6947
#         355       0.01895     13.27      2.00     6   5.6957
#         356       0.01699      5.33      2.00     5   5.6963
#         357       0.01199      5.19      2.00     5   5.6977
#         359       0.02268      4.74      2.00     5   5.7015
#         360       0.00647     21.66      1.00     6   5.7019
#         362       0.01773      5.50      2.00     5   5.7100
#         363       0.01225      4.56      2.00     4   5.7129
#         365       0.01009      5.54      1.00     4   5.7161
#         366       0.02345      4.87      2.00     5   5.7167
#         368       0.00978      4.55      2.00     4   5.7209
#         370       0.00607      5.67      1.00     6   5.7213
#         371       0.01404      9.90      2.00     5   5.7275
#         372       0.00722      5.54      2.00     4   5.7282
#         373       0.01074     10.91      2.00     5   5.7281
#         374       0.00622      7.72      1.00     6   5.7295
#         375       0.01119      5.93      2.00     4   5.7314
#         376       0.01202      4.67      2.00     5   5.7318
#         377       0.00552      6.38      2.00     4   5.7336
#         378       0.01266      6.76      2.00     5   5.7348
#         379       0.01171     12.09      2.00     5   5.7351
#         380       0.01132      4.43      2.00     5   5.7356
#         381       0.01103      8.28      2.00     5   5.7363
#         383       0.01090     16.22      2.00     5   5.7372
#         385       0.00585      8.67      2.00     4   5.7426
#         386       0.01230      8.57      2.00     6   5.7424
#         390       0.01091     11.00      2.00     5   5.7514
#         391       0.01178      4.73      2.00     5   5.7525
#         393       0.01864     12.83      2.00     6   5.7580
#         394       0.01178      9.63      2.00     5   5.7595
#         395       0.01127      5.92      2.00     5   5.7707
#         396       0.01325      4.31      2.00     4   5.7752
#         397       0.01186      4.43      2.00     4   5.7769
#         399       0.01040      7.89      2.00     5   5.7776
#         400       0.02040      4.73      2.00     5   5.7789
#         401       0.01041      4.41      2.00     4   5.7794
#         402       0.01226     10.29      2.00     5   5.7866
#         403       0.01087      7.79      2.00     5   5.7901
#         405       0.01110      4.55      2.00     5   5.7974
#         406       0.01196      4.43      2.00     5   5.7979
#         407       0.01262     10.06      2.00     5   5.7982
#         408       0.00996      7.60      2.00     4   5.7992
#         409       0.00968     16.38      2.00     5   5.8000
#         413       0.00734      5.37      2.00     4   5.8143
#         414       0.01302      9.24      2.00     6   5.8155
#         419       0.00998      6.91      2.00     5   5.8352
#         421       0.00983     12.67      2.00     5   5.8363
#         422       0.01240      4.24      2.00     5   5.8376
#         423       0.01019      5.77      2.00     5   5.8401
#         424       0.01030      4.26      2.00     4   5.8430
#         425       0.01081     12.02      2.00     5   5.8430
#         426       0.01412      9.29      2.00     5   5.8427
#         427       0.01048      4.57      2.00     5   5.8432
#         428       0.01111      6.47      2.00     5   5.8442
#         430       0.01178      4.32      2.00     5   5.8506
#         431       0.01144      8.54      2.00     5   5.8522
#         432       0.01149      8.50      2.00     5   5.8529
#         433       0.01399      5.18      2.00     4   5.8562
#         435       0.01108      7.49      2.00     5   5.8714
#         437       0.05947      7.84      2.00     7   5.8781
#         438       0.03326      7.79      2.00     7   5.8785
#         440       0.01246      4.82      1.00     6   5.8805
#         441       0.01999     22.45      2.00     6   5.8807
#         442       0.01673     12.58      2.00     6   5.8812
#         443       0.01176      8.34      1.00     6   5.8817
#         444       0.01629     10.50      2.00     6   5.8820
#         445       0.01265      9.60      1.00     6   5.8820
#         446       0.01110      8.20      1.00     6   5.8831
#         447       0.00986     12.22      1.00     6   5.8838
#         448       0.01699      4.64      2.00     5   5.8844
#         449       0.01049      8.30      2.00     5   5.8868
#         450       0.01375      4.72      2.00     5   5.8896
#         451       0.01062      4.45      2.00     5   5.8891
#         453       0.02265      4.09      2.00     5   5.8917
#         454       0.01839     10.38      2.00     6   5.8932
#         455       0.01373      8.52      2.00     5   5.8933
#         457       0.01138      7.12      2.00     5   5.8955
#         458       0.01030      5.25      2.00     5   5.9010
#         460       0.01903     23.28      2.00     7   5.9121
#         462       0.00978      4.34      2.00     4   5.9167
#         466       0.01498      4.80      2.00     6   5.9253
#         467       0.01692      9.75      2.00     6   5.9259
#         468       0.01803      4.47      2.00     6   5.9284
#         469       0.01527      5.28      2.00     5   5.9311
#         470       0.01390      4.23      2.00     5   5.9396
#         472       0.01785     10.00      2.00     6   5.9413
#         473       0.01576      4.44      2.00     6   5.9415
#         474       0.01792      4.39      2.00     6   5.9433
#         475       0.01210      8.32      2.00     5   5.9449
#         476       0.01074      5.14      2.00     5   5.9517
#         477       0.01043      6.29      2.00     5   5.9581
#         478       0.01913     20.85      2.00     6   5.9588
#         481       0.02728      4.28      2.00     6   5.9606
#         482       0.01143      7.57      1.00     6   5.9608
#         484       0.01906     25.23      2.00     7   5.9620
#         485       0.01830      7.45      2.00     6   5.9649
#         486       0.01064      4.83      2.00     5   5.9655
#         488       0.01224     22.27      2.00     5   5.9673
#         491       0.01127      6.64      2.00     5   5.9743
#         492       0.01046     12.53      2.00     5   5.9760
#         493       0.01362     12.00      2.00     6   5.9783
#         494       0.05393      7.47      2.00     7   5.9821
#         495       0.03288      7.45      2.00     7   5.9830
#         497       0.01121      7.38      2.00     5   5.9996
#         498       0.00967      6.73      2.00     5   6.0005
#         499       0.01018     14.95      2.00     6   6.0012
#         500       0.01396      4.87      2.00     5   6.0019
#         502       0.01516      5.29      2.00     5   6.0047
#         503       0.00936      5.04      2.00     4   6.0061
#         504       0.00860      5.55      1.00     6   6.0066
#         506       0.01188     18.92      2.00     5   6.0094
#         507       0.01429      6.84      2.00     5   6.0125
#         509       0.00877      5.52      1.00     6   6.0137
#         511       0.01035     14.66      2.00     6   6.0146
#         513       0.01921     23.04      2.00     7   6.0229
#         515       0.00991      8.38      2.00     5   6.0330
#         516       0.01809      6.64      2.00     6   6.0334
#         517       0.00894      5.32      1.00     6   6.0335
#         519       0.03649      5.41      2.00     5   6.0380
#         521       0.00928      5.76      1.00     6   6.0405
#         523       0.01138      4.17      2.00     5   6.0465
#         524       0.02926      5.58      2.00     5   6.0496
#         525       0.01670      6.18      2.00     6   6.0494
#         527       0.01097      5.75      2.00     6   6.0578
#         529       0.00989      4.86      2.00     4   6.0584
#         530       0.01084     10.07      2.00     6   6.0581
#         531       0.01106     20.90      2.00     6   6.0599
#         533       0.01081     10.05      2.00     6   6.0612
#         534       0.01310     10.41      2.00     6   6.0637
#         536       0.01128      8.30      2.00     6   6.0671
#         537       0.01829      4.16      2.00     5   6.0693
#         538       0.02173      4.15      2.00     6   6.0711
#         539       0.02132      4.64      2.00     6   6.0728
#         540       0.02116      4.03      2.00     6   6.0730
#         541       0.01069      9.01      2.00     6   6.0729
#         543       0.01988     18.61      2.00     6   6.0746
#         545       0.01121      6.85      2.00     6   6.0751
#         546       0.01141      7.55      1.00     6   6.0767
#         547       0.01752      4.31      2.00     6   6.0769
#         548       0.01888      5.21      2.00     6   6.0769
#         549       0.01047      8.89      2.00     5   6.0797
#         552       0.01075      7.96      2.00     6   6.0853
#         553       0.01792      4.19      2.00     6   6.0899
#         554       0.01770      6.44      2.00     6   6.0922
#         555       0.04993      9.02      2.00     6   6.0921
#         560       0.01771      5.76      2.00     6   6.0981
#         561       0.01771      7.30      2.00     6   6.0981
#         564       0.01791      9.83      2.00     7   6.1043
#         565       0.01194      9.62      2.00     6   6.1047
#         567       0.01791      4.94      2.00     6   6.1065
#         568       0.05392      6.37      2.00     7   6.1066
#         570       0.01053      6.07      2.00     6   6.1076
#         572       0.03297      6.32      2.00     7   6.1090
#         575       0.01026     15.69      2.00     6   6.1112
#         576       0.00990      7.66      2.00     6   6.1132
#         577       0.01022      8.39      2.00     6   6.1132
#         578       0.01012      6.21      2.00     6   6.1153
#         579       0.01037      6.09      2.00     6   6.1153
#         580       0.01004      6.22      2.00     6   6.1158
#         581       0.01012      8.24      2.00     6   6.1158
#         583       0.01705      8.43      2.00     6   6.1163
#         584       0.01573      4.31      2.00     6   6.1164
#         585       0.00989     12.68      2.00     6   6.1169
#         586       0.01019     15.67      2.00     6   6.1169
#         588       0.01835      4.05      2.00     6   6.1184
#         590       0.01540      4.77      2.00     5   6.1206
#         591       0.01085      9.00      2.00     6   6.1204
#         593       0.01083      9.97      2.00     6   6.1235
#         594       0.01793     12.04      2.00     7   6.1236
#         595       0.01406      9.69      2.00     6   6.1255
#         596       0.01454      5.45      2.00     6   6.1265
#         598       0.01805     13.03      2.00     7   6.1320
#         599       0.00616     10.15      1.00     4   6.1350
#         601       0.01196      9.30      2.00     6   6.1554
#         602       0.01305     19.13      2.00     5   6.1608
#         604       0.01007      7.10      2.00     6   6.1641
#         605       0.01033      7.41      2.00     6   6.1641
#         606       0.00956      5.12      2.00     4   6.1746
#         608       0.00973      6.20      2.00     5   6.1766
#         610       0.02490      7.21      2.00     5   6.1779
#         613       0.01145      4.35      2.00     6   6.1801
#         614       0.01088     10.03      2.00     6   6.1804
#         616       0.01310     11.28      2.00     6   6.1825
#         617       0.01090      9.85      2.00     6   6.1837
#         622       0.02705      7.37      2.00     5   6.1887
#         623       0.02114      6.70      2.00     6   6.1926
#         624       0.01908      5.72      2.00     6   6.1949
#         627       0.00989      4.72      2.00     4   6.2036
#         629       0.01744      7.75      2.00     6   6.2132
#         630       0.01204      9.43      2.00     6   6.2167
#         633       0.01539     42.37      2.00     5   6.2188
#         639       0.01009      7.97      2.00     6   6.2263
#         640       0.01041      8.69      2.00     6   6.2263
#         642       0.01039     10.22      1.00     6   6.2359
#         643       0.02817      6.45      2.00     5   6.2368
#         644       0.02098      6.14      2.00     6   6.2371
#         647       0.00934      4.84      2.00     4   6.2500
#         650       0.01110      6.23      2.00     6   6.2548
#         651       0.00994     15.86      2.00     6   6.2566
#         653       0.01958      6.51      2.00     6   6.2709
#         654       0.01082      4.49      2.00     5   6.2792
#         655       0.01651      6.95      2.00     6   6.2808
#         659       0.00984     10.39      2.00     6   6.2930
#         660       0.00971      4.13      2.00     6   6.2937
#         661       0.01336      4.73      2.00     5   6.3001
#         662       0.01868      9.25      2.00     7   6.3005
#         663       0.05360      7.72      2.00     7   6.3003
#         665       0.02434      5.95      2.00     7   6.3007
#         666       0.02913      8.64      2.00     7   6.3007
#         667       0.01582     49.18      1.00     6   6.3026
#         668       0.01376     15.06      1.00     6   6.3029
#         671       0.02762      4.56      2.00     6   6.3050
#         672       0.03171      4.51      2.00     6   6.3056
#         673       0.00960      4.91      2.00     3   6.3062
#         675       0.02831      7.99      1.00     6   6.3079
#         676       0.02616      7.55      1.00     6   6.3076
#         679       0.01733      7.60      2.00     6   6.3189
#         681       0.02243      7.43      2.00     7   6.3201
#         682       0.02100     12.65      2.00     7   6.3209
#         683       0.04965     14.62      2.00     7   6.3209
#         685       0.01091      4.19      2.00     5   6.3215
#         688       0.01027      4.93      2.00     6   6.3258
#         690       0.02440      5.82      2.00     5   6.3307
#         692       0.00993      5.47      2.00     6   6.3321
#         693       0.01052      9.10      2.00     7   6.3337
#         694       0.00962      8.50      2.00     5   6.3338
#         696       0.01359     18.44      2.00     7   6.3343
#         698       0.01584     18.37      2.00     7   6.3343
#         699       0.01062     15.20      2.00     7   6.3368
#         701       0.01737     10.34      2.00     7   6.3379
#         702       0.01384     10.64      2.00     7   6.3379
#         703       0.01515      5.59      2.00     7   6.3386
#         704       0.01099     12.83      2.00     7   6.3384
#         705       0.01112     10.57      2.00     7   6.3387
#         706       0.01010     27.01      2.00     7   6.3404
#         708       0.01737      7.50      2.00     6   6.3481
#         710       0.01665      6.83      2.00     6   6.3660
#         716       0.02464      6.69      2.00     5   6.3814
#         717       0.01353     11.72      1.00     6   6.3835
#         718       0.01998      4.64      2.00     6   6.3845
#         719       0.01517      5.98      2.00     6   6.3847
#         721       0.02206      5.33      2.00     6   6.3852
#         723       0.01935      5.97      2.00     6   6.3856
#         724       0.01351     17.77      2.00     7   6.3867
#         726       0.01550     17.30      2.00     7   6.3867
#         727       0.01180      8.75      2.00     7   6.3869
#         728       0.01086     13.80      2.00     7   6.3887
#         729       0.01894      4.17      2.00     6   6.3917
#         732       0.00706     17.51      2.00     5   6.3949
#         734       0.01081      5.87      2.00     3   6.4053
#         735       0.04944      6.43      2.00     7   6.4068
#         736       0.01931      6.17      2.00     6   6.4071
#         738       0.02361      5.17      2.00     7   6.4077
#         739       0.01848      7.83      2.00     7   6.4075
#         740       0.02815      8.11      2.00     7   6.4077
#         748       0.02173      4.62      2.00     6   6.4143
#         752       0.01946      8.09      2.00     6   6.4197
#         753       0.01007     15.64      2.00     6   6.4209
#         755       0.03442     11.29      2.00     7   6.4306
#         758       0.02280      5.38      1.00     6   6.4324
#         759       0.01580      6.14      2.00     6   6.4326
#         764       0.01108      9.14      2.00     7   6.4487
#         765       0.01424     18.08      2.00     7   6.4486
#         767       0.01604     17.20      2.00     7   6.4486
#         768       0.01073     15.78      2.00     7   6.4507
#         773       0.00978      6.30      2.00     6   6.4571
#         774       0.01970      7.76      2.00     6   6.4574
#         775       0.01073      4.99      2.00     5   6.4583
#         776       0.01107      4.06      2.00     5   6.4718
#         779       0.00733     39.42      2.00     6   6.4787
#         780       0.00861      8.39      2.00     5   6.4802
#         781       0.02627      7.09      2.00     6   6.4810
#         783       0.00831     13.35      2.00     6   6.4834
#         790       0.02577      7.41      1.00     6   6.4930
#         792       0.01803      4.91      2.00     5   6.4946
#         793       0.01606      5.99      2.00     6   6.4947
#         795       0.01256      5.38      2.00     4   6.4979
#         797       0.01480     13.14      1.00     6   6.5003
#         798       0.01214      5.12      2.00     5   6.5099
#         800       0.00868     15.62      2.00     6   6.5127
#         801       0.01132      5.30      2.00     7   6.5144
#         804       0.01164      7.14      2.00     7   6.5148
#         805       0.00988     21.60      2.00     7   6.5165
#         806       0.01016      7.53      2.00     7   6.5173
#         810       0.03392     11.02      2.00     7   6.5215
#         812       0.01089      6.81      2.00     7   6.5265
#         813       0.01180      5.21      2.00     5   6.5305
#         816       0.05489      6.80      2.00     7   6.5323
#         817       0.00689      4.20      2.00     4   6.5332
#         819       0.01946      7.24      2.00     7   6.5344
#         820       0.01050     15.31      2.00     6   6.5348
#         821       0.02542      4.82      2.00     7   6.5347
#         822       0.02903      6.91      2.00     7   6.5347
#         826       0.01729      6.58      2.00     6   6.5420
#         831       0.00805     11.03      2.00     6   6.5482
#         832       0.01097      6.77      2.00     7   6.5483
#         834       0.01044      6.90      2.00     7   6.5534
#         837       0.01131      9.77      2.00     7   6.5545
#         838       0.01037     10.32      2.00     7   6.5566
#         839       0.01111      8.40      2.00     7   6.5577
#         842       0.01235      5.00      2.00     5   6.5670
#         843       0.01029      6.24      2.00     7   6.5668
#         844       0.01102      4.69      2.00     5   6.5708
#         845       0.01050     12.18      2.00     7   6.5735
#         848       0.01253      8.47      2.00     7   6.5908
#         851       0.01034      5.57      2.00     7   6.5920
#         852       0.00973      4.34      2.00     3   6.5961
#         857       0.01051      7.40      2.00     7   6.6004
#         859       0.02268      6.47      2.00     6   6.6023
#         861       0.03220      6.70      2.00     5   6.6050
#         862       0.00789     13.50      2.00     6   6.6061
#         865       0.01962      7.72      2.00     6   6.6081
#         866       0.02948      4.01      2.00     7   6.6126
#         867       0.00753      4.85      2.00     4   6.6143
#         868       0.01287     12.48      2.00     6   6.6144
#         869       0.03776     13.35      2.00     7   6.6142
#         870       0.01219      6.51      2.00     6   6.6148
#         871       0.02081      4.87      2.00     7   6.6150
#         872       0.02232      9.21      2.00     7   6.6147
#         877       0.02839      6.59      2.00     6   6.6201
#         882       0.01911      4.91      2.00     5   6.6344
#         885       0.02424      7.95      2.00     7   6.6379
#         886       0.01986      4.20      2.00     7   6.6402
#         887       0.02134      5.53      2.00     7   6.6408
#         888       0.02657      4.56      2.00     7   6.6406
#         889       0.02180      4.94      2.00     7   6.6406
#         891       0.02134     14.90      2.00     7   6.6432
#         892       0.01698      8.79      2.00     7   6.6462
#         895       0.00712      7.11      1.00     6   6.6548
#         896       0.01563     10.03      2.00     6   6.6577
#         898       0.02028      5.23      2.00     6   6.6687
#         902       0.01966      8.65      2.00     6   6.6715
#         903       0.01509      4.10      2.00     6   6.6726
#         904       0.01084     32.84      2.00     6   6.6754
#         907       0.02511      6.84      2.00     7   6.6774
#         908       0.03029      4.21      2.00     7   6.6797
#         909       0.02292      4.60      2.00     7   6.6797
#         911       0.02342      5.62      2.00     7   6.6799
#         914       0.02186     14.70      2.00     7   6.6819
#         918       0.01163      4.69      2.00     5   6.6893
#         919       0.00886      5.65      2.00     4   6.6958
#         920       0.01228      5.70      2.00     6   6.6956
#         921       0.01717      8.89      2.00     7   6.6988
#         924       0.01713      4.04      2.00     7   6.7036
#         925       0.03095      9.79      2.00     7   6.7039
#         928       0.01829      5.88      2.00     7   6.7056
#         931       0.02995      6.48      2.00     7   6.7115
#         937       0.01821      7.25      2.00     6   6.7182
#         939       0.01265      6.71      2.00     6   6.7198
#         942       0.01606     14.93      2.00     7   6.7229
#         943       0.02522      8.67      2.00     6   6.7274
#         944       0.02932      8.45      2.00     6   6.7305
#         945       0.01242      6.48      2.00     6   6.7386
#         946       0.01576     25.36      2.00     7   6.7415
#         947       0.01773      4.39      2.00     7   6.7441
#         948       0.01931      5.93      2.00     7   6.7437
#         949       0.01200      5.21      2.00     5   6.7442
#         950       0.02945      9.85      2.00     7   6.7443
#         951       0.02292      5.15      2.00     7   6.7443
#         952       0.02151      5.79      2.00     7   6.7489
#         955       0.02282      5.07      2.00     7   6.7499
#         958       0.02207      6.97      2.00     7   6.7517
#         960       0.01712      4.11      2.00     7   6.7522
#         963       0.02361     10.08      2.00     7   6.7525
#         967       0.01804      5.16      2.00     7   6.7536
#         968       0.02073      4.89      2.00     7   6.7533
#         969       0.01554      5.08      2.00     7   6.7543
#         971       0.01834     13.42      2.00     7   6.7554
#         972       0.02026      8.23      2.00     7   6.7553
#         973       0.01121     23.38      2.00     7   6.7565
#         975       0.01106     79.97      2.00     7   6.7592
#         976       0.01747      8.75      2.00     7   6.7597
#         977       0.01735      4.18      2.00     7   6.7649
#         978       0.01555      5.11      2.00     7   6.7680
#         979       0.01745      4.73      2.00     7   6.7689
#         980       0.00607      4.86      2.00     4   6.7713
#         983       0.00605      4.75      2.00     4   6.7909
#         984       0.00795      6.09      2.00     6   6.7905
#         985       0.01174      9.61      2.00     6   6.7905
#         987       0.02058      4.31      2.00     6   6.7975
#         988       0.02870      6.15      2.00     5   6.8000
#         989       0.01079     12.08      2.00     6   6.8054
#         990       0.02749      7.04      2.00     6   6.8077
#         992       0.01304      6.05      2.00     6   6.8113
#         993       0.01169     18.02      2.00     7   6.8113
#         995       0.01922      5.48      2.00     7   6.8209
#         996       0.02277      5.31      2.00     7   6.8207
#         998       0.01208      5.48      2.00     6   6.8214
#         999       0.02189      9.32      2.00     7   6.8238
#        1002       0.01036      4.80      2.00     6   6.8268
#        1004       0.02102      5.36      2.00     7   6.8276
#        1005       0.02522      5.95      2.00     7   6.8277
#        1006       0.02126     10.55      2.00     6   6.8280
#        1014       0.02203      4.89      2.00     7   6.8304
#        1016       0.02258      4.26      2.00     7   6.8301
#        1017       0.02081      7.41      2.00     7   6.8315
#        1018       0.01595     12.31      2.00     7   6.8324
#        1019       0.02187     14.15      2.00     7   6.8325
#        1021       0.01054      6.06      2.00     6   6.8358
#        1022       0.03103      6.33      2.00     6   6.8370
#        1025       0.01875      7.76      2.00     6   6.8394
#        1029       0.02225      9.39      2.00     7   6.8467
#        1030       0.01837      5.41      2.00     7   6.8522
#        1033       0.00578      7.84      2.00     5   6.8551
#        1038       0.01868      6.55      2.00     7   6.8733
#        1039       0.01181     23.77      2.00     7   6.8743
#        1040       0.01830      7.05      2.00     6   6.8801
#        1041       0.01768      6.30      2.00     7   6.8817
#        1042       0.01947      6.49      2.00     7   6.8853
#        1048       0.02535      8.60      2.00     7   6.8916
#        1050       0.01957      4.72      2.00     7   6.8930
#        1051       0.02745      4.21      2.00     7   6.8933
#        1052       0.02070      5.13      2.00     7   6.8933
#        1053       0.01982      5.68      2.00     6   6.8943
#        1054       0.01953     13.94      2.00     7   6.8951
#        1055       0.01962      9.58      2.00     6   6.9016
#        1056       0.01211      4.86      2.00     6   6.9076
#        1057       0.02415      7.86      2.00     6   6.9166
#        1058       0.02024      4.42      2.00     7   6.9303
#        1061       0.02046     10.53      2.00     7   6.9314
#        1063       0.02141      7.02      2.00     6   6.9332
#        1065       0.01112     31.36      2.00     7   6.9353
#        1066       0.02316      4.91      2.00     7   6.9358
#        1067       0.01888      4.97      2.00     7   6.9360
#        1068       0.02376      4.27      2.00     7   6.9359
#        1070       0.01056      8.30      2.00     7   6.9370
#        1072       0.02206     10.35      2.00     7   6.9384
#        1076       0.02152      4.81      2.00     7   6.9433
#        1084       0.02081      7.61      2.00     7   6.9476
#        1085       0.02896      6.22      2.00     6   6.9496
#        1086       0.02792     10.14      2.00     6   6.9507
#        1087       0.02882      8.60      2.00     6   6.9502
#        1088       0.01698     12.34      2.00     7   6.9604
#        1089       0.01225      4.21      2.00     6   6.9665
#        1091       0.02738      6.20      2.00     6   6.9711
#        1093       0.00720     10.65      2.00     5   6.9740
#        1094       0.01086      6.59      2.00     7   6.9761
#        1096       0.01114     10.85      2.00     7   6.9802
#        1097       0.01872      6.94      2.00     7   6.9821
#        1098       0.01400      6.05      2.00     6   6.9872
#        1100       0.00802      4.67      2.00     5   7.0208
#        1102       0.02443     10.39      2.00     6   7.0228
#        1103       0.02450      4.11      2.00     7   7.0244
#        1104       0.01913      7.12      2.00     6   7.0317
#        1106       0.01603     19.93      2.00     7   7.0356
#        1108       0.01230      6.97      2.00     6   7.0406
#        1110       0.00595      5.18      2.00     5   7.0519
#        1112       0.01706      7.36      2.00     7   7.0533
#        1113       0.02282      5.43      2.00     7   7.0534
#        1114       0.00663      4.49      2.00     5   7.0567
#        1115       0.00664      4.68      2.00     5   7.0567
#        1116       0.02014     11.95      2.00     7   7.0605
#        1117       0.03516     10.74      2.00     7   7.0603
#        1118       0.01963     16.10      2.00     7   7.0630
#        1119       0.01706      7.80      2.00     7   7.0684
#        1120       0.02632      4.13      2.00     7   7.0694
#        1121       0.02134     10.82      2.00     7   7.0712
#        1122       0.01482     16.42      2.00     7   7.0710
#        1123       0.01412      5.87      2.00     6   7.0811
#        1124       0.01151      4.46      2.00     6   7.0834
#        1125       0.01222      4.51      2.00     6   7.0834
#        1126       0.03698      5.64      2.00     7   7.0872
#        1127       0.01246      5.32      2.00     6   7.0888
#        1128       0.02501      7.42      2.00     6   7.0893
#        1129       0.01331      5.31      2.00     6   7.0893
#        1130       0.01305      5.97      2.00     6   7.0893
#        1131       0.01319      5.79      2.00     6   7.0904
#        1132       0.01304      6.86      2.00     6   7.0904
#        1133       0.01943     10.52      2.00     6   7.0904
#        1136       0.01623      5.89      2.00     7   7.0956
#        1137       0.02270      4.18      2.00     7   7.0979
#        1138       0.01414      5.34      2.00     6   7.1018
#        1139       0.02032     11.35      2.00     7   7.1026
#        1140       0.04579      9.17      2.00     7   7.1024
#        1141       0.01995     14.82      2.00     7   7.1046
#        1142       0.03355      5.44      2.00     7   7.1082
#        1143       0.01677      6.69      2.00     7   7.1235
#        1144       0.00931      4.21      2.00     7   7.1235
#        1145       0.01242     16.40      2.00     7   7.1245
#        1146       0.01306      5.70      2.00     7   7.1274
#        1147       0.01259     10.15      2.00     7   7.1324
#        1148       0.00774     13.02      2.00     6   7.1357
#        1149       0.02043     10.29      2.00     6   7.1370
#        1150       0.00716     13.77      2.00     6   7.1406
#        1151       0.00703      5.66      2.00     6   7.1420
#        1154       0.00950      7.07      2.00     6   7.1509
#        1155       0.01439      5.37      2.00     6   7.1536
#        1157       0.01382     11.01      2.00     7   7.1650
#        1158       0.01427     14.59      2.00     7   7.1650
#        1159       0.01781     13.39      2.00     7   7.1665
#        1160       0.01228     11.31      2.00     7   7.1672
#        1161       0.02546      6.46      2.00     7   7.1723
#        1162       0.02341     12.74      2.00     7   7.1726
#        1163       0.02382     10.53      2.00     7   7.1726
#        1164       0.02508     13.47      2.00     7   7.1731
#        1165       0.02525     15.42      2.00     7   7.1731
#        1166       0.01971     15.42      2.00     7   7.1742
#        1167       0.01972     18.77      2.00     7   7.1742
#        1168       0.01919      8.54      2.00     7   7.1750
#        1169       0.01648      7.78      2.00     7   7.1854
#        1170       0.00954      4.88      2.00     7   7.1854
#        1171       0.01502      4.16      2.00     6   7.1923
#        1172       0.01852      6.63      2.00     6   7.2128
#        1174       0.02990      5.52      2.00     6   7.2283
#        1175       0.01698      7.36      2.00     6   7.2301
#        1176       0.01782     11.89      2.00     7   7.2454
#        1177       0.01335      6.17      2.00     7   7.2471
#        1178       0.01274      5.81      2.00     7   7.2507
#        1179       0.00738      4.78      2.00     6   7.2515
#        1180       0.03626      8.45      2.00     7   7.2537
#        1181       0.01879      7.12      2.00     7   7.2542
#        1182       0.02000     14.77      2.00     7   7.2561
#        1183       0.00726      4.79      2.00     6   7.2615
#        1185       0.02079      5.47      2.00     7   7.2717
#        1186       0.01364     10.21      2.00     7   7.2750
#        1188       0.03245      4.98      2.00     7   7.2978
#        1189       0.01450      5.23      2.00     6   7.2989
#        1190       0.01237      8.53      2.00     7   7.3006
#        1191       0.02138     11.46      2.00     7   7.3114
#        1192       0.03136      6.30      2.00     7   7.3119
#        1193       0.01360      9.41      2.00     7   7.3119
#        1194       0.03324     14.06      2.00     7   7.3122
#        1195       0.01803      8.02      2.00     7   7.3121
#        1196       0.01456     10.07      2.00     7   7.3122
#        1197       0.01127     11.39      2.00     7   7.3139
#        1198       0.01834     20.15      2.00     7   7.3139
#        1201       0.01522      4.03      2.00     6   7.3427
#        1202       0.01732      5.84      2.00     7   7.3474
#        1203       0.01092     12.88      2.00     7   7.3503
#        1204       0.01455      5.60      2.00     7   7.3503
#        1205       0.01804     11.24      2.00     7   7.3616
#        1206       0.01969      7.66      2.00     7   7.3712
#        1207       0.01418      4.52      2.00     5   7.4018
#        1208       0.01326      7.88      2.00     7   7.4168
#        1209       0.01382      6.50      2.00     7   7.4289
#        1210       0.01576      4.05      2.00     7   7.4466
#        1211       0.01960     29.62      2.00     7   7.4827
#        1213       0.01568      5.14      2.00     7   7.4859
#        1214       0.01573      8.93      2.00     7   7.4900
#        1215       0.01886      5.75      2.00     7   7.4900
#        1216       0.01348      4.65      2.00     5   7.5005
#        1219       0.01065      7.96      2.00     7   7.5144
#        1221       0.01394      4.64      2.00     7   7.5264
#        1222       0.01902     24.86      2.00     7   7.5273
#        1223       0.01602      5.99      2.00     7   7.5554
#        1224       0.01352      7.66      2.00     7   7.5672
#        1226       0.01309      4.14      2.00     7   7.5795
#        1227       0.01760      4.36      2.00     7   7.5795
#        1228       0.01654      6.14      2.00     7   7.5815
#        1230       0.01431      5.06      2.00     6   7.5932
#        1231       0.01485      5.21      2.00     7   7.6050
#        1232       0.01219      4.58      2.00     6   7.6289
#        1233       0.01626      6.34      2.00     7   7.6730
#        1234       0.02092     25.19      2.00     7   7.6797
#        1235       0.01032      4.65      2.00     6   7.6886
#        1236       0.01255      5.30      2.00     6   7.7095
#        1237       0.01720      4.95      2.00     7   7.7168
#        1238       0.01092      4.23      2.00     6   7.7267
#        1239       0.02493     56.93      2.00     7   7.7327
#        1240       0.01132      4.30      2.00     6   7.7420
#        1241       0.01045      4.60      2.00     6   7.7433
#        1243       0.01141      5.32      2.00     6   7.7640
#        1245       0.01520      8.25      2.00     7   7.8459
#        1246       0.01135      9.44      2.00     7   7.8478
#        1247       0.01180      4.02      2.00     6   7.8664
#        1249       0.01171      6.45      2.00     7   7.9021
#        1250       0.01162     22.22      2.00     7   7.9088
#        1251       0.01261      5.35      2.00     7   7.9502
#        1252       0.01217      6.69      2.00     7   7.9727
#        1258       0.01068      6.59      2.00     7   8.0239
#        1259       0.01241      5.91      2.00     7   8.0445
#        1260       0.01940      4.72      2.00     6   8.0634
#        1266       0.01479     11.43      2.00     7   8.3691
#        1267       0.01250      4.97      2.00     6   8.4372
#        1268       0.01613     15.30      2.00     7   8.4879
#   845/1100 paths used
#  xsedge+50, used to normalize mu           1.0000E+00
#  -----------------------------------------------------------------------
#  omega    e    k    mu    mu0     chi     @#
    9726.114   -204.456  -7.200 -2.81945E-06 -2.81890E-06  1.19424E-05
    9728.847   -201.722  -7.150 -6.24916E-06 -6.24849E-06  1.23024E-05
    9731.562   -199.007  -7.100 -9.67886E-06 -9.67808E-06  1.25306E-05
    9734.258   -196.312  -7.050 -1.31086E-05 -1.31077E-05  1.26796E-05
    9736.934   -193.635  -7.000 -1.65383E-05 -1.65373E-05  1.28589E-05
    9739.592   -190.978  -6.950 -1.99680E-05 -1.99668E-05  1.31618E-05
    9742.230   -188.339  -6.900 -2.33977E-05 -2.33964E-05  1.36013E-05
    9744.849   -185.720  -6.850 -2.67415E-05 -2.67400E-05  1.41718E-05
    9747.450   -183.120  -6.800 -2.99881E-05 -2.99862E-05  1.47794E-05
    9750.031   -180.538  -6.750 -3.32347E-05 -3.32324E-05  1.52736E-05
    9752.593   -177.976  -6.700 -3.64813E-05 -3.64786E-05  1.56558E-05
    9755.136   -175.433  -6.650 -3.97278E-05 -3.97248E-05  1.60017E-05
    9757.660   -172.909  -6.600 -4.29744E-05 -4.29710E-05  1.64160E-05
    9760.165   -170.404  -6.550 -4.62210E-05 -4.62172E-05  1.69692E-05
    9762.651   -167.918  -6.500 -4.94676E-05 -4.94633E-05  1.76530E-05
    9765.118   -165.451  -6.450 -5.25943E-05 -5.25889E-05  1.85352E-05
    9767.566   -163.003  -6.400 -5.56433E-05 -5.56362E-05  1.94711E-05
    9769.995   -160.574  -6.350 -5.86923E-05 -5.86836E-05  2.03007E-05
    9772.405   -158.164  -6.300 -6.17414E-05 -6.17310E-05  2.10253E-05
    9774.796   -155.773  -6.250 -6.47904E-05 -6.47783E-05  2.17136E-05
    9777.168   -153.402  -6.200 -6.78395E-05 -6.78257E-05  2.24663E-05
    9779.520   -151.049  -6.150 -7.08885E-05 -7.08731E-05  2.33613E-05
    9781.854   -148.716  -6.100 -7.39375E-05 -7.39204E-05  2.44100E-05
    9784.168   -146.401  -6.050 -7.69385E-05 -7.69174E-05  2.57634E-05
    9786.464   -144.105  -6.000 -7.97839E-05 -7.97515E-05  2.78317E-05
    9788.740   -141.829  -5.950 -8.26293E-05 -8.25856E-05  2.98572E-05
    9790.998   -139.572  -5.900 -8.54748E-05 -8.54197E-05  3.18047E-05
    9793.236   -137.333  -5.850 -8.83202E-05 -8.82538E-05  3.37051E-05
    9795.455   -135.114  -5.800 -9.11657E-05 -9.10879E-05  3.56443E-05
    9797.656   -132.914  -5.750 -9.40111E-05 -9.39219E-05  3.77239E-05
    9799.837   -130.732  -5.700 -9.68565E-05 -9.67560E-05  4.00123E-05
    9801.999   -128.570  -5.650 -9.97020E-05 -9.95901E-05  4.25091E-05
    9804.142   -126.427  -5.600 -1.02622E-04 -1.02368E-04  4.84768E-05
    9806.266   -124.303  -5.550 -1.05772E-04 -1.04971E-04  6.57103E-05
    9808.371   -122.198  -5.500 -1.08922E-04 -1.07573E-04  8.41984E-05
    9810.457   -120.112  -5.450 -1.12073E-04 -1.10176E-04  1.03841E-04
    9812.524   -118.045  -5.400 -1.15223E-04 -1.12779E-04  1.24620E-04
    9814.572   -115.997  -5.350 -1.18374E-04 -1.15381E-04  1.46598E-04
    9816.601   -113.968  -5.300 -1.21524E-04 -1.17984E-04  1.69875E-04
    9818.611   -111.959  -5.250 -1.24675E-04 -1.20587E-04  1.94525E-04
    9820.601   -109.968  -5.200 -1.27825E-04 -1.23189E-04  2.20530E-04
    9822.573   -107.996  -5.150 -1.30975E-04 -1.25792E-04  2.47751E-04
    9824.526   -106.044  -5.100 -1.33624E-04 -1.28277E-04  2.51267E-04
    9826.459   -104.110  -5.050 -1.35691E-04 -1.30624E-04  2.25685E-04
    9828.374   -102.196  -5.000 -1.37757E-04 -1.32971E-04  1.99129E-04
    9830.269   -100.300  -4.950 -1.39824E-04 -1.35318E-04  1.71652E-04
    9832.146    -98.424  -4.900 -1.41891E-04 -1.37666E-04  1.43359E-04
    9834.003    -96.566  -4.850 -1.43958E-04 -1.40013E-04  1.14398E-04
    9835.841    -94.728  -4.800 -1.46024E-04 -1.42360E-04  8.49430E-05
    9837.661    -92.909  -4.750 -1.48091E-04 -1.44708E-04  5.51604E-05
    9839.461    -91.109  -4.700 -1.50158E-04 -1.47055E-04  2.51887E-05
    9841.242    -89.327  -4.650 -1.52225E-04 -1.49402E-04 -4.88244E-06
    9843.004    -87.565  -4.600 -1.54292E-04 -1.51750E-04 -3.50162E-05
    9844.747    -85.822  -4.550 -1.56273E-04 -1.53910E-04 -4.42927E-05
    9846.471    -84.098  -4.500 -1.58207E-04 -1.55968E-04 -4.15585E-05
    9848.176    -82.393  -4.450 -1.60142E-04 -1.58026E-04 -3.82769E-05
    9849.862    -80.707  -4.400 -1.62077E-04 -1.60084E-04 -3.45840E-05
    9851.529    -79.040  -4.350 -1.64011E-04 -1.62142E-04 -3.05594E-05
    9853.177    -77.393  -4.300 -1.65946E-04 -1.64199E-04 -2.61914E-05
    9854.805    -75.764  -4.250 -1.67880E-04 -1.66257E-04 -2.13677E-05
    9856.415    -74.154  -4.200 -1.69815E-04 -1.68315E-04 -1.58981E-05
    9858.006    -72.563  -4.150 -1.71749E-04 -1.70373E-04 -9.56501E-06
    9859.577    -70.992  -4.100 -1.73684E-04 -1.72431E-04 -2.18782E-06
    9861.130    -69.439  -4.050 -1.75618E-04 -1.74489E-04  6.31665E-06
    9862.664    -67.906  -4.000 -1.77553E-04 -1.76546E-04  1.58980E-05
    9864.178    -66.391  -3.950 -1.79406E-04 -1.78477E-04  2.03500E-04
    9865.673    -64.896  -3.900 -1.81120E-04 -1.80190E-04  7.22610E-04
    9867.150    -63.419  -3.850 -1.82833E-04 -1.81903E-04  1.18854E-03
    9868.607    -61.962  -3.800 -1.84546E-04 -1.83616E-04  1.48272E-03
    9870.045    -60.524  -3.750 -1.86260E-04 -1.85329E-04  1.50937E-03
    9871.465    -59.105  -3.700 -1.87973E-04 -1.87042E-04  1.22088E-03
    9872.865    -57.705  -3.650 -1.89687E-04 -1.88755E-04  6.34719E-04
    9874.246    -56.323  -3.600 -1.91400E-04 -1.90467E-04 -1.63159E-04
    9875.608    -54.961  -3.550 -1.93113E-04 -1.92180E-04 -1.02995E-03
    9876.951    -53.618  -3.500 -1.94827E-04 -1.93893E-04 -1.79154E-03
    9878.275    -52.294  -3.450 -1.96540E-04 -1.95606E-04 -2.27728E-03
    9879.580    -50.989  -3.400 -1.98254E-04 -1.97319E-04 -2.35715E-03
    9880.866    -49.704  -3.350 -1.99967E-04 -1.99032E-04 -1.97331E-03
    9882.133    -48.437  -3.300 -2.01681E-04 -2.00745E-04 -1.15888E-03
    9883.380    -47.189  -3.250 -2.03394E-04 -2.02457E-04 -3.89240E-05
    9884.609    -45.960  -3.200 -2.04746E-04 -2.03794E-04  1.25943E-03
    9885.819    -44.751  -3.150 -2.06010E-04 -2.05038E-04  3.07498E-03
    9887.009    -43.560  -3.100 -2.07274E-04 -2.06282E-04  5.12265E-03
    9888.181    -42.388  -3.050 -2.08538E-04 -2.07526E-04  6.97499E-03
    9889.333    -41.236  -3.000 -2.09802E-04 -2.08770E-04  8.18619E-03
    9890.467    -40.102  -2.950 -2.11066E-04 -2.10014E-04  8.36994E-03
    9891.581    -38.988  -2.900 -2.12330E-04 -2.11258E-04  7.26991E-03
    9892.677    -37.893  -2.850 -2.13594E-04 -2.12502E-04  4.81243E-03
    9893.753    -36.816  -2.800 -2.14858E-04 -2.13746E-04  1.13434E-03
    9894.810    -35.759  -2.750 -2.16122E-04 -2.14990E-04 -3.41744E-03
    9895.849    -34.721  -2.700 -2.17385E-04 -2.16234E-04 -8.31571E-03
    9896.868    -33.702  -2.650 -2.18649E-04 -2.17478E-04 -1.29104E-02
    9897.868    -32.701  -2.600 -2.19913E-04 -2.18722E-04 -1.65089E-02
    9898.849    -31.720  -2.550 -2.21177E-04 -2.19966E-04 -1.84724E-02
    9899.811    -30.758  -2.500 -2.22441E-04 -2.21210E-04 -1.83154E-02
    9900.754    -29.815  -2.450 -2.23705E-04 -2.22454E-04 -1.57947E-02
    9901.678    -28.892  -2.400 -2.24969E-04 -2.23698E-04 -1.09715E-02
    9902.583    -27.987  -2.350 -2.26233E-04 -2.24942E-04 -4.23414E-03
    9903.469    -27.101  -2.300 -2.27497E-04 -2.26186E-04  3.72846E-03
    9904.335    -26.234  -2.250 -2.28236E-04 -2.26937E-04  1.15578E+00
    9905.183    -25.386  -2.200 -2.28863E-04 -2.27583E-04  2.42149E+00
    9906.012    -24.558  -2.150 -2.29490E-04 -2.28228E-04  2.38884E+00
    9906.821    -23.748  -2.100 -2.30117E-04 -2.28874E-04  5.89118E-01
    9907.612    -22.957  -2.050 -2.30744E-04 -2.29520E-04 -2.37480E+00
    9908.383    -22.186  -2.000 -2.31371E-04 -2.30165E-04 -5.17222E+00
    9909.136    -21.433  -1.950 -2.31998E-04 -2.30811E-04 -6.49748E+00
    9909.869    -20.700  -1.900 -2.32624E-04 -2.31456E-04 -5.75776E+00
    9910.584    -19.986  -1.850 -2.33251E-04 -2.32102E-04 -3.30686E+00
    9911.279    -19.290  -1.800 -2.33878E-04 -2.32747E-04 -1.53201E-01
    9911.955    -18.614  -1.750 -2.34505E-04 -2.33393E-04  2.61092E+00
    9912.612    -17.957  -1.700 -2.35132E-04 -2.34039E-04  4.29455E+00
    9913.251    -17.319  -1.650 -2.35759E-04 -2.34684E-04  4.76988E+00
    9913.870    -16.700  -1.600 -2.36199E-04 -2.35173E-04  7.01007E+00
    9914.470    -16.099  -1.550 -2.36296E-04 -2.35375E-04 -2.08145E+01
    9915.051    -15.518  -1.500 -2.36296E-04 -2.35493E-04  3.06955E+00
    9915.613    -14.956  -1.450 -2.36192E-04 -2.35520E-04  7.35027E+00
    9916.156    -14.414  -1.400 -2.35982E-04 -2.35446E-04  4.67604E+00
    9916.680    -13.890  -1.350 -2.35667E-04 -2.35259E-04  3.87902E+00
    9917.184    -13.385  -1.300 -2.35256E-04 -2.34946E-04  4.81122E+00
    9917.670    -12.899  -1.250 -2.34769E-04 -2.34492E-04  6.49726E+00
    9918.137    -12.432  -1.200 -2.34219E-04 -2.33877E-04  4.49525E+00
    9918.585    -11.985  -1.150 -2.33589E-04 -2.33079E-04 -1.47099E+00
    9919.013    -11.556  -1.100 -2.32836E-04 -2.32071E-04 -6.75186E+00
    9919.423    -11.146  -1.050 -2.31906E-04 -2.30820E-04 -7.49197E+00
    9919.813    -10.756  -1.000 -2.30738E-04 -2.29285E-04 -2.52878E+00
    9920.185    -10.385  -0.950 -2.29262E-04 -2.27418E-04  4.17878E+00
    9920.537    -10.032  -0.900 -2.27406E-04 -2.25167E-04  7.37805E+00
    9920.871     -9.699  -0.850 -2.25073E-04 -2.22452E-04  5.41048E+00
    9921.185     -9.384  -0.800 -2.22176E-04 -2.19200E-04  6.86725E-01
    9921.480     -9.089  -0.750 -2.18605E-04 -2.15310E-04 -3.21665E+00
    9921.756     -8.813  -0.700 -2.14252E-04 -2.10676E-04 -4.47012E+00
    9922.014     -8.556  -0.650 -2.09009E-04 -2.05191E-04 -3.51637E+00
    9922.252     -8.318  -0.600 -2.02739E-04 -1.98716E-04 -1.77484E+00
    9922.471     -8.099  -0.550 -1.95394E-04 -1.91201E-04 -3.00676E-01
    9922.671     -7.898  -0.500 -1.86975E-04 -1.82640E-04  5.47124E-01
    9922.852     -7.718  -0.450 -1.77605E-04 -1.73155E-04  8.56335E-01
    9923.014     -7.556  -0.400 -1.67559E-04 -1.63014E-04  8.41712E-01
    9923.157     -7.413  -0.350 -1.57287E-04 -1.52668E-04  6.87085E-01
    9923.280     -7.289  -0.300 -1.47356E-04 -1.42677E-04  5.00257E-01
    9923.385     -7.184  -0.250 -1.38319E-04 -1.33593E-04  3.31933E-01
    9923.471     -7.098  -0.200 -1.30693E-04 -1.25931E-04  2.00577E-01
    9923.538     -7.032  -0.150 -1.06176E-04 -1.01389E-04  1.06237E-01
    9923.585     -6.984  -0.100 -2.59248E-05 -2.11260E-05  6.40868E-02
    9923.614     -6.956  -0.050  5.43264E-05  5.91368E-05  2.31637E-02
    9923.623     -6.946   0.000  1.34460E-04  1.39282E-04 -1.64014E-02
    9923.633     -6.936   0.050  1.27887E-04  1.43070E-04 -5.15331E-02
    9923.661     -6.908   0.100  1.21641E-04  1.46857E-04 -8.54049E-02
    9923.709     -6.860   0.150  1.15746E-04  1.50645E-04 -1.17949E-01
    9923.776     -6.794   0.200  1.04930E-04  1.57753E-04 -1.77803E-01
    9923.861     -6.708   0.250  9.33661E-05  1.66564E-04 -2.45136E-01
    9923.966     -6.603   0.300  8.33327E-05  1.76686E-04 -3.10825E-01
    9924.090     -6.479   0.350  7.60713E-05  1.87718E-04 -3.69450E-01
    9924.233     -6.336   0.400  7.14632E-05  1.99144E-04 -4.19867E-01
    9924.395     -6.174   0.450  6.88838E-05  2.10419E-04 -4.62620E-01
    9924.576     -5.993   0.500  6.64461E-05  2.21077E-04 -5.02634E-01
    9924.776     -5.793   0.550  6.20927E-05  2.30812E-04 -5.45824E-01
    9924.995     -5.574   0.600  5.49725E-05  2.39458E-04 -5.94575E-01
    9925.233     -5.336   0.650  4.64374E-05  2.46960E-04 -6.44602E-01
    9925.490     -5.079   0.700  4.00890E-05  2.53305E-04 -6.84613E-01
    9925.766     -4.803   0.750  4.09762E-05  2.58581E-04 -6.98912E-01
    9926.062     -4.508   0.800  5.37724E-05  2.62847E-04 -6.72750E-01
    9926.376     -4.193   0.850  8.09809E-05  2.66172E-04 -5.97934E-01
    9926.709     -3.860   0.900  1.21626E-04  2.68634E-04 -4.77021E-01
    9927.062     -3.507   0.950  1.72665E-04  2.70290E-04 -3.18838E-01
    9927.433     -3.136   1.000  2.26368E-04  2.71231E-04 -1.47682E-01
    9927.824     -2.745   1.050  2.76574E-04  2.71513E-04  1.68140E-02
    9928.233     -2.336   1.100  3.17264E-04  2.71207E-04  1.54632E-01
    9928.662     -1.907   1.150  3.44630E-04  2.70388E-04  2.52143E-01
    9929.110     -1.460   1.200  3.57470E-04  2.69121E-04  3.03813E-01
    9929.576     -0.993   1.250  3.57353E-04  2.67473E-04  3.13197E-01
    9930.062     -0.507   1.300  3.47620E-04  2.65505E-04  2.90143E-01
    9930.567     -0.002   1.350  3.32535E-04  2.63275E-04  2.48277E-01
    9931.091      0.522   1.400  3.16248E-04  2.60837E-04  2.01587E-01
    9931.634      1.064   1.450  3.02007E-04  2.58243E-04  1.61631E-01
    9932.196      1.626   1.500  2.91668E-04  2.55534E-04  1.35496E-01
    9932.777      2.207   1.550  2.85557E-04  2.52753E-04  1.24899E-01
    9933.377      2.808   1.600  2.82726E-04  2.49929E-04  1.26782E-01
    9933.996      3.427   1.650  2.81506E-04  2.47104E-04  1.35000E-01
    9934.634      4.065   1.700  2.80052E-04  2.44295E-04  1.42417E-01
    9935.291      4.722   1.750  2.76979E-04  2.41527E-04  1.43266E-01
    9935.968      5.398   1.800  2.71688E-04  2.38815E-04  1.34742E-01
    9936.663      6.094   1.850  2.64490E-04  2.36178E-04  1.17656E-01
    9937.377      6.808   1.900  2.56379E-04  2.33622E-04  9.58340E-02
    9938.111      7.541   1.950  2.48595E-04  2.31163E-04  7.43572E-02
    9938.863      8.294   2.000  2.42067E-04  2.28798E-04  5.72949E-02
    9939.635      9.065   2.050  2.37597E-04  2.26508E-04  4.84469E-02
    9940.425      9.856   2.100  2.35075E-04  2.24229E-04  4.79490E-02
    9941.235     10.666   2.150  2.33938E-04  2.21985E-04  5.34883E-02
    9942.064     11.494   2.200  2.33453E-04  2.19911E-04  6.13281E-02
    9942.911     12.342   2.250  2.33438E-04  2.18724E-04  6.73359E-02
    9943.778     13.209   2.300  2.33410E-04  2.18524E-04  6.85972E-02
    9944.664     14.095   2.350  2.33112E-04  2.19071E-04  6.49459E-02
    9945.569     15.000   2.400  2.33165E-04  2.20340E-04  5.94279E-02
    9946.493     15.923   2.450  2.32909E-04  2.21028E-04  5.51283E-02
    9947.436     16.866   2.500  2.31858E-04  2.21071E-04  5.01634E-02
    9948.398     17.828   2.550  2.30158E-04  2.20781E-04  4.37391E-02
    9949.379     18.810   2.600  2.27901E-04  2.20348E-04  3.53453E-02
    9950.379     19.810   2.650  2.25119E-04  2.19862E-04  2.46732E-02
    9951.398     20.829   2.700  2.21817E-04  2.19366E-04  1.15309E-02
    9952.436     21.867   2.750  2.18024E-04  2.18894E-04 -4.10445E-03
    9953.494     22.924   2.800  2.13840E-04  2.18491E-04 -2.19490E-02
    9954.570     24.001   2.850  2.09421E-04  2.18186E-04 -4.13765E-02
    9955.665     25.096   2.900  2.04938E-04  2.17957E-04 -6.14334E-02
    9956.780     26.210   2.950  2.00655E-04  2.17800E-04 -8.08251E-02
    9957.913     27.344   3.000  1.96866E-04  2.17694E-04 -9.80547E-02
    9959.066     28.496   3.050  1.93885E-04  2.17645E-04 -1.11665E-01
    9960.237     29.668   3.100  1.91970E-04  2.17649E-04 -1.20441E-01
    9961.428     30.859   3.150  1.91302E-04  2.17713E-04 -1.23585E-01
    9962.638     32.068   3.200  1.91946E-04  2.17821E-04 -1.20766E-01
    9963.866     33.297   3.250  1.93869E-04  2.17978E-04 -1.12213E-01
    9965.114     34.545   3.300  1.96923E-04  2.18183E-04 -9.86592E-02
    9966.381     35.812   3.350  2.00877E-04  2.18426E-04 -8.11796E-02
    9967.667     37.097   3.400  2.05446E-04  2.18705E-04 -6.11373E-02
    9968.972     38.402   3.450  2.10325E-04  2.19026E-04 -3.99846E-02
    9970.296     39.726   3.500  2.15209E-04  2.19371E-04 -1.90612E-02
    9971.639     41.069   3.550  2.19865E-04  2.19751E-04  5.18968E-04
    9973.001     42.431   3.600  2.24094E-04  2.20143E-04  1.79668E-02
    9974.382     43.813   3.650  2.27812E-04  2.20558E-04  3.28740E-02
    9975.782     45.213   3.700  2.30985E-04  2.20987E-04  4.51601E-02
    9977.201     46.632   3.750  2.33648E-04  2.21426E-04  5.50182E-02
    9978.639     48.070   3.800  2.35859E-04  2.21871E-04  6.27580E-02
    9980.097     49.527   3.850  2.37676E-04  2.22311E-04  6.87146E-02
    9981.573     51.004   3.900  2.39161E-04  2.22759E-04  7.31305E-02
    9983.069     52.499   3.950  2.40310E-04  2.23191E-04  7.61066E-02
    9984.583     54.014   4.000  2.41117E-04  2.23614E-04  7.75967E-02
    9986.117     55.547   4.050  2.41533E-04  2.24019E-04  7.74465E-02
    9987.669     57.100   4.100  2.41507E-04  2.24412E-04  7.54132E-02
    9989.241     58.671   4.150  2.40968E-04  2.24777E-04  7.12703E-02
    9990.831     60.262   4.200  2.39878E-04  2.25115E-04  6.48585E-02
    9992.441     61.872   4.250  2.38230E-04  2.25430E-04  5.61335E-02
    9994.070     63.501   4.300  2.36041E-04  2.25709E-04  4.52371E-02
    9995.718     65.148   4.350  2.33387E-04  2.25960E-04  3.24784E-02
    9997.385     66.815   4.400  2.30368E-04  2.26169E-04  1.83388E-02
    9999.071     68.501   4.450  2.27138E-04  2.26351E-04  3.43407E-03
   10000.776     70.206   4.500  2.23845E-04  2.26492E-04 -1.15441E-02
   10002.500     71.930   4.550  2.20663E-04  2.26596E-04 -2.58611E-02
   10004.243     73.673   4.600  2.17753E-04  2.26665E-04 -3.88378E-02
   10006.005     75.435   4.650  2.15249E-04  2.26694E-04 -4.98708E-02
   10007.786     77.217   4.700  2.13266E-04  2.26689E-04 -5.84990E-02
   10009.586     79.017   4.750  2.11869E-04  2.26647E-04 -6.44212E-02
   10011.405     80.836   4.800  2.11096E-04  2.26576E-04 -6.75102E-02
   10013.244     82.674   4.850  2.10934E-04  2.26470E-04 -6.77947E-02
   10015.101     84.532   4.900  2.11347E-04  2.26337E-04 -6.54607E-02
   10016.977     86.408   4.950  2.12262E-04  2.26173E-04 -6.08025E-02
   10018.873     88.304   5.000  2.13600E-04  2.25989E-04 -5.41995E-02
   10020.787     90.218   5.050  2.15258E-04  2.25780E-04 -4.60825E-02
   10022.721     92.152   5.100  2.17140E-04  2.25553E-04 -3.68864E-02
   10024.674     94.104   5.150  2.19150E-04  2.25311E-04 -2.70444E-02
   10026.645     96.076   5.200  2.21197E-04  2.25055E-04 -1.69553E-02
   10028.636     98.067   5.250  2.23210E-04  2.24792E-04 -6.96375E-03
   10030.646    100.076   5.300  2.25113E-04  2.24516E-04  2.63163E-03
   10032.675    102.105   5.350  2.26866E-04  2.24239E-04  1.15901E-02
   10034.722    104.153   5.400  2.28429E-04  2.23964E-04  1.97188E-02
   10036.789    106.220   5.450  2.29762E-04  2.23687E-04  2.68584E-02
   10038.875    108.306   5.500  2.30844E-04  2.23417E-04  3.28764E-02
   10040.980    110.411   5.550  2.31647E-04  2.23149E-04  3.76568E-02
   10043.104    112.535   5.600  2.32156E-04  2.22892E-04  4.10946E-02
   10045.248    114.678   5.650  2.32351E-04  2.22644E-04  4.30987E-02
   10047.410    116.840   5.700  2.32224E-04  2.22412E-04  4.36080E-02
   10049.591    119.022   5.750  2.31771E-04  2.22194E-04  4.25970E-02
   10051.791    121.222   5.800  2.30996E-04  2.21987E-04  4.00971E-02
   10054.011    123.441   5.850  2.29928E-04  2.21799E-04  3.62045E-02
   10056.249    125.680   5.900  2.28605E-04  2.21630E-04  3.10820E-02
   10058.506    127.937   5.950  2.27075E-04  2.21477E-04  2.49542E-02
   10060.783    130.213   6.000  2.25397E-04  2.21339E-04  1.80939E-02
   10063.078    132.509   6.050  2.23644E-04  2.21222E-04  1.08041E-02
   10065.393    134.824   6.100  2.21883E-04  2.21122E-04  3.39772E-03
   10067.726    137.157   6.150  2.20185E-04  2.21041E-04 -3.82010E-03
   10070.079    139.510   6.200  2.18605E-04  2.20973E-04 -1.05687E-02
   10072.451    141.882   6.250  2.17202E-04  2.20923E-04 -1.66028E-02
   10074.842    144.272   6.300  2.16023E-04  2.20890E-04 -2.17173E-02
   10077.251    146.682   6.350  2.15096E-04  2.20867E-04 -2.57524E-02
   10079.680    149.111   6.400  2.14447E-04  2.20856E-04 -2.85960E-02
   10082.128    151.559   6.450  2.14084E-04  2.20850E-04 -3.01837E-02
   10084.595    154.026   6.500  2.14018E-04  2.20856E-04 -3.05038E-02
   10087.081    156.512   6.550  2.14236E-04  2.20872E-04 -2.95963E-02
   10089.586    159.017   6.600  2.14710E-04  2.20890E-04 -2.75533E-02
   10092.110    161.541   6.650  2.15410E-04  2.20909E-04 -2.45172E-02
   10094.654    164.084   6.700  2.16291E-04  2.20928E-04 -2.06730E-02
   10097.216    166.646   6.750  2.17303E-04  2.20945E-04 -1.62357E-02
   10099.797    169.228   6.800  2.18394E-04  2.20960E-04 -1.14361E-02
   10102.397    171.828   6.850  2.19508E-04  2.20967E-04 -6.50386E-03
   10105.017    174.447   6.900  2.20602E-04  2.20972E-04 -1.65036E-03
   10107.655    177.086   6.950  2.21627E-04  2.20967E-04  2.94278E-03
   10110.313    179.743   7.000  2.22550E-04  2.20951E-04  7.13105E-03
   10112.989    182.420   7.050  2.23341E-04  2.20919E-04  1.08065E-02
   10115.685    185.115   7.100  2.23987E-04  2.20874E-04  1.38965E-02
   10118.399    187.830   7.150  2.24479E-04  2.20817E-04  1.63530E-02
   10121.133    190.564   7.200  2.24804E-04  2.20743E-04  1.81464E-02
   10123.886    193.316   7.250  2.24962E-04  2.20655E-04  1.92611E-02
   10126.657    196.088   7.300  2.24948E-04  2.20548E-04  1.96912E-02
   10129.448    198.879   7.350  2.24764E-04  2.20424E-04  1.94411E-02
   10132.258    201.689   7.400  2.24413E-04  2.20280E-04  1.85306E-02
   10135.087    204.518   7.450  2.23909E-04  2.20122E-04  1.69973E-02
   10137.935    207.366   7.500  2.23262E-04  2.19946E-04  1.49009E-02
   10140.802    210.233   7.550  2.22492E-04  2.19752E-04  1.23242E-02
   10143.688    213.119   7.600  2.21625E-04  2.19545E-04  9.36999E-03
   10146.593    216.024   7.650  2.20687E-04  2.19321E-04  6.15813E-03
   10149.517    218.948   7.700  2.19709E-04  2.19085E-04  2.81773E-03
   10152.460    221.891   7.750  2.18722E-04  2.18837E-04 -5.20029E-04
   10155.423    224.853   7.800  2.17756E-04  2.18579E-04 -3.72826E-03
   10158.404    227.835   7.850  2.16832E-04  2.18306E-04 -6.69121E-03
   10161.404    230.835   7.900  2.15982E-04  2.18030E-04 -9.30749E-03
   10164.424    233.855   7.950  2.15221E-04  2.17745E-04 -1.14932E-02
   10167.462    236.893   8.000  2.14567E-04  2.17457E-04 -1.31832E-02
   10170.520    239.951   8.050  2.14026E-04  2.17162E-04 -1.43294E-02
   10173.596    243.027   8.100  2.13610E-04  2.16867E-04 -1.49029E-02
   10176.692    246.123   8.150  2.13322E-04  2.16571E-04 -1.48923E-02
   10179.807    249.237   8.200  2.13160E-04  2.16276E-04 -1.43042E-02
   10182.940    252.371   8.250  2.13120E-04  2.15983E-04 -1.31653E-02
   10186.093    255.524   8.300  2.13194E-04  2.15696E-04 -1.15228E-02
   10189.265    258.696   8.350  2.13364E-04  2.15411E-04 -9.44418E-03
   10192.456    261.886   8.400  2.13616E-04  2.15135E-04 -7.01904E-03
   10195.666    265.096   8.450  2.13926E-04  2.14868E-04 -4.35498E-03
   10198.895    268.325   8.500  2.14265E-04  2.14605E-04 -1.57456E-03
   10202.143    271.573   8.550  2.14609E-04  2.14352E-04  1.19129E-03
   10205.410    274.840   8.600  2.14934E-04  2.14114E-04  3.81096E-03
   10208.696    278.127   8.650  2.15205E-04  2.13881E-04  6.16062E-03
   10212.001    281.432   8.700  2.15404E-04  2.13658E-04  8.13363E-03
   10215.325    284.756   8.750  2.15517E-04  2.13448E-04  9.64670E-03
   10218.668    288.099   8.800  2.15525E-04  2.13244E-04  1.06452E-02
   10222.031    291.461   8.850  2.15434E-04  2.13056E-04  1.11073E-02
   10225.412    294.843   8.900  2.15235E-04  2.12873E-04  1.10428E-02
   10228.813    298.243   8.950  2.14946E-04  2.12705E-04  1.04899E-02
   10232.232    301.663   9.000  2.14572E-04  2.12542E-04  9.51119E-03
   10235.671    305.101   9.050  2.14133E-04  2.12388E-04  8.18629E-03
   10239.128    308.559   9.100  2.13648E-04  2.12241E-04  6.60462E-03
   10242.605    312.035   9.150  2.13137E-04  2.12103E-04  4.85790E-03
   10246.100    315.531   9.200  2.12612E-04  2.11967E-04  3.03405E-03
   10249.615    319.046   9.250  2.12096E-04  2.11839E-04  1.21246E-03
   10253.149    322.580   9.300  2.11597E-04  2.11712E-04 -5.38856E-04
   10256.702    326.132   9.350  2.11127E-04  2.11587E-04 -2.16407E-03
   10260.274    329.704   9.400  2.10694E-04  2.11461E-04 -3.61885E-03
   10263.864    333.295   9.450  2.10309E-04  2.11340E-04 -4.86781E-03
   10267.474    336.905   9.500  2.09969E-04  2.11215E-04 -5.88382E-03
   10271.103    340.534   9.550  2.09682E-04  2.11088E-04 -6.64556E-03
   10274.751    344.182   9.600  2.09450E-04  2.10958E-04 -7.13679E-03
   10278.419    347.849   9.650  2.09276E-04  2.10828E-04 -7.34681E-03
   10282.105    351.535   9.700  2.09149E-04  2.10684E-04 -7.27154E-03
   10285.810    355.241   9.750  2.09084E-04  2.10542E-04 -6.91527E-03
   10289.534    358.965   9.800  2.09067E-04  2.10392E-04 -6.29182E-03
   10293.278    362.708   9.850  2.09091E-04  2.10233E-04 -5.42630E-03
   10297.040    366.471   9.900  2.09149E-04  2.10064E-04 -4.35498E-03
   10300.821    370.252   9.950  2.09231E-04  2.09887E-04 -3.12438E-03
   10304.622    374.052  10.000  2.09324E-04  2.09700E-04 -1.78997E-03
   10308.441    377.872  10.050  2.09422E-04  2.09508E-04 -4.12604E-04
   10312.280    381.710  10.100  2.09504E-04  2.09306E-04  9.44111E-04
   10316.137    385.568  10.150  2.09554E-04  2.09090E-04  2.21795E-03
   10320.014    389.445  10.200  2.09571E-04  2.08871E-04  3.35176E-03
   10323.910    393.340  10.250  2.09537E-04  2.08641E-04  4.29627E-03
   10327.825    397.255  10.300  2.09447E-04  2.08403E-04  5.01338E-03
   10331.758    401.189  10.350  2.09301E-04  2.08162E-04  5.47788E-03
   10335.711    405.142  10.400  2.09093E-04  2.07913E-04  5.67850E-03
   10339.683    409.114  10.450  2.08822E-04  2.07656E-04  5.61814E-03
   10343.674    413.105  10.500  2.08498E-04  2.07397E-04  5.31275E-03
   10347.684    417.115  10.550  2.08127E-04  2.07136E-04  4.78988E-03
   10351.713    421.144  10.600  2.07715E-04  2.06870E-04  4.08625E-03
   10355.761    425.192  10.650  2.07272E-04  2.06602E-04  3.24486E-03
   10359.828    429.259  10.700  2.06811E-04  2.06335E-04  2.31231E-03
   10363.915    433.345  10.750  2.06347E-04  2.06072E-04  1.33549E-03
   10368.020    437.451  10.800  2.05879E-04  2.05805E-04  3.59440E-04
   10372.144    441.575  10.850  2.05421E-04  2.05539E-04 -5.75072E-04
   10376.288    445.718  10.900  2.04986E-04  2.05279E-04 -1.43255E-03
   10380.450    449.881  10.950  2.04581E-04  2.05028E-04 -2.18405E-03
   10384.631    454.062  11.000  2.04199E-04  2.04773E-04 -2.80743E-03
   10388.832    458.263  11.050  2.03853E-04  2.04525E-04 -3.28725E-03
   10393.051    462.482  11.100  2.03547E-04  2.04285E-04 -3.61441E-03
   10397.290    466.721  11.150  2.03274E-04  2.04047E-04 -3.78555E-03
   10401.548    470.978  11.200  2.03042E-04  2.03817E-04 -3.80260E-03
   10405.824    475.255  11.250  2.02843E-04  2.03591E-04 -3.67201E-03
   10410.120    479.551  11.300  2.02680E-04  2.03373E-04 -3.40424E-03
   10414.435    483.866  11.350  2.02550E-04  2.03162E-04 -3.01346E-03
   10418.769    488.200  11.400  2.02445E-04  2.02956E-04 -2.51736E-03
   10423.122    492.552  11.450  2.02364E-04  2.02757E-04 -1.93643E-03
   10427.494    496.924  11.500  2.02297E-04  2.02559E-04 -1.29418E-03
   10431.885    501.315  11.550  2.02244E-04  2.02369E-04 -6.16462E-04
   10436.295    505.725  11.600  2.02195E-04  2.02181E-04  6.93256E-05
   10440.724    510.155  11.650  2.02144E-04  2.01995E-04  7.34581E-04
   10445.172    514.603  11.700  2.02090E-04  2.01816E-04  1.35121E-03
   10449.639    519.070  11.750  2.02023E-04  2.01640E-04  1.89266E-03
   10454.126    523.556  11.800  2.01940E-04  2.01468E-04  2.33544E-03
   10458.631    528.062  11.850  2.01828E-04  2.01291E-04  2.66065E-03
   10463.155    532.586  11.900  2.01696E-04  2.01120E-04  2.85550E-03
   10467.699    537.129  11.950  2.01533E-04  2.00946E-04  2.91372E-03
   10472.261    541.692  12.000  2.01344E-04  2.00774E-04  2.83642E-03
   10476.843    546.273  12.050  2.01125E-04  2.00596E-04  2.63169E-03
   10481.443    550.874  12.100  2.00882E-04  2.00417E-04  2.31410E-03
   10486.063    555.493  12.150  2.00618E-04  2.00235E-04  1.90336E-03
   10490.701    560.132  12.200  2.00334E-04  2.00049E-04  1.42299E-03
   10495.359    564.790  12.250  2.00039E-04  1.99859E-04  8.98527E-04
   10500.036    569.467  12.300  1.99732E-04  1.99660E-04  3.56217E-04
   10504.732    574.162  12.350  1.99425E-04  1.99461E-04 -1.78715E-04
   10509.446    578.877  12.400  1.99117E-04  1.99253E-04 -6.82705E-04
   10514.180    583.611  12.450  1.98815E-04  1.99041E-04 -1.13533E-03
   10518.933    588.364  12.500  1.98519E-04  1.98822E-04 -1.51949E-03
   10523.705    593.136  12.550  1.98232E-04  1.98595E-04 -1.82171E-03
   10528.496    597.927  12.600  1.97959E-04  1.98363E-04 -2.03263E-03
   10533.307    602.737  12.650  1.97697E-04  1.98124E-04 -2.14710E-03
   10538.136    607.566  12.700  1.97447E-04  1.97876E-04 -2.16387E-03
   10542.984    612.415  12.750  1.97211E-04  1.97625E-04 -2.08582E-03
   10547.851    617.282  12.800  1.96986E-04  1.97366E-04 -1.91945E-03
   10552.737    622.168  12.850  1.96775E-04  1.97106E-04 -1.67490E-03
   10557.643    627.073  12.900  1.96569E-04  1.96838E-04 -1.36538E-03
   10562.567    631.998  12.950  1.96368E-04  1.96566E-04 -1.00642E-03
   10567.511    636.941  13.000  1.96167E-04  1.96288E-04 -6.15381E-04
   10572.473    641.904  13.050  1.95967E-04  1.96009E-04 -2.10874E-04
   10577.455    646.885  13.100  1.95766E-04  1.95729E-04  1.88465E-04
   10582.455    651.886  13.150  1.95552E-04  1.95442E-04  5.64636E-04
   10587.475    656.906  13.200  1.95335E-04  1.95159E-04  9.01111E-04
   10592.514    661.944  13.250  1.95103E-04  1.94872E-04  1.18381E-03
   10597.571    667.002  13.300  1.94858E-04  1.94585E-04  1.40144E-03
   10602.648    672.079  13.350  1.94603E-04  1.94301E-04  1.54646E-03
   10607.744    677.175  13.400  1.94330E-04  1.94016E-04  1.61494E-03
   10612.859    682.290  13.450  1.94048E-04  1.93736E-04  1.60725E-03
   10617.993    687.424  13.500  1.93753E-04  1.93457E-04  1.52726E-03
   10623.146    692.577  13.550  1.93446E-04  1.93178E-04  1.38226E-03
   10628.318    697.749  13.600  1.93136E-04  1.92908E-04  1.18254E-03
   10633.509    702.940  13.650  1.92815E-04  1.92633E-04  9.40254E-04
   10638.719    708.150  13.700  1.92501E-04  1.92372E-04  6.68977E-04
   10643.948    713.379  13.750  1.92187E-04  1.92113E-04  3.82609E-04
   10649.197    718.627  13.800  1.91872E-04  1.91854E-04  9.48074E-05
   10654.464    723.895  13.850  1.91563E-04  1.91598E-04 -1.81843E-04
   10659.750    729.181  13.900  1.91266E-04  1.91349E-04 -4.36140E-04
   10665.056    734.486  13.950  1.90982E-04  1.91109E-04 -6.58909E-04
   10670.380    739.811  14.000  1.90708E-04  1.90869E-04 -8.42887E-04
   10675.724    745.154  14.050  1.90443E-04  1.90631E-04 -9.82981E-04
   10681.086    750.517  14.100  1.90195E-04  1.90401E-04 -1.07625E-03
   10686.468    755.899  14.150  1.89957E-04  1.90171E-04 -1.12154E-03
   10691.869    761.299  14.200  1.89731E-04  1.89944E-04 -1.11935E-03
   10697.288    766.719  14.250  1.89513E-04  1.89717E-04 -1.07177E-03
   10702.727    772.158  14.300  1.89310E-04  1.89497E-04 -9.82268E-04
   10708.185    777.615  14.350  1.89115E-04  1.89277E-04 -8.55276E-04
   10713.662    783.092  14.400  1.88926E-04  1.89058E-04 -6.96690E-04
   10719.158    788.588  14.450  1.88741E-04  1.88838E-04 -5.12984E-04
   10724.672    794.103  14.500  1.88552E-04  1.88611E-04 -3.11840E-04
   10730.206    799.637  14.550  1.88372E-04  1.88391E-04 -1.01574E-04
   10735.760    805.190  14.600  1.88191E-04  1.88171E-04  1.08893E-04
   10741.332    810.762  14.650  1.88002E-04  1.87943E-04  3.10345E-04
   10746.923    816.353  14.700  1.87813E-04  1.87720E-04  4.93861E-04
   10752.533    821.964  14.750  1.87613E-04  1.87490E-04  6.51154E-04
   10758.162    827.593  14.800  1.87398E-04  1.87252E-04  7.75088E-04
   10763.811    833.241  14.850  1.87175E-04  1.87013E-04  8.60201E-04
   10769.478    838.909  14.900  1.86943E-04  1.86774E-04  9.03109E-04
   10775.164    844.595  14.950  1.86700E-04  1.86531E-04  9.02716E-04
   10780.870    850.300  15.000  1.86437E-04  1.86276E-04  8.60336E-04
   10786.594    856.025  15.050  1.86169E-04  1.86024E-04  7.79465E-04
   10792.338    861.768  15.100  1.85888E-04  1.85764E-04  6.65616E-04
   10798.100    867.531  15.150  1.85600E-04  1.85502E-04  5.25629E-04
   10803.882    873.313  15.200  1.85302E-04  1.85233E-04  3.67423E-04
   10809.683    879.113  15.250  1.85000E-04  1.84963E-04  1.99149E-04
   10815.503    884.933  15.300  1.84690E-04  1.84685E-04  2.90322E-05
   10821.341    890.772  15.350  1.84381E-04  1.84406E-04 -1.35248E-04
   10827.199    896.630  15.400  1.84070E-04  1.84123E-04 -2.87076E-04
   10833.076    902.507  15.450  1.83759E-04  1.83837E-04 -4.20497E-04
   10838.972    908.403  15.500  1.83450E-04  1.83548E-04 -5.31128E-04
   10844.887    914.318  15.550  1.83143E-04  1.83256E-04 -6.15306E-04
   10850.821    920.252  15.600  1.82842E-04  1.82966E-04 -6.70867E-04
   10856.774    926.205  15.650  1.82540E-04  1.82668E-04 -6.96644E-04
   10862.746    932.177  15.700  1.82250E-04  1.82377E-04 -6.92509E-04
   10868.738    938.168  15.750  1.81959E-04  1.82079E-04 -6.59560E-04
   10874.748    944.178  15.800  1.81678E-04  1.81788E-04 -5.99850E-04
   10880.777    950.208  15.850  1.81396E-04  1.81490E-04 -5.16502E-04
   10886.825    956.256  15.900  1.81124E-04  1.81200E-04 -4.13536E-04
   10892.893    962.323  15.950  1.80856E-04  1.80910E-04 -2.95894E-04
   10898.979    968.410  16.000  1.80590E-04  1.80621E-04 -1.69098E-04
   10905.085    974.515  16.050  1.80324E-04  1.80331E-04 -3.91438E-05
   10911.209    980.640  16.100  1.80061E-04  1.80045E-04  8.79243E-05
   10917.353    986.784  16.150  1.79802E-04  1.79765E-04  2.06237E-04
   10923.516    992.946  16.200  1.79542E-04  1.79486E-04  3.10452E-04
   10929.697    999.128  16.250  1.79280E-04  1.79209E-04  3.96246E-04
   10935.898   1005.329  16.300  1.79019E-04  1.78937E-04  4.60471E-04
   10942.118   1011.548  16.350  1.78757E-04  1.78667E-04  5.01072E-04
   10948.357   1017.787  16.400  1.78493E-04  1.78400E-04  5.17619E-04
   10954.615   1024.045  16.450  1.78231E-04  1.78140E-04  5.10822E-04
   10960.892   1030.322  16.500  1.77967E-04  1.77881E-04  4.82567E-04
   10967.188   1036.618  16.550  1.77699E-04  1.77622E-04  4.35726E-04
   10973.503   1042.933  16.600  1.77429E-04  1.77363E-04  3.73663E-04
   10979.837   1049.267  16.650  1.77165E-04  1.77112E-04  3.00166E-04
   10986.190   1055.620  16.700  1.76895E-04  1.76856E-04  2.19021E-04
   10992.562   1061.993  16.750  1.76630E-04  1.76607E-04  1.33853E-04
   10998.953   1068.384  16.800  1.76366E-04  1.76357E-04  4.81833E-05
   11005.364   1074.794  16.850  1.76102E-04  1.76108E-04 -3.49279E-05
   11011.793   1081.224  16.900  1.75839E-04  1.75859E-04 -1.12608E-04
   11018.241   1087.672  16.950  1.75577E-04  1.75609E-04 -1.82422E-04
   11024.709   1094.139  17.000  1.75317E-04  1.75360E-04 -2.42276E-04
   11031.195   1100.626  17.050  1.75059E-04  1.75110E-04 -2.90327E-04
   11037.701   1107.131  17.100  1.74804E-04  1.74861E-04 -3.25020E-04
   11044.225   1113.656  17.150  1.74548E-04  1.74608E-04 -3.45314E-04
   11050.769   1120.200  17.200  1.74288E-04  1.74349E-04 -3.50650E-04
   11057.332   1126.762  17.250  1.74031E-04  1.74090E-04 -3.41023E-04
   11063.913   1133.344  17.300  1.73775E-04  1.73831E-04 -3.17153E-04
   11070.514   1139.945  17.350  1.73522E-04  1.73570E-04 -2.80257E-04
   11077.134   1146.565  17.400  1.73262E-04  1.73302E-04 -2.32237E-04
   11083.773   1153.204  17.450  1.73002E-04  1.73033E-04 -1.75714E-04
   11090.431   1159.862  17.500  1.72741E-04  1.72761E-04 -1.13592E-04
   11097.108   1166.539  17.550  1.72473E-04  1.72482E-04 -4.90656E-05
   11103.804   1173.235  17.600  1.72205E-04  1.72202E-04  1.45763E-05
   11110.519   1179.950  17.650  1.71935E-04  1.71922E-04  7.42227E-05
   11117.253   1186.684  17.700  1.71662E-04  1.71640E-04  1.27191E-04
   11124.006   1193.437  17.750  1.71380E-04  1.71351E-04  1.71244E-04
   11130.779   1200.209  17.800  1.71090E-04  1.71055E-04  2.04899E-04
   11137.570   1207.001  17.850  1.70802E-04  1.70763E-04  2.27215E-04
   11144.380   1213.811  17.900  1.70507E-04  1.70466E-04  2.38116E-04
   11151.210   1220.640  17.950  1.70214E-04  1.70173E-04  2.38029E-04
   11158.058   1227.489  18.000  1.69913E-04  1.69874E-04  2.27845E-04
   11164.926   1234.356  18.050  1.69610E-04  1.69575E-04  2.08862E-04
   11171.812   1241.243  18.100  1.69306E-04  1.69275E-04  1.82601E-04
   11178.718   1248.149  18.150  1.68993E-04  1.68967E-04  1.50548E-04
   11185.642   1255.073  18.200  1.68686E-04  1.68667E-04  1.14437E-04
   11192.586   1262.017  18.250  1.68380E-04  1.68367E-04  7.57708E-05
   11199.549   1268.980  18.300  1.68074E-04  1.68068E-04  3.60512E-05
   11206.531   1275.961  18.350  1.67768E-04  1.67768E-04 -3.23190E-06
   11213.532   1282.962  18.400  1.67463E-04  1.67469E-04 -4.07462E-05
   11220.551   1289.982  18.450  1.67166E-04  1.67178E-04 -7.51487E-05
   11227.590   1297.021  18.500  1.66863E-04  1.66880E-04 -1.05235E-04
   11234.648   1304.079  18.550  1.66568E-04  1.66590E-04 -1.29890E-04
   11241.725   1311.156  18.600  1.66276E-04  1.66300E-04 -1.48315E-04
   11248.822   1318.252  18.650  1.65985E-04  1.66011E-04 -1.59755E-04
   11255.937   1325.367  18.700  1.65697E-04  1.65724E-04 -1.63947E-04
   11263.071   1332.502  18.750  1.65410E-04  1.65436E-04 -1.60874E-04
   11270.224   1339.655  18.800  1.65131E-04  1.65156E-04 -1.50837E-04
   11277.396   1346.827  18.850  1.64855E-04  1.64877E-04 -1.34556E-04
   11284.588   1354.018  18.900  1.64588E-04  1.64606E-04 -1.13031E-04
   11291.798   1361.229  18.950  1.64314E-04  1.64329E-04 -8.74836E-05
   11299.028   1368.458  19.000  1.64049E-04  1.64058E-04 -5.93507E-05
   11306.276   1375.707  19.050  1.63784E-04  1.63789E-04 -3.00111E-05
   11313.544   1382.974  19.100  1.63520E-04  1.63520E-04 -9.24229E-07
   11320.830   1390.261  19.150  1.63258E-04  1.63253E-04  2.65755E-05
   11328.136   1397.567  19.200  1.62994E-04  1.62985E-04  5.13578E-05
   11335.461   1404.891  19.250  1.62734E-04  1.62723E-04  7.24537E-05
   11342.804   1412.235  19.300  1.62471E-04  1.62456E-04  8.92151E-05
   11350.167   1419.598  19.350  1.62205E-04  1.62188E-04  1.01184E-04
   11357.549   1426.980  19.400  1.61944E-04  1.61926E-04  1.08146E-04
   11364.950   1434.381  19.450  1.61678E-04  1.61660E-04  1.10123E-04
   11372.370   1441.800  19.500  1.61409E-04  1.61392E-04  1.07375E-04
   11379.809   1449.239  19.550  1.61140E-04  1.61123E-04  1.00271E-04
   11387.267   1456.698  19.600  1.60869E-04  1.60855E-04  8.93168E-05
   11394.744   1464.175  19.650  1.60599E-04  1.60587E-04  7.52424E-05
   11402.240   1471.671  19.700  1.60326E-04  1.60316E-04  5.87562E-05
   11409.755   1479.186  19.750  1.60054E-04  1.60047E-04  4.07678E-05
   11417.290   1486.720  19.800  1.59775E-04  1.59771E-04  2.21044E-05
   11424.843   1494.273  19.850  1.59495E-04  1.59495E-04  3.60717E-06
   11432.415   1501.846  19.900  1.59218E-04  1.59220E-04 -1.38522E-05
   11440.007   1509.437  19.950  1.58941E-04  1.58946E-04 -2.95253E-05
