# r  chir_mag  chir_re  chir_im
0.000000000000000000e+00 3.941727506289530170e-03 -3.941727506289530170e-03 0.000000000000000000e+00
3.067961575771282340e-02 2.500082082998960481e-02 -1.299765958269348369e-02 -2.135654203155694028e-02
6.135923151542564680e-02 4.792928230186419003e-02 -3.628029763890892878e-02 -3.132021879240263346e-02
9.203884727313846326e-02 6.783643297591319954e-02 -6.373564867688226443e-02 -2.322818819091575226e-02
1.227184630308512936e-01 8.331635883235245787e-02 -8.329074436639026524e-02 2.065805405633325091e-03
1.533980787885641239e-01 9.328986086667112598e-02 -8.585252892520980894e-02 3.650125227535173239e-02
1.840776945462769265e-01 9.702178820220570821e-02 -6.909958092641782512e-02 6.810635287362769297e-02
2.147573103039897569e-01 9.416665095916350314e-02 -3.849042011011311742e-02 8.594094316803795042e-02
2.454369260617025872e-01 8.480625360064959761e-02 -5.041668369385264581e-03 8.465625924780063871e-02
2.761165418194154175e-01 6.948964246824552993e-02 1.924336869714721523e-02 6.677202386890970787e-02
3.067961575771282479e-01 4.935702907589687577e-02 2.642857692253458568e-02 4.168508895334879782e-02
3.374757733348410782e-01 2.705637143030460712e-02 1.607821277490866993e-02 2.176093538750958553e-02
3.681553890925538530e-01 1.763974017753699650e-02 -4.406427917486064640e-03 1.708051013696641404e-02
3.988350048502666834e-01 3.847558571167235264e-02 -2.276883803507468232e-02 3.101533024794000948e-02
4.295146206079795137e-01 6.446391716387736559e-02 -2.703899040802550460e-02 5.851913886777511398e-02
4.601942363656923440e-01 8.859852055054341646e-02 -1.073546970524518265e-02 8.794570787680788815e-02
4.908738521234051744e-01 1.084547935490988574e-01 2.406831896930496095e-02 1.057504527922668164e-01
5.215534678811180047e-01 1.223084905857921428e-01 6.719335877423390779e-02 1.021979422787557407e-01
5.522330836388308350e-01 1.288549296195692362e-01 1.042739359169839453e-01 7.570032480541195874e-02
5.829126993965436654e-01 1.272333831941983295e-01 1.226369282715838172e-01 3.388978641349214838e-02
6.135923151542564957e-01 1.171000061244505674e-01 1.167398185775148367e-01 -9.177482924815790616e-03
6.442719309119693261e-01 9.873647503296280326e-02 9.084309064036093229e-02 -3.868364492704964158e-02
6.749515466696821564e-01 7.333131517616599260e-02 5.765111386304897639e-02 -4.531921067070735637e-02
7.056311624273949867e-01 4.450986691510045584e-02 3.329670073787095730e-02 -2.953739956009360929e-02
7.363107781851077061e-01 3.066465486084063788e-02 3.060617549967645928e-02 -1.892902273621560431e-03
7.669903939428205364e-01 5.733758721253722629e-02 5.340255075721922484e-02 2.087502047850342199e-02
7.976700097005333667e-01 9.696572772615109914e-02 9.430123853421819302e-02 2.257495879009638676e-02
8.283496254582461971e-01 1.372107820441856030e-01 1.370969291422583780e-01 -5.588446021891017162e-03
8.590292412159590274e-01 1.739703879987694324e-01 1.629518092592221468e-01 -6.092949827126813156e-02
8.897088569736718577e-01 2.044428089133670245e-01 1.579474243845966630e-01 -1.298055208635581215e-01
9.203884727313846881e-01 2.264352669211546210e-01 1.188682046997505543e-01 -1.927259194221491723e-01
9.510680884890975184e-01 2.384247163218015386e-01 5.469049884521211963e-02 -2.320674356500570801e-01
9.817477042468103487e-01 2.398131652989207441e-01 -1.703151342524347744e-02 -2.392076123394346610e-01
1.012427320004523068e+00 2.313630777076683964e-01 -7.753663472378737043e-02 -2.179838159177753532e-01
1.043106935762236009e+00 2.159510937324114199e-01 -1.149459915672818577e-01 -1.828176520657650017e-01
1.073786551519948729e+00 1.997808722044178142e-01 -1.295593859915971646e-01 -1.520748578833406583e-01
1.104466167277661670e+00 1.932292596709296317e-01 -1.338691628768226560e-01 -1.393434391122677918e-01
1.135145783035374389e+00 2.074339427624592724e-01 -1.469688841239122357e-01 -1.463864328049266084e-01
1.165825398793087331e+00 2.456266442115467852e-01 -1.854782505481878951e-01 -1.610287766835773737e-01
1.196505014550800050e+00 3.015407271712507442e-01 -2.547830030701281889e-01 -1.612836987718651305e-01
1.227184630308512991e+00 3.662766016678348779e-01 -3.445167740096359288e-01 -1.243653543207722811e-01
1.257864246066225711e+00 4.322120198272673131e-01 -4.306269623078826658e-01 -3.698174437004722592e-02
1.288543861823938652e+00 4.933735397407901790e-01 -4.836373999130536561e-01 9.753109822870893730e-02
1.319223477581651371e+00 5.451963953082765713e-01 -4.799555483827142033e-01 2.586151214329638903e-01
1.349903093339364313e+00 5.845472216070201066e-01 -4.114803087346415866e-01 4.151859942388841374e-01
1.380582709097077032e+00 6.100615414700136796e-01 -2.891421441483553734e-01 5.371888912273418137e-01
1.411262324854789973e+00 6.227706542537551071e-01 -1.383524849542437096e-01 6.072082655124484418e-01
1.441941940612502693e+00 6.269869532724838823e-01 1.220048856664412984e-02 6.268682378719208081e-01
1.472621556370215412e+00 6.312047666109885657e-01 1.438130131907429388e-01 6.146033473952381421e-01
1.503301172127928353e+00 6.480954290365484871e-01 2.570439040443708301e-01 5.949421119165259064e-01
1.533980787885641073e+00 6.918951264638527610e-01 3.720523049712388675e-01 5.833489079359103213e-01
1.564660403643354014e+00 7.729213236491778716e-01 5.184494317698289390e-01 5.732517416014875078e-01
1.595340019401066733e+00 8.932610487185548287e-01 7.176483474186264866e-01 5.318798272214191325e-01
1.626019635158779675e+00 1.047529167997353738e+00 9.645335720325874940e-01 4.086469701677540867e-01
1.656699250916492394e+00 1.226535445852605211e+00 1.216711527052647623e+00 1.549266273758752865e-01
1.687378866674205335e+00 1.420118475535525837e+00 1.397756954226282877e+00 -2.510218744838995653e-01
1.718058482431918055e+00 1.618373257102652119e+00 1.416112294725550003e+00 -7.834270661856049811e-01
1.748738098189630996e+00 1.812028177058126355e+00 1.195219389140975919e+00 -1.361945933682416232e+00
1.779417713947343715e+00 1.992570994930010997e+00 7.053429582938247622e-01 -1.863553187065421168e+00
1.810097329705056657e+00 2.152353403036977308e+00 -1.450573365524555555e-02 -2.152304521961513561e+00
1.840776945462769376e+00 2.284722146672008236e+00 -8.540193076945256090e-01 -2.119105072802788481e+00
1.871456561220482318e+00 2.384166582855971050e+00 -1.652023679966965863e+00 -1.719031138646278656e+00
1.902136176978195037e+00 2.446460962712433407e+00 -2.235746215062456077e+00 -9.932824894810883265e-01
1.932815792735907978e+00 2.468781664306987533e+00 -2.467873148768815916e+00 -6.697034869454526751e-02
1.963495408493620697e+00 2.449784468056550146e+00 -2.286841492775177009e+00 8.785214435931057997e-01
1.994175024251333417e+00 2.389631941592861963e+00 -1.727162714850938308e+00 1.651438697835801994e+00
2.024854640009046136e+00 2.289965534892178578e+00 -9.125340854844057326e-01 2.100291335463525755e+00
2.055534255766759077e+00 2.153821063986880446e+00 -2.313338414699662657e-02 2.153696826902868899e+00
2.086213871524472019e+00 1.985489937355963574e+00 7.531293367601672450e-01 1.837108187737722442e+00
2.116893487282184960e+00 1.790331794699224544e+00 1.270423039579702928e+00 1.261472645607512044e+00
2.147573103039897457e+00 1.574547251265908221e+00 1.460676073611992365e+00 5.878983368291499367e-01
2.178252718797610399e+00 1.344922406821484451e+00 1.344773558284167780e+00 -2.000893076185417119e-02
2.208932334555323340e+00 1.108560518989476495e+00 1.017100396070494073e+00 -4.409231322752998894e-01
2.239611950313036282e+00 8.726238317314011228e-01 6.099080552303278724e-01 -6.240869457621687211e-01
2.270291566070748779e+00 6.441331554428939565e-01 2.501241287333064722e-01 -5.935869289044559682e-01
2.300971181828461720e+00 4.299871524169098236e-01 2.284139476584158210e-02 -4.293800437010945603e-01
2.331650797586174662e+00 2.381785512711697417e-01 -4.753579874656922027e-02 -2.333867393901352394e-01
2.362330413343887603e+00 9.338176195880225350e-02 5.735548451355790452e-03 -9.320545558331098934e-02
2.393010029101600100e+00 1.261155899273596614e-01 1.131705192601771409e-01 -5.565586755327617263e-02
2.423689644859313042e+00 2.317330811905885524e-01 1.995315341690283295e-01 -1.178447614034573293e-01
2.454369260617025983e+00 3.176181413935069697e-01 2.118413997901086310e-01 -2.366527098455311340e-01
2.485048876374738480e+00 3.762918945377795588e-01 1.355133644911238333e-01 -3.510437550208338475e-01
2.515728492132451422e+00 4.077386752247487145e-01 -5.602160825492838274e-03 -4.077001877214657677e-01
2.546408107890164363e+00 4.139154163413485965e-01 -1.632438514255794837e-01 -3.803648470308150231e-01
2.577087723647877304e+00 3.978839228512452975e-01 -2.859720576168973682e-01 -2.766434498155589394e-01
2.607767339405589802e+00 3.634513756790883621e-01 -3.388964583845837653e-01 -1.313243807425258924e-01
2.638446955163302743e+00 3.149016562132695429e-01 -3.147543087530638717e-01 9.632144477797156476e-03
2.669126570921015684e+00 2.567484937804778156e-01 -2.332600113902726646e-01 1.072825994500221786e-01
2.699806186678728626e+00 1.935007689124862706e-01 -1.304330141468705018e-01 1.429327687770921562e-01
2.730485802436441123e+00 1.294439146678326991e-01 -4.322487716655275952e-02 1.220136756206843531e-01
2.761165418194154064e+00 6.844471887627834317e-02 4.063516042652095921e-03 6.832398831613888113e-02
2.791845033951867006e+00 1.379810175269224025e-02 6.564500815113568678e-03 1.213651272095991884e-02
2.822524649709579947e+00 3.200156916385520078e-02 -2.290130003487967150e-02 -2.235242460364039382e-02
2.853204265467292444e+00 6.711868895273939706e-02 -6.222188449823827516e-02 -2.516655511234063003e-02
2.883883881225005386e+00 9.073266075356976879e-02 -9.071810400360999505e-02 -1.625217958484387760e-03
2.914563496982718327e+00 1.029145341061718094e-01 -9.745028705256128521e-02 3.308841011085007777e-02
2.945243112740430824e+00 1.047531619092278987e-01 -8.394408774134343165e-02 6.266270871303401824e-02
2.975922728498143766e+00 9.854543186957170908e-02 -6.091142299612973404e-02 7.746612608712892534e-02
3.006602344255856707e+00 8.826705014144507755e-02 -4.118735272693192090e-02 7.806839383527543197e-02
3.037281960013569648e+00 8.024360017395078259e-02 -3.254533633733681930e-02 7.334736840246212919e-02
3.067961575771282146e+00 8.187666325224848829e-02 -3.377515722865453290e-02 7.458570063693015229e-02
3.098641191528995087e+00 9.557961445714419080e-02 -3.566068106504365065e-02 8.867794836233845734e-02
3.129320807286708028e+00 1.167458445528908734e-01 -2.613858012943754902e-02 1.137821024994033620e-01
3.160000423044420970e+00 1.394921951230756740e-01 2.979670811301574768e-03 1.394603673525582344e-01
3.190680038802133467e+00 1.595711059375154728e-01 5.097538557155333050e-02 1.512099464848568053e-01
3.221359654559846408e+00 1.742203753981055592e-01 1.072866215652020089e-01 1.372673305524003962e-01
3.252039270317559350e+00 1.817206930437414436e-01 1.551811026228260559e-01 9.455810736822957419e-02
3.282718886075272291e+00 1.811582061923241449e-01 1.784750030645091967e-01 3.106394939385645135e-02
3.313398501832984788e+00 1.723036386210513859e-01 1.683866617015735700e-01 -3.653048101317157154e-02
3.344078117590697730e+00 1.555302995044306469e-01 1.275563876326205326e-01 -8.898899953395671136e-02
3.374757733348410671e+00 1.317383344677151846e-01 6.948502621347392438e-02 -1.119232768482072149e-01
3.405437349106123612e+00 1.022816331719267197e-01 1.358921355602102192e-02 -1.013748773574865286e-01
3.436116964863836110e+00 6.894126666255177838e-02 -2.210367111977649957e-02 -6.530180680552286065e-02
3.466796580621549051e+00 3.437422777983788896e-02 -2.765734997688693367e-02 -2.041221515946202436e-02
3.497476196379261992e+00 1.504874584286252162e-02 -4.671874967412664205e-03 1.430518562381959992e-02
3.528155812136974490e+00 4.267279169956031404e-02 3.479083880308096038e-02 2.470960717640205070e-02
3.558835427894687431e+00 7.349374201514359550e-02 7.320740698250025047e-02 6.481178772959213762e-03
3.589515043652400372e+00 1.002865858010715261e-01 9.438464859357177661e-02 -3.389597913475359686e-02
3.620194659410113314e+00 1.214391294863872151e-01 8.930113481798833408e-02 -8.229683767090320567e-02
3.650874275167825811e+00 1.361144673056518817e-01 5.878897753201912241e-02 -1.227640188762209178e-01
3.681553890925538752e+00 1.440229334566057173e-01 1.224170417402829607e-02 -1.435017283532203924e-01
3.712233506683251694e+00 1.454270396997168202e-01 -3.682353111545321606e-02 -1.406877799668907469e-01
3.742913122440964635e+00 1.411880305925949930e-01 -7.631785630347805161e-02 -1.187840258277905597e-01
3.773592738198677132e+00 1.328431844829149888e-01 -9.991843790744048270e-02 -8.754208947528467621e-02
3.804272353956390074e+00 1.227064560156456291e-01 -1.085405001344624115e-01 -5.723490349848019132e-02
3.834951969714103015e+00 1.138772940746397011e-01 -1.086026137498334321e-01 -3.425653795214079339e-02
3.865631585471815956e+00 1.097488683715701074e-01 -1.081065709217932380e-01 -1.891516408523877604e-02
3.896311201229528454e+00 1.125682654060218557e-01 -1.123981093315451762e-01 -6.187034444270983827e-03
3.926990816987241395e+00 1.219894613607950679e-01 -1.214824588895307839e-01 1.111039446871142991e-02
3.957670432744954336e+00 1.355032528692342586e-01 -1.299873450277596598e-01 3.826776281385952522e-02
3.988350048502666834e+00 1.500925569815170502e-01 -1.296703965062106223e-01 7.558679733374121246e-02
4.019029664260379775e+00 1.632650936143831000e-01 -1.132835338843979078e-01 1.175684130350314327e-01
4.049709280018092272e+00 1.732734587091450396e-01 -7.808198874704254389e-02 1.546832069952537303e-01
4.080388895775805658e+00 1.790395036785681349e-01 -2.748800473160357971e-02 1.769167981660965949e-01
4.111068511533518155e+00 1.800470759104319529e-01 2.974645323485025986e-02 1.775727965197476943e-01
4.141748127291231540e+00 1.762588617417213954e-01 8.247033476657567030e-02 1.557749345240632688e-01
4.172427743048944038e+00 1.680546151806158739e-01 1.209127817749939826e-01 1.167152641557117343e-01
4.203107358806656535e+00 1.561829021598947487e-01 1.397887872767557826e-01 6.965769073678208800e-02
4.233786974564369920e+00 1.417229992010927142e-01 1.395706623225342613e-01 2.460566441700039186e-02
4.264466590322082418e+00 1.260546127592714893e-01 1.255748841524164661e-01 -1.098698630185173872e-02
4.295146206079794915e+00 1.108197332784296163e-01 1.054084687697880579e-01 -3.420625667200222209e-02
4.325825821837508300e+00 9.781237065022717336e-02 8.592418973110416136e-02 -4.673642552945864864e-02
4.356505437595220798e+00 8.864794550041639465e-02 7.092280449904914130e-02 -5.318283598525421624e-02
4.387185053352934183e+00 8.412038360679344184e-02 6.041726075081828989e-02 -5.853198733617128585e-02
4.417864669110646680e+00 8.365485916414076850e-02 5.155563898512179749e-02 -6.587982658301415329e-02
4.448544284868359178e+00 8.557587261741812779e-02 4.060933855709129153e-02 -7.532669909260666929e-02
4.479223900626072563e+00 8.799692805201397849e-02 2.505602248423921194e-02 -8.435434241259084920e-02
4.509903516383785060e+00 8.947393184913422781e-02 4.853374584244135419e-03 -8.934220299325805470e-02
4.540583132141497558e+00 8.917727260115569654e-02 -1.755800411526418567e-02 -8.743170157368092277e-02
4.571262747899210943e+00 8.682676754574630840e-02 -3.838784086831538434e-02 -7.787978708183504462e-02
4.601942363656923440e+00 8.258289273849646339e-02 -5.414931336535348805e-02 -6.235211331718244765e-02
4.632621979414635938e+00 7.695401702620957574e-02 -6.304660653153897065e-02 -4.412534579272393148e-02
4.663301595172349323e+00 7.071688179815514841e-02 -6.550138661896509618e-02 -2.665418770563282233e-02
4.693981210930061820e+00 6.481789954583082325e-02 -6.365899618120603176e-02 -1.220214353032336024e-02
4.724660826687775206e+00 6.019749911491150546e-02 -6.018654715946340078e-02 -1.148233735551832356e-03
4.755340442445487703e+00 5.749832195199829077e-02 -5.697068352843429051e-02 7.771630819759445079e-03
4.786020058203200200e+00 5.676719732441949662e-02 -5.432423715814792969e-02 1.647397794264881740e-02
4.816699673960913586e+00 5.741737600434625166e-02 -5.103780193150354860e-02 2.630395105730485780e-02
4.847379289718626083e+00 5.852460510244322789e-02 -4.520395781045220829e-02 3.717165049695508178e-02
4.878058905476338580e+00 5.919064012885406206e-02 -3.538903760661322312e-02 4.744626324739625867e-02
4.908738521234051966e+00 5.874858170354631259e-02 -2.158452504293687305e-02 5.463976693626253212e-02
4.939418136991764463e+00 5.681407661025265204e-02 -5.490202457785199087e-03 5.654818280058332425e-02
4.970097752749476960e+00 5.326600595707524366e-02 1.000223191346880612e-02 5.231847424541698904e-02
5.000777368507190346e+00 4.821170673921665317e-02 2.189268889477817212e-02 4.295438091353063342e-02
5.031456984264902843e+00 4.196152822124676884e-02 2.824287764900500902e-02 3.103400897025426763e-02
5.062136600022616229e+00 3.503101734266265976e-02 2.892414189375168074e-02 1.976274757648973854e-02
5.092816215780328726e+00 2.820165994385307948e-02 2.562805196822075249e-02 1.177015615456752408e-02
5.123495831538041223e+00 2.266696066605761867e-02 2.114794015496082244e-02 8.158169711326126311e-03
5.154175447295754608e+00 1.999897588993016645e-02 1.824682369185958927e-02 8.186113962326671545e-03
5.184855063053467106e+00 2.096578487177857761e-02 1.858799079694532091e-02 9.697975738388682834e-03
5.215534678811179603e+00 2.434533006988898532e-02 2.215784013747561579e-02 1.008589196124544396e-02
5.246214294568892988e+00 2.836237202536186913e-02 2.738698513961434697e-02 7.374089222919157430e-03
5.276893910326605486e+00 3.189414370694113043e-02 3.187902491668781479e-02 9.819231946591548948e-04
5.307573526084318871e+00 3.438695494285726878e-02 3.341519237288768929e-02 -8.117117032851279071e-03
5.338253141842031368e+00 3.561564917944416708e-02 3.081429880670615365e-02 -1.785926805678971288e-02
5.368932757599743866e+00 3.555795485253702287e-02 2.431754225450522000e-02 -2.594273100495424200e-02
5.399612373357457251e+00 3.433624527641098573e-02 1.538654037928630439e-02 -3.069579962858839939e-02
5.430291989115169748e+00 3.218781378314360814e-02 6.049933998664401569e-03 -3.161413694457171353e-02
5.460971604872882246e+00 2.944733389952894700e-02 -1.895511283600102501e-03 -2.938626398105229076e-02
5.491651220630595631e+00 2.653203162102811888e-02 -7.493585459632681398e-03 -2.545181484488714257e-02
5.522330836388308128e+00 2.391282065254489095e-02 -1.082261979984501868e-02 -2.132355252364812048e-02
5.553010452146020626e+00 2.203620273671285865e-02 -1.274380022997623728e-02 -1.797747998891860086e-02
5.583690067903734011e+00 2.117056499279212217e-02 -1.436046923180082056e-02 -1.555537674106729357e-02
5.614369683661446508e+00 2.125944517214147650e-02 -1.644904857473885110e-02 -1.346821480424081376e-02
5.645049299419159894e+00 2.195364919461297720e-02 -1.910692818341643007e-02 -1.081147577132270804e-02
5.675728915176872391e+00 2.280863732831232837e-02 -2.174597360596804141e-02 -6.880884296587457157e-03
5.706408530934584888e+00 2.345271062131229142e-02 -2.340106051713635935e-02 -1.555635612968560982e-03
5.737088146692298274e+00 2.364515537068231574e-02 -2.319238978119913044e-02 4.605043836994058767e-03
5.767767762450010771e+00 2.326973393275645965e-02 -2.073042823302623933e-02 1.057023474557807277e-02
5.798447378207723268e+00 2.231092105847696030e-02 -1.629609904476743421e-02 1.523858111507500786e-02
5.829126993965436654e+00 2.083125206600356175e-02 -1.073844227920521532e-02 1.785012381059458003e-02
5.859806609723149151e+00 1.895360857387124245e-02 -5.154636865083205358e-03 1.823921590312068894e-02
5.890486225480861648e+00 1.684836509705916682e-02 -5.003151905427986445e-04 1.684093498455218468e-02
5.921165841238575034e+00 1.472404811691496902e-02 2.708839942925976661e-03 1.447272535194515583e-02
5.951845456996287531e+00 1.281632352368898033e-02 4.497735316430643941e-03 1.200118851144319106e-02
5.982525072754000917e+00 1.135958769016180009e-02 5.319866375019260789e-03 1.003689465135581237e-02
