# PATH  Rmax= 9.000,  Keep_limit= 0.00, Heap_limit 0.00  Pwcrit= 2.50%
 -----------------------------------------------------------------------
  pathindex     sig2   amp ratio    deg    nlegs  r effective
        1     0.00000     0.1000E+03     1.000     2   2.3520
        2     0.00000     0.9906E+02     1.000     2   2.3605
        3     0.00000     0.9831E+02     1.000     2   2.3673
        4     0.00000     0.9790E+02     1.000     2   2.3711
        5     0.00000     0.1246E+02     1.000     2   3.0732
        6     0.00000     0.1187E+02     1.000     2   3.1299
        7     0.00000     0.1152E+02     1.000     2   3.1657
        8     0.00000     0.1100E+02     1.000     2   3.2205
        9     0.00000     0.3889E+02     1.000     2   3.2905
       10     0.00000     0.1020E+02     1.000     2   3.3126
       11     0.00000     0.3811E+02     1.000     2   3.3149
       12     0.00000     0.3744E+02     1.000     2   3.3366
       13     0.00000     0.3636E+02     1.000     2   3.3727
       14     0.00000     0.8107E+01     1.000     2   3.6054
       15     0.00000     0.4390E+02     2.000     3   3.7347
       16     0.00000     0.1534E+02     2.000     3   3.7511
       17     0.00000     0.4310E+02     2.000     3   3.7542
       18     0.00000     0.4284E+02     2.000     3   3.7661
       19     0.00000     0.1360E+02     2.000     3   3.7688
       20     0.00000     0.4285E+02     2.000     3   3.7798
       21     0.00000     0.1136E+02     2.000     3   3.8016
       22     0.00000     0.7077E+01     1.000     2   3.8029
       23     0.00000     0.1340E+02     2.000     3   3.8152
       24     0.00000     0.2581E+02     1.000     2   3.8174
       25     0.00000     0.6765E+01     1.000     2   3.8503
       26     0.00000     0.7693E+01     2.000     3   3.9242
       27     0.00000     0.6334E+01     1.000     2   3.9426
       28     0.00000     0.7622E+01     2.000     3   3.9491
       29     0.00000     0.7553E+01     2.000     3   3.9663
       30     0.00000     0.7490E+01     2.000     3   3.9893
       31     0.00000     0.2227E+02     1.000     2   4.0214
       32     0.00000     0.1517E+02     2.000     3   4.1113
       33     0.00000     0.5483E+01     1.000     2   4.1507
       34     0.00000     0.8214E+01     1.000     4   4.1657
       35     0.00000     0.1541E+02     1.000     4   4.1788
       36     0.00000     0.3838E+01     2.000     4   4.1807
       37     0.00000     0.1366E+02     1.000     4   4.1870
       38     0.00000     0.1481E+02     1.000     4   4.1936
       39     0.00000     0.1972E+02     1.000     2   4.1957
       40     0.00000     0.1438E+02     1.000     4   4.1956
       42     0.00000     0.7711E+01     1.000     4   4.2228
       43     0.00000     0.3726E+01     2.000     4   4.2224
       44     0.00000     0.5221E+01     1.000     2   4.2232
       45     0.00000     0.5218E+01     1.000     2   4.2243
       46     0.00000     0.8949E+01     2.000     3   4.2327
       47     0.00000     0.1916E+02     1.000     2   4.2382
       48     0.00000     0.9373E+01     2.000     3   4.2462
       50     0.00000     0.5121E+01     1.000     2   4.2523
       51     0.00000     0.9648E+01     2.000     3   4.2570
       52     0.00000     0.7528E+01     1.000     4   4.2578
       53     0.00000     0.9535E+01     2.000     3   4.2783
       54     0.00000     0.1714E+02     2.000     3   4.2903
       55     0.00000     0.1801E+02     2.000     3   4.3119
       56     0.00000     0.7018E+01     1.000     4   4.3128
       57     0.00000     0.1946E+02     2.000     3   4.3163
       58     0.00000     0.2101E+02     2.000     3   4.3181
       59     0.00000     0.4878E+01     1.000     2   4.3258
       60     0.00000     0.1746E+02     2.000     3   4.3446
       61     0.00000     0.1105E+02     2.000     3   4.3600
       62     0.00000     0.1162E+02     2.000     3   4.3634
       63     0.00000     0.1158E+02     2.000     3   4.3679
       64     0.00000     0.5706E+01     2.000     3   4.3715
       65     0.00000     0.2363E+02     1.000     4   4.3839
       66     0.00000     0.7023E+01     1.000     4   4.4052
       67     0.00000     0.2001E+02     1.000     4   4.4083
       68     0.00000     0.1659E+02     2.000     3   4.4264
       69     0.00000     0.1491E+02     1.000     4   4.4299
       70     0.00000     0.7835E+01     2.000     3   4.4615
       71     0.00000     0.1620E+02     1.000     4   4.4660
       72     0.00000     0.8733E+01     2.000     3   4.4895
       73     0.00000     0.1537E+02     2.000     3   4.4906
       74     0.00000     0.3310E+01     2.000     3   4.4925
       75     0.00000     0.8661E+01     2.000     3   4.4927
       76     0.00000     0.9327E+01     2.000     3   4.4962
       77     0.00000     0.1677E+02     2.000     3   4.5426
       78     0.00000     0.1880E+02     2.000     3   4.5446
       79     0.00000     0.3175E+01     2.000     3   4.5570
       80     0.00000     0.2101E+02     2.000     4   4.5620
       81     0.00000     0.8497E+01     2.000     3   4.5697
       82     0.00000     0.3112E+01     2.000     3   4.5750
       83     0.00000     0.4135E+01     1.000     2   4.5821
       84     0.00000     0.1793E+02     2.000     4   4.5847
       85     0.00000     0.4873E+01     2.000     3   4.5928
       86     0.00000     0.1509E+02     2.000     3   4.5975
       87     0.00000     0.1374E+02     2.000     4   4.6011
       88     0.00000     0.5439E+01     2.000     4   4.6058
       89     0.00000     0.1629E+02     2.000     4   4.6109
       90     0.00000     0.3014E+01     2.000     3   4.6161
       91     0.00000     0.8500E+01     2.000     3   4.6179
       92     0.00000     0.5822E+01     2.000     4   4.6321
       93     0.00000     0.7510E+01     2.000     3   4.6368
       94     0.00000     0.6579E+01     2.000     4   4.6490
       95     0.00000     0.5489E+01     2.000     3   4.6526
       96     0.00000     0.1545E+02     2.000     3   4.6780
       97     0.00000     0.6827E+01     2.000     4   4.6819
       98     0.00000     0.1394E+02     1.000     2   4.6934
       99     0.00000     0.5827E+01     2.000     4   4.6964
      100     0.00000     0.5492E+01     1.000     4   4.6985
      101     0.00000     0.1555E+02     2.000     3   4.6995
      102     0.00000     0.2823E+01     2.000     3   4.7023
      103     0.00000     0.8939E+01     1.000     4   4.7041
      104     0.00000     0.3892E+01     2.000     4   4.7049
      105     0.00000     0.3207E+01     2.000     4   4.7125
      106     0.00000     0.3799E+01     1.000     2   4.7178
      107     0.00000     0.2872E+01     2.000     4   4.7194
      108     0.00000     0.1245E+02     2.000     4   4.7198
      109     0.00000     0.8771E+01     1.000     4   4.7210
      110     0.00000     0.5987E+01     2.000     4   4.7232
      111     0.00000     0.5964E+01     2.000     4   4.7278
      112     0.00000     0.6118E+01     2.000     3   4.7297
      113     0.00000     0.3214E+01     2.000     4   4.7316
      114     0.00000     0.8637E+01     1.000     4   4.7347
      116     0.00000     0.4621E+01     1.000     4   4.7401
      117     0.00000     0.8565E+01     1.000     4   4.7422
      118     0.00000     0.3720E+01     1.000     2   4.7521
      119     0.00000     0.1340E+02     2.000     4   4.7517
      120     0.00000     0.1372E+02     2.000     4   4.7556
      121     0.00000     0.5512E+01     2.000     3   4.7561
      122     0.00000     0.3925E+01     1.000     4   4.7558
      123     0.00000     0.7638E+01     2.000     4   4.7560
      124     0.00000     0.1649E+02     2.000     3   4.7587
      125     0.00000     0.3862E+01     1.000     4   4.7611
      126     0.00000     0.1458E+02     2.000     4   4.7623
      127     0.00000     0.5948E+01     2.000     4   4.7649
      128     0.00000     0.3683E+01     2.000     4   4.7702
      129     0.00000     0.2891E+01     1.000     4   4.7722
      130     0.00000     0.3650E+01     2.000     4   4.7871
      131     0.00000     0.3641E+01     1.000     4   4.8063
      132     0.00000     0.1387E+02     2.000     3   4.8153
      133     0.00000     0.3574E+01     1.000     2   4.8179
      134     0.00000     0.5007E+01     2.000     4   4.8230
      135     0.00000     0.6551E+01     1.000     4   4.8241
      136     0.00000     0.3592E+02     2.000     5   4.8281
      137     0.00000     0.3472E+01     2.000     4   4.8292
      138     0.00000     0.4162E+01     1.000     4   4.8313
      139     0.00000     0.7952E+01     2.000     5   4.8445
      140     0.00000     0.3990E+01     2.000     3   4.8480
      141     0.00000     0.3113E+02     2.000     5   4.8476
      142     0.00000     0.8124E+01     2.000     3   4.8482
      143     0.00000     0.9616E+01     1.000     4   4.8510
      144     0.00000     0.2411E+02     2.000     5   4.8594
      145     0.00000     0.8736E+01     2.000     5   4.8622
      146     0.00000     0.6455E+01     2.000     4   4.8657
      147     0.00000     0.2754E+02     2.000     5   4.8731
      148     0.00000     0.5615E+01     2.000     4   4.8803
      149     0.00000     0.3431E+01     1.000     2   4.8851
      150     0.00000     0.3611E+01     2.000     3   4.8890
      151     0.00000     0.6802E+01     1.000     4   4.8895
      152     0.00000     0.8928E+01     2.000     5   4.8950
      153     0.00000     0.7883E+01     2.000     5   4.9085
      154     0.00000     0.4226E+01     1.000     4   4.9101
      155     0.00000     0.3503E+01     2.000     4   4.9118
      156     0.00000     0.1394E+02     1.000     4   4.9128
      157     0.00000     0.6096E+01     2.000     4   4.9165
      158     0.00000     0.6507E+01     2.000     4   4.9432
      159     0.00000     0.8309E+01     2.000     4   4.9497
      160     0.00000     0.6330E+01     2.000     4   4.9592
      161     0.00000     0.1036E+02     2.000     4   4.9742
      162     0.00000     0.4386E+01     2.000     3   4.9803
      163     0.00000     0.7499E+01     2.000     4   4.9850
      164     0.00000     0.5756E+01     2.000     4   4.9851
      165     0.00000     0.2757E+01     2.000     4   4.9945
      166     0.00000     0.5296E+01     2.000     4   4.9989
      167     0.00000     0.1171E+02     2.000     3   5.0010
      168     0.00000     0.6708E+01     2.000     4   5.0025
      169     0.00000     0.9340E+01     2.000     4   5.0059
      170     0.00000     0.1605E+02     2.000     5   5.0062
      171     0.00000     0.3173E+01     2.000     5   5.0157
      172     0.00000     0.1339E+02     2.000     5   5.0180
      173     0.00000     0.7295E+01     2.000     3   5.0204
      174     0.00000     0.1373E+02     2.000     5   5.0240
      175     0.00000     0.7710E+01     2.000     4   5.0248
      176     0.00000     0.4128E+01     2.000     3   5.0301
      177     0.00000     0.1050E+02     2.000     5   5.0306
      178     0.00000     0.7030E+01     2.000     4   5.0361
      179     0.00000     0.3363E+01     2.000     5   5.0386
      180     0.00000     0.5668E+01     2.000     5   5.0499
      181     0.00000     0.3105E+01     1.000     2   5.0532
      182     0.00000     0.3363E+01     2.000     5   5.0534
      183     0.00000     0.5245E+01     2.000     3   5.0564
      184     0.00000     0.5238E+01     2.000     4   5.0575
      185     0.00000     0.3070E+01     1.000     2   5.0725
      186     0.00000     0.3418E+01     2.000     5   5.0731
      187     0.00000     0.7355E+01     2.000     3   5.0746
      188     0.00000     0.3100E+01     1.000     2   5.0799
      189     0.00000     0.4682E+01     2.000     3   5.0854
      190     0.00000     0.5698E+01     2.000     3   5.0872
      191     0.00000     0.4053E+01     2.000     4   5.0872
      192     0.00000     0.5980E+01     2.000     4   5.1030
      193     0.00000     0.3238E+01     2.000     4   5.1092
      194     0.00000     0.5614E+01     2.000     4   5.1124
      195     0.00000     0.4497E+01     1.000     4   5.1144
      196     0.00000     0.6185E+01     1.000     4   5.1173
      197     0.00000     0.1103E+02     1.000     4   5.1170
      199     0.00000     0.4117E+01     2.000     4   5.1402
      200     0.00000     0.6087E+01     1.000     4   5.1411
      201     0.00000     0.4315E+01     2.000     3   5.1445
      202     0.00000     0.4742E+01     2.000     3   5.1579
      203     0.00000     0.3040E+01     1.000     4   5.1602
      204     0.00000     0.6071E+01     1.000     4   5.1610
      205     0.00000     0.3131E+01     1.000     4   5.1607
      206     0.00000     0.1046E+02     2.000     3   5.1722
      207     0.00000     0.3224E+01     1.000     4   5.1736
      208     0.00000     0.4761E+01     2.000     4   5.1758
      209     0.00000     0.3635E+01     2.000     4   5.1811
      210     0.00000     0.5079E+01     2.000     3   5.1822
      211     0.00000     0.9637E+01     2.000     4   5.1829
      212     0.00000     0.2878E+01     2.000     4   5.1868
      213     0.00000     0.6083E+01     1.000     4   5.1991
      214     0.00000     0.9945E+01     2.000     3   5.2032
      215     0.00000     0.5698E+01     2.000     5   5.2042
      216     0.00000     0.4213E+01     2.000     5   5.2040
      217     0.00000     0.7452E+01     2.000     5   5.2067
      220     0.00000     0.5222E+01     2.000     4   5.2465
      221     0.00000     0.4162E+01     2.000     4   5.2474
      222     0.00000     0.5049E+01     2.000     5   5.2505
      223     0.00000     0.6044E+01     2.000     4   5.2532
      224     0.00000     0.9096E+01     2.000     5   5.2656
      225     0.00000     0.7752E+01     2.000     5   5.2706
      227     0.00000     0.1527E+02     1.000     6   5.2722
      229     0.00000     0.5834E+01     2.000     6   5.2740
      230     0.00000     0.4231E+01     1.000     6   5.2791
      231     0.00000     0.1666E+02     2.000     5   5.2806
      232     0.00000     0.1244E+02     1.000     6   5.2803
      233     0.00000     0.6727E+01     2.000     5   5.2852
      234     0.00000     0.5596E+01     2.000     3   5.2865
      235     0.00000     0.3196E+01     1.000     6   5.2864
      236     0.00000     0.1326E+02     1.000     6   5.2870
      237     0.00000     0.4494E+01     1.000     6   5.2881
      238     0.00000     0.4031E+01     1.000     4   5.2887
      239     0.00000     0.1038E+02     1.000     6   5.2889
      240     0.00000     0.3937E+01     2.000     4   5.2894
      241     0.00000     0.9738E+01     1.000     4   5.2913
      242     0.00000     0.5275E+01     2.000     3   5.2955
      243     0.00000     0.4678E+01     2.000     4   5.2963
      244     0.00000     0.1271E+02     2.000     5   5.2966
      245     0.00000     0.9788E+01     2.000     4   5.2981
      247     0.00000     0.6195E+01     2.000     6   5.3016
      248     0.00000     0.8370E+01     2.000     4   5.3098
      249     0.00000     0.3166E+01     2.000     4   5.3108
      251     0.00000     0.6061E+01     2.000     6   5.3157
      252     0.00000     0.5087E+01     2.000     5   5.3175
      253     0.00000     0.7726E+01     2.000     3   5.3187
      254     0.00000     0.5970E+01     2.000     5   5.3237
      255     0.00000     0.6143E+01     2.000     4   5.3247
      256     0.00000     0.4242E+01     1.000     4   5.3314
      257     0.00000     0.7830E+01     2.000     5   5.3320
      258     0.00000     0.8898E+01     1.000     4   5.3340
      260     0.00000     0.2705E+01     2.000     4   5.3396
      261     0.00000     0.6324E+01     2.000     6   5.3392
      262     0.00000     0.6909E+01     2.000     4   5.3439
      263     0.00000     0.2677E+01     1.000     4   5.3564
      267     0.00000     0.3766E+01     2.000     3   5.3626
      268     0.00000     0.6006E+01     2.000     4   5.3673
      269     0.00000     0.5822E+01     2.000     5   5.3727
      270     0.00000     0.3035E+01     2.000     4   5.3736
      271     0.00000     0.3078E+01     2.000     3   5.3790
      272     0.00000     0.6466E+01     2.000     4   5.3810
      273     0.00000     0.6489E+01     2.000     4   5.3841
      274     0.00000     0.1173E+02     2.000     5   5.3836
      275     0.00000     0.3561E+01     2.000     3   5.3877
      276     0.00000     0.5009E+01     2.000     3   5.3937
      278     0.00000     0.5526E+01     2.000     3   5.4047
      279     0.00000     0.6232E+01     2.000     5   5.4045
      280     0.00000     0.1897E+02     2.000     5   5.4053
      281     0.00000     0.8097E+01     2.000     4   5.4060
      282     0.00000     0.2905E+01     2.000     3   5.4072
      283     0.00000     0.1896E+02     2.000     5   5.4073
      284     0.00000     0.1308E+02     2.000     5   5.4097
      285     0.00000     0.1397E+02     2.000     5   5.4115
      286     0.00000     0.4859E+01     2.000     4   5.4128
      287     0.00000     0.5579E+01     2.000     4   5.4146
      288     0.00000     0.1001E+02     2.000     4   5.4145
      289     0.00000     0.1021E+02     2.000     4   5.4173
      290     0.00000     0.4303E+01     2.000     4   5.4272
      292     0.00000     0.4694E+01     2.000     5   5.4292
      293     0.00000     0.4878E+01     2.000     5   5.4320
      294     0.00000     0.6277E+01     2.000     5   5.4354
      295     0.00000     0.1187E+02     2.000     5   5.4379
      296     0.00000     0.4193E+01     2.000     4   5.4405
      297     0.00000     0.2767E+01     2.000     5   5.4418
      298     0.00000     0.6019E+01     2.000     3   5.4479
      299     0.00000     0.3486E+01     2.000     4   5.4487
      300     0.00000     0.3788E+01     2.000     5   5.4530
      301     0.00000     0.2935E+01     2.000     4   5.4539
      302     0.00000     0.5849E+01     2.000     5   5.4555
      303     0.00000     0.3555E+01     2.000     4   5.4570
      304     0.00000     0.2764E+01     2.000     4   5.4591
      305     0.00000     0.8149E+01     2.000     3   5.4630
      306     0.00000     0.7088E+01     2.000     5   5.4697
      308     0.00000     0.6323E+01     2.000     5   5.4751
      309     0.00000     0.4915E+01     2.000     6   5.4762
      310     0.00000     0.1825E+02     1.000     6   5.4773
      311     0.00000     0.2902E+01     2.000     4   5.4777
      312     0.00000     0.7246E+01     2.000     3   5.4792
      313     0.00000     0.3824E+01     2.000     4   5.4820
      314     0.00000     0.8193E+01     2.000     3   5.4858
      315     0.00000     0.5908E+01     2.000     4   5.4884
      316     0.00000     0.6082E+01     2.000     4   5.4984
      317     0.00000     0.3042E+01     1.000     4   5.5006
      318     0.00000     0.1563E+02     1.000     6   5.5017
      319     0.00000     0.3406E+01     2.000     4   5.5055
      320     0.00000     0.8072E+01     2.000     4   5.5096
      321     0.00000     0.6047E+01     2.000     4   5.5145
      322     0.00000     0.7888E+01     2.000     4   5.5191
      323     0.00000     0.7628E+01     2.000     5   5.5194
      324     0.00000     0.1599E+02     2.000     5   5.5198
      325     0.00000     0.4407E+01     2.000     4   5.5218
      326     0.00000     0.1722E+02     2.000     5   5.5219
      327     0.00000     0.1182E+02     1.000     6   5.5232
      328     0.00000     0.3268E+01     2.000     4   5.5244
      329     0.00000     0.3995E+01     2.000     4   5.5296
      330     0.00000     0.2894E+01     2.000     4   5.5368
      331     0.00000     0.2694E+01     1.000     4   5.5378
      332     0.00000     0.7537E+01     2.000     3   5.5465
      333     0.00000     0.5369E+01     2.000     5   5.5548
      335     0.00000     0.1279E+02     1.000     6   5.5593
      336     0.00000     0.1196E+02     2.000     5   5.5615
      337     0.00000     0.3459E+01     2.000     4   5.5694
      338     0.00000     0.5409E+01     2.000     4   5.5751
      339     0.00000     0.5242E+01     2.000     5   5.5756
      340     0.00000     0.5738E+01     2.000     4   5.5771
      341     0.00000     0.1182E+02     2.000     5   5.5805
      343     0.00000     0.5926E+01     2.000     5   5.5828
      344     0.00000     0.1263E+02     2.000     5   5.5859
      345     0.00000     0.5850E+01     2.000     5   5.5861
      346     0.00000     0.6231E+01     2.000     5   5.5896
      347     0.00000     0.1192E+02     2.000     5   5.5906
      348     0.00000     0.4951E+01     2.000     5   5.5951
      349     0.00000     0.4087E+01     2.000     4   5.6023
      350     0.00000     0.1227E+02     2.000     5   5.6063
      352     0.00000     0.4110E+01     2.000     4   5.6215
      353     0.00000     0.7873E+01     2.000     5   5.6271
      354     0.00000     0.9153E+01     2.000     4   5.6277
      355     0.00000     0.5989E+01     2.000     5   5.6279
      356     0.00000     0.4714E+01     2.000     5   5.6284
      357     0.00000     0.4047E+01     2.000     4   5.6300
      358     0.00000     0.4707E+01     2.000     4   5.6311
      359     0.00000     0.1001E+02     2.000     4   5.6331
      360     0.00000     0.5309E+01     2.000     5   5.6343
      361     0.00000     0.1335E+02     2.000     5   5.6359
      362     0.00000     0.7622E+01     2.000     5   5.6356
      363     0.00000     0.1259E+02     2.000     5   5.6380
      364     0.00000     0.8639E+01     2.000     5   5.6378
      365     0.00000     0.1657E+02     2.000     5   5.6381
      366     0.00000     0.8892E+01     2.000     4   5.6397
      367     0.00000     0.1638E+02     2.000     5   5.6404
      368     0.00000     0.4999E+01     2.000     5   5.6417
      369     0.00000     0.4899E+01     2.000     4   5.6426
      370     0.00000     0.3476E+01     2.000     3   5.6438
      371     0.00000     0.5551E+01     2.000     5   5.6503
      372     0.00000     0.6865E+01     2.000     4   5.6510
      373     0.00000     0.3546E+01     2.000     5   5.6514
      374     0.00000     0.5905E+01     2.000     4   5.6545
      375     0.00000     0.1603E+02     2.000     6   5.6554
      376     0.00000     0.3238E+01     2.000     5   5.6626
      377     0.00000     0.5898E+01     2.000     4   5.6645
      378     0.00000     0.4973E+01     2.000     5   5.6652
      379     0.00000     0.6972E+01     2.000     4   5.6670
      380     0.00000     0.8119E+01     2.000     5   5.6702
      381     0.00000     0.4626E+01     2.000     5   5.6716
      382     0.00000     0.4177E+01     2.000     4   5.6731
      383     0.00000     0.2703E+01     2.000     5   5.6756
      384     0.00000     0.7039E+01     2.000     5   5.6774
      385     0.00000     0.1384E+02     2.000     6   5.6781
      386     0.00000     0.4751E+01     2.000     4   5.6823
      387     0.00000     0.3130E+01     2.000     5   5.6854
      388     0.00000     0.2980E+01     2.000     5   5.6923
      390     0.00000     0.1128E+02     2.000     5   5.6931
      391     0.00000     0.9669E+01     2.000     5   5.6943
      392     0.00000     0.3696E+01     1.000     6   5.6947
      393     0.00000     0.1076E+02     2.000     6   5.6944
      394     0.00000     0.9700E+01     2.000     6   5.6951
      395     0.00000     0.5192E+01     2.000     4   5.6977
      396     0.00000     0.1293E+02     2.000     6   5.6991
      397     0.00000     0.4044E+01     2.000     5   5.7013
      398     0.00000     0.4293E+01     2.000     4   5.7026
      399     0.00000     0.7923E+01     2.000     5   5.7030
      400     0.00000     0.6764E+01     1.000     6   5.7038
      401     0.00000     0.5718E+01     2.000     4   5.7039
      402     0.00000     0.1262E+02     2.000     6   5.7042
      405     0.00000     0.4680E+01     2.000     4   5.7077
      406     0.00000     0.5864E+01     1.000     4   5.7079
      407     0.00000     0.4724E+01     1.000     6   5.7100
      408     0.00000     0.7859E+01     1.000     6   5.7101
      409     0.00000     0.6081E+01     2.000     5   5.7106
      410     0.00000     0.4189E+01     2.000     4   5.7115
      411     0.00000     0.4491E+01     2.000     5   5.7133
      412     0.00000     0.1063E+02     2.000     5   5.7147
      413     0.00000     0.4370E+01     2.000     4   5.7160
      415     0.00000     0.5751E+01     2.000     5   5.7210
      416     0.00000     0.9413E+01     2.000     5   5.7237
      417     0.00000     0.8053E+01     2.000     6   5.7245
      419     0.00000     0.3197E+01     2.000     5   5.7299
      420     0.00000     0.4579E+01     2.000     5   5.7325
      421     0.00000     0.4647E+01     2.000     4   5.7332
      422     0.00000     0.4033E+01     2.000     4   5.7344
      423     0.00000     0.2793E+01     2.000     4   5.7356
      424     0.00000     0.7694E+01     2.000     5   5.7374
      426     0.00000     0.9055E+01     2.000     6   5.7392
      427     0.00000     0.3475E+01     2.000     4   5.7400
      428     0.00000     0.4139E+01     2.000     4   5.7438
      429     0.00000     0.3491E+01     2.000     5   5.7456
      430     0.00000     0.3343E+01     2.000     5   5.7502
      431     0.00000     0.9914E+01     2.000     5   5.7524
      432     0.00000     0.8791E+01     1.000     4   5.7527
      434     0.00000     0.6949E+01     2.000     5   5.7539
      435     0.00000     0.4684E+01     2.000     5   5.7596
      436     0.00000     0.8659E+01     2.000     5   5.7614
      437     0.00000     0.6491E+01     2.000     6   5.7616
      438     0.00000     0.3033E+01     2.000     5   5.7729
      439     0.00000     0.1149E+02     2.000     5   5.7735
      440     0.00000     0.4890E+01     2.000     5   5.7732
      442     0.00000     0.5039E+01     2.000     5   5.7795
      443     0.00000     0.1062E+02     2.000     5   5.7799
      444     0.00000     0.6274E+01     2.000     5   5.7808
      445     0.00000     0.4479E+01     2.000     5   5.7850
      446     0.00000     0.1101E+02     2.000     5   5.7952
      447     0.00000     0.3709E+01     2.000     5   5.7976
      448     0.00000     0.9665E+01     2.000     5   5.8048
      449     0.00000     0.4667E+01     2.000     5   5.8051
      450     0.00000     0.4720E+01     2.000     5   5.8069
      452     0.00000     0.4207E+01     2.000     5   5.8115
      453     0.00000     0.8005E+01     2.000     5   5.8216
      454     0.00000     0.3663E+01     2.000     5   5.8228
      455     0.00000     0.1491E+02     2.000     5   5.8277
      456     0.00000     0.3453E+01     2.000     5   5.8292
      457     0.00000     0.8240E+01     2.000     5   5.8327
      458     0.00000     0.7221E+01     2.000     5   5.8339
      460     0.00000     0.7094E+01     2.000     5   5.8453
      461     0.00000     0.7904E+01     2.000     5   5.8468
      462     0.00000     0.3360E+01     2.000     5   5.8491
      464     0.00000     0.1532E+02     2.000     6   5.8514
      465     0.00000     0.3176E+01     2.000     5   5.8553
      466     0.00000     0.4426E+01     2.000     5   5.8561
      467     0.00000     0.3239E+01     2.000     6   5.8579
      468     0.00000     0.4346E+01     2.000     6   5.8580
      469     0.00000     0.1090E+02     2.000     6   5.8583
      470     0.00000     0.4560E+01     2.000     6   5.8605
      471     0.00000     0.8750E+01     2.000     5   5.8614
      472     0.00000     0.5259E+01     2.000     4   5.8732
      473     0.00000     0.4942E+01     2.000     5   5.8742
      474     0.00000     0.6975E+01     2.000     5   5.8764
      475     0.00000     0.6313E+01     2.000     5   5.8785
      476     0.00000     0.4839E+01     2.000     5   5.8859
      477     0.00000     0.5374E+01     2.000     5   5.8936
      478     0.00000     0.5883E+01     2.000     5   5.8967
      479     0.00000     0.3050E+01     2.000     5   5.8973
      480     0.00000     0.4818E+01     2.000     5   5.8973
      481     0.00000     0.2051E+02     2.000     6   5.8997
      482     0.00000     0.2903E+01     2.000     5   5.9003
      483     0.00000     0.2786E+01     2.000     5   5.9061
      485     0.00000     0.9246E+01     2.000     5   5.9107
      487     0.00000     0.6054E+01     2.000     6   5.9157
      488     0.00000     0.3862E+01     2.000     5   5.9186
      489     0.00000     0.3069E+01     2.000     6   5.9184
      491     0.00000     0.3106E+02     2.000     7   5.9214
      492     0.00000     0.3629E+01     1.000     6   5.9243
      493     0.00000     0.2122E+02     2.000     6   5.9247
      494     0.00000     0.3090E+01     1.000     6   5.9244
      495     0.00000     0.7401E+01     2.000     5   5.9262
      496     0.00000     0.7494E+01     1.000     6   5.9268
      497     0.00000     0.5043E+01     2.000     5   5.9301
      498     0.00000     0.7197E+01     2.000     7   5.9370
      499     0.00000     0.7117E+01     2.000     7   5.9378
      500     0.00000     0.7545E+01     2.000     5   5.9391
      501     0.00000     0.2804E+01     2.000     7   5.9405
      502     0.00000     0.5720E+01     2.000     5   5.9412
      503     0.00000     0.2694E+02     2.000     7   5.9410
      504     0.00000     0.1795E+02     2.000     5   5.9428
      505     0.00000     0.3667E+01     2.000     5   5.9438
      506     0.00000     0.3800E+01     1.000     6   5.9438
      507     0.00000     0.2087E+02     2.000     6   5.9444
      508     0.00000     0.4886E+01     1.000     6   5.9442
      509     0.00000     0.6062E+01     2.000     5   5.9447
      510     0.00000     0.4643E+01     2.000     5   5.9449
      511     0.00000     0.8151E+01     1.000     6   5.9468
      512     0.00000     0.3113E+01     2.000     7   5.9520
      513     0.00000     0.2090E+02     2.000     7   5.9528
      514     0.00000     0.7842E+01     2.000     7   5.9550
      515     0.00000     0.7837E+01     2.000     7   5.9556
      517     0.00000     0.1466E+02     2.000     6   5.9612
      518     0.00000     0.3282E+01     2.000     7   5.9652
      519     0.00000     0.2377E+02     2.000     7   5.9664
      520     0.00000     0.5574E+01     2.000     5   5.9716
      521     0.00000     0.6752E+01     2.000     6   5.9733
      522     0.00000     0.2944E+01     2.000     6   5.9758
      523     0.00000     0.4145E+01     2.000     4   5.9802
      524     0.00000     0.2019E+02     2.000     6   5.9828
      525     0.00000     0.3306E+01     1.000     6   5.9828
      526     0.00000     0.4041E+01     1.000     6   5.9825
      527     0.00000     0.5028E+01     2.000     4   5.9844
      528     0.00000     0.7726E+01     1.000     6   5.9850
      529     0.00000     0.8016E+01     2.000     7   5.9873
      530     0.00000     0.8064E+01     2.000     7   5.9884
      531     0.00000     0.4871E+01     2.000     5   5.9960
      532     0.00000     0.7130E+01     2.000     7   6.0006
      533     0.00000     0.3385E+01     2.000     5   6.0018
      534     0.00000     0.7080E+01     2.000     7   6.0018
      535     0.00000     0.5502E+01     1.000     6   6.0057
      536     0.00000     0.5208E+01     2.000     6   6.0055
      537     0.00000     0.4497E+01     2.000     5   6.0067
      538     0.00000     0.1078E+02     1.000     6   6.0082
      539     0.00000     0.9191E+01     2.000     6   6.0098
      540     0.00000     0.3062E+01     2.000     6   6.0095
      541     0.00000     0.4443E+01     2.000     6   6.0099
      542     0.00000     0.4239E+01     2.000     6   6.0121
      543     0.00000     0.5491E+01     1.000     6   6.0134
      544     0.00000     0.2827E+01     2.000     5   6.0158
      545     0.00000     0.5395E+01     1.000     6   6.0198
      546     0.00000     0.5400E+01     1.000     6   6.0201
      547     0.00000     0.5089E+01     2.000     5   6.0302
      548     0.00000     0.4732E+01     2.000     6   6.0360
      549     0.00000     0.8645E+01     2.000     6   6.0365
      550     0.00000     0.3228E+01     2.000     6   6.0363
      551     0.00000     0.4206E+01     2.000     6   6.0389
      552     0.00000     0.3829E+01     2.000     5   6.0408
      553     0.00000     0.3736E+01     2.000     5   6.0423
      555     0.00000     0.1520E+02     2.000     6   6.0453
      556     0.00000     0.5577E+01     2.000     6   6.0488
      557     0.00000     0.7030E+01     2.000     6   6.0523
      558     0.00000     0.2740E+01     2.000     6   6.0549
      559     0.00000     0.3655E+01     2.000     5   6.0584
      560     0.00000     0.2309E+02     2.000     5   6.0591
      561     0.00000     0.2007E+02     2.000     5   6.0594
      562     0.00000     0.3149E+01     2.000     6   6.0673
      563     0.00000     0.1499E+02     2.000     6   6.0699
      564     0.00000     0.6458E+01     2.000     6   6.0781
      565     0.00000     0.7716E+01     2.000     6   6.0778
      568     0.00000     0.1026E+02     2.000     6   6.0784
      570     0.00000     0.9313E+01     2.000     6   6.0804
      571     0.00000     0.2739E+01     2.000     6   6.0807
      572     0.00000     0.3729E+01     2.000     5   6.0870
      574     0.00000     0.4912E+01     2.000     4   6.0944
      576     0.00000     0.1015E+02     2.000     6   6.0959
      577     0.00000     0.7860E+01     2.000     5   6.0966
      578     0.00000     0.4925E+01     2.000     4   6.0973
      579     0.00000     0.9395E+01     2.000     6   6.0980
      582     0.00000     0.5235E+01     2.000     6   6.0990
      583     0.00000     0.9694E+01     2.000     6   6.0992
      584     0.00000     0.1428E+02     2.000     7   6.0996
      585     0.00000     0.8576E+01     2.000     6   6.1011
      586     0.00000     0.1116E+02     2.000     6   6.1016
      587     0.00000     0.7421E+01     2.000     3   6.1025
      588     0.00000     0.3177E+01     2.000     7   6.1101
      589     0.00000     0.1186E+02     2.000     7   6.1113
      590     0.00000     0.5131E+01     2.000     5   6.1134
      591     0.00000     0.8118E+01     2.000     6   6.1144
      592     0.00000     0.9189E+01     2.000     6   6.1156
      593     0.00000     0.3276E+01     2.000     5   6.1159
      594     0.00000     0.2707E+01     2.000     7   6.1168
      595     0.00000     0.1226E+02     2.000     7   6.1174
      596     0.00000     0.1013E+02     2.000     6   6.1181
      597     0.00000     0.1066E+02     2.000     6   6.1204
      598     0.00000     0.6027E+01     2.000     6   6.1216
      599     0.00000     0.5391E+01     2.000     6   6.1216
      600     0.00000     0.6874E+01     2.000     6   6.1216
      601     0.00000     0.3854E+01     2.000     5   6.1229
      602     0.00000     0.2877E+01     2.000     7   6.1231
      603     0.00000     0.3572E+01     2.000     5   6.1239
      604     0.00000     0.9409E+01     2.000     7   6.1239
      605     0.00000     0.9423E+01     2.000     6   6.1277
      606     0.00000     0.4593E+01     2.000     6   6.1292
      608     0.00000     0.9035E+01     2.000     6   6.1337
      609     0.00000     0.4213E+01     2.000     6   6.1356
      610     0.00000     0.5220E+01     2.000     6   6.1356
      615     0.00000     0.6694E+01     2.000     6   6.1424
      616     0.00000     0.6795E+01     2.000     6   6.1424
      617     0.00000     0.9481E+01     2.000     6   6.1443
      618     0.00000     0.4173E+01     2.000     6   6.1482
      619     0.00000     0.3798E+01     2.000     6   6.1505
      621     0.00000     0.2996E+01     2.000     5   6.1508
      622     0.00000     0.4044E+01     2.000     6   6.1509
      623     0.00000     0.8016E+01     2.000     6   6.1532
      624     0.00000     0.9055E+01     2.000     6   6.1532
      625     0.00000     0.3548E+01     2.000     6   6.1552
      627     0.00000     0.9461E+01     2.000     6   6.1596
      629     0.00000     0.5146E+01     2.000     5   6.1677
      630     0.00000     0.7621E+01     2.000     6   6.1685
      631     0.00000     0.8279E+01     2.000     6   6.1685
      632     0.00000     0.3061E+01     2.000     5   6.1703
      633     0.00000     0.2993E+01     2.000     5   6.1762
      634     0.00000     0.7330E+01     2.000     4   6.1779
      635     0.00000     0.4214E+01     2.000     6   6.1806
      636     0.00000     0.4247E+01     2.000     6   6.1814
      638     0.00000     0.3034E+01     2.000     6   6.1938
      640     0.00000     0.3999E+01     2.000     6   6.1960
      641     0.00000     0.3684E+01     2.000     6   6.2022
      643     0.00000     0.2838E+01     2.000     6   6.2058
      644     0.00000     0.4590E+01     2.000     5   6.2085
      645     0.00000     0.4760E+01     2.000     6   6.2100
      646     0.00000     0.7269E+01     2.000     6   6.2107
      647     0.00000     0.8588E+01     1.000     6   6.2125
      649     0.00000     0.2938E+01     2.000     5   6.2187
      650     0.00000     0.5683E+01     2.000     3   6.2269
      651     0.00000     0.6864E+01     2.000     6   6.2345
      652     0.00000     0.8119E+01     2.000     6   6.2343
      653     0.00000     0.3387E+01     2.000     3   6.2447
      654     0.00000     0.6263E+01     2.000     6   6.2544
      655     0.00000     0.3263E+01     1.000     6   6.2557
      656     0.00000     0.3435E+01     1.000     6   6.2564
      657     0.00000     0.4707E+01     2.000     6   6.2630
      658     0.00000     0.3392E+01     2.000     3   6.2656
      659     0.00000     0.7034E+01     2.000     5   6.2677
      660     0.00000     0.7532E+01     2.000     6   6.2685
      662     0.00000     0.4122E+01     2.000     6   6.2704
      663     0.00000     0.3742E+01     2.000     6   6.2712
      664     0.00000     0.6541E+01     2.000     6   6.2720
      666     0.00000     0.3550E+01     2.000     6   6.2763
      667     0.00000     0.5305E+01     2.000     6   6.2781
      668     0.00000     0.7670E+01     2.000     6   6.2783
      669     0.00000     0.6847E+01     2.000     6   6.2813
      670     0.00000     0.6363E+01     2.000     6   6.2924
      671     0.00000     0.6702E+01     2.000     5   6.2989
      672     0.00000     0.2695E+01     2.000     7   6.2994
      673     0.00000     0.6611E+01     2.000     7   6.2993
      674     0.00000     0.3220E+01     2.000     6   6.3003
      675     0.00000     0.6456E+01     2.000     7   6.3021
      676     0.00000     0.4581E+01     2.000     6   6.3039
      677     0.00000     0.4280E+01     2.000     6   6.3045
      678     0.00000     0.4799E+01     2.000     6   6.3080
      679     0.00000     0.3526E+01     2.000     6   6.3135
      682     0.00000     0.7753E+01     2.000     7   6.3431
      684     0.00000     0.1626E+02     2.000     7   6.3439
      685     0.00000     0.1545E+02     2.000     7   6.3439
      686     0.00000     0.1184E+02     2.000     7   6.3459
      688     0.00000     0.1021E+02     1.000     6   6.3477
      689     0.00000     0.4094E+01     2.000     7   6.3565
      690     0.00000     0.8002E+01     2.000     7   6.3582
      692     0.00000     0.5894E+01     2.000     7   6.3590
      693     0.00000     0.9108E+01     2.000     7   6.3587
      694     0.00000     0.7776E+01     2.000     7   6.3590
      695     0.00000     0.3166E+01     2.000     7   6.3613
      697     0.00000     0.8279E+01     2.000     7   6.3637
      699     0.00000     0.1751E+02     2.000     7   6.3640
      700     0.00000     0.1709E+02     2.000     7   6.3640
      701     0.00000     0.1688E+02     1.000     6   6.3655
      702     0.00000     0.1309E+02     2.000     7   6.3662
      703     0.00000     0.4420E+01     2.000     5   6.3691
      704     0.00000     0.4215E+01     2.000     5   6.3691
      705     0.00000     0.4823E+01     2.000     4   6.3735
      706     0.00000     0.3329E+01     2.000     7   6.3731
      707     0.00000     0.9069E+01     2.000     7   6.3734
      708     0.00000     0.1814E+02     2.000     7   6.3739
      709     0.00000     0.3343E+01     2.000     7   6.3737
      710     0.00000     0.1786E+02     2.000     7   6.3739
      711     0.00000     0.1610E+02     2.000     7   6.3763
      712     0.00000     0.7597E+01     2.000     7   6.3782
      713     0.00000     0.5944E+01     2.000     7   6.3780
      715     0.00000     0.5058E+01     2.000     7   6.3786
      716     0.00000     0.8627E+01     2.000     7   6.3786
      717     0.00000     0.2992E+01     2.000     7   6.3808
      718     0.00000     0.3546E+01     2.000     7   6.3813
      719     0.00000     0.4211E+01     2.000     6   6.3842
      720     0.00000     0.3156E+01     2.000     6   6.3849
      721     0.00000     0.7586E+01     1.000     6   6.3868
      722     0.00000     0.3303E+01     2.000     4   6.3886
      723     0.00000     0.6880E+01     2.000     6   6.3888
      724     0.00000     0.2674E+01     2.000     7   6.3887
      726     0.00000     0.8834E+01     2.000     7   6.3900
      727     0.00000     0.1823E+02     2.000     7   6.3899
      728     0.00000     0.1764E+02     2.000     7   6.3899
      730     0.00000     0.2941E+01     2.000     6   6.3915
      731     0.00000     0.2667E+01     2.000     6   6.3919
      732     0.00000     0.1511E+02     2.000     7   6.3921
      733     0.00000     0.7719E+01     2.000     6   6.3936
      734     0.00000     0.4760E+01     2.000     4   6.3955
      735     0.00000     0.3145E+01     2.000     4   6.3970
      736     0.00000     0.4932E+01     2.000     3   6.4021
      737     0.00000     0.2706E+01     2.000     6   6.4031
      738     0.00000     0.2733E+01     2.000     7   6.4034
      739     0.00000     0.1330E+02     1.000     6   6.4063
      741     0.00000     0.6354E+01     2.000     6   6.4109
      742     0.00000     0.8863E+01     2.000     7   6.4109
      743     0.00000     0.2724E+01     2.000     6   6.4202
      744     0.00000     0.6916E+01     2.000     7   6.4241
      745     0.00000     0.7946E+01     2.000     7   6.4250
      746     0.00000     0.5614E+01     2.000     6   6.4255
      747     0.00000     0.5278E+01     2.000     7   6.4253
      748     0.00000     0.7704E+01     2.000     7   6.4253
      750     0.00000     0.4134E+01     2.000     6   6.4271
      751     0.00000     0.2984E+01     2.000     7   6.4275
      752     0.00000     0.9854E+01     2.000     6   6.4286
      753     0.00000     0.6951E+01     1.000     6   6.4297
      754     0.00000     0.3670E+01     2.000     6   6.4303
      755     0.00000     0.6899E+01     2.000     6   6.4333
      757     0.00000     0.5387E+01     2.000     6   6.4370
      758     0.00000     0.6037E+01     2.000     6   6.4373
      759     0.00000     0.2937E+01     2.000     7   6.4393
      760     0.00000     0.2800E+01     2.000     6   6.4396
      761     0.00000     0.2800E+01     2.000     6   6.4440
      762     0.00000     0.7429E+01     2.000     6   6.4577
      764     0.00000     0.4594E+01     2.000     5   6.4627
      765     0.00000     0.5417E+01     2.000     5   6.4635
      766     0.00000     0.2826E+01     2.000     6   6.4655
      767     0.00000     0.1498E+02     2.000     6   6.4665
      768     0.00000     0.5580E+01     2.000     5   6.4670
      769     0.00000     0.3695E+01     2.000     6   6.4698
      770     0.00000     0.3018E+01     2.000     6   6.4703
      771     0.00000     0.5187E+01     2.000     6   6.4741
      773     0.00000     0.4390E+01     2.000     4   6.4764
      774     0.00000     0.1719E+02     2.000     6   6.4886
      775     0.00000     0.4082E+01     2.000     7   6.4979
      777     0.00000     0.4406E+01     2.000     7   6.4999
      778     0.00000     0.3891E+01     2.000     7   6.4999
      779     0.00000     0.7162E+01     2.000     7   6.5006
      780     0.00000     0.2721E+01     2.000     6   6.5011
      782     0.00000     0.1677E+02     2.000     7   6.5027
      783     0.00000     0.1156E+02     2.000     7   6.5031
      785     0.00000     0.2715E+01     2.000     7   6.5038
      786     0.00000     0.1233E+02     2.000     7   6.5049
      787     0.00000     0.3943E+01     2.000     5   6.5070
      790     0.00000     0.4518E+01     2.000     6   6.5078
      791     0.00000     0.2727E+01     2.000     6   6.5083
      793     0.00000     0.2889E+01     2.000     6   6.5104
      794     0.00000     0.7831E+01     2.000     6   6.5100
      795     0.00000     0.7966E+01     2.000     6   6.5130
      797     0.00000     0.1525E+02     2.000     6   6.5204
      798     0.00000     0.4862E+01     2.000     7   6.5220
      800     0.00000     0.2947E+01     2.000     6   6.5231
      803     0.00000     0.6137E+01     2.000     7   6.5246
      805     0.00000     0.3099E+01     2.000     6   6.5251
      807     0.00000     0.8481E+01     2.000     7   6.5275
      809     0.00000     0.3926E+01     2.000     5   6.5287
      810     0.00000     0.9110E+01     2.000     7   6.5311
      811     0.00000     0.1053E+02     2.000     7   6.5312
      812     0.00000     0.7537E+01     2.000     7   6.5348
      813     0.00000     0.6337E+01     2.000     7   6.5373
      814     0.00000     0.6198E+01     2.000     7   6.5404
      815     0.00000     0.5133E+01     2.000     5   6.5412
      816     0.00000     0.1292E+02     2.000     6   6.5416
      817     0.00000     0.7295E+01     2.000     7   6.5451
      818     0.00000     0.5789E+01     2.000     5   6.5563
      819     0.00000     0.5840E+01     2.000     5   6.5610
      820     0.00000     0.6076E+01     2.000     7   6.5623
      822     0.00000     0.4036E+01     2.000     4   6.5631
      823     0.00000     0.6111E+01     2.000     7   6.5630
      824     0.00000     0.3919E+01     2.000     7   6.5657
      825     0.00000     0.5885E+01     2.000     7   6.5677
      826     0.00000     0.4661E+01     2.000     5   6.5725
      827     0.00000     0.4261E+01     2.000     4   6.5747
      828     0.00000     0.6460E+01     2.000     7   6.5757
      829     0.00000     0.5279E+01     2.000     5   6.5792
      830     0.00000     0.5015E+01     2.000     7   6.5817
      831     0.00000     0.6936E+01     2.000     7   6.5827
      832     0.00000     0.2786E+01     2.000     6   6.5852
      835     0.00000     0.2852E+01     2.000     6   6.6051
      839     0.00000     0.6732E+01     2.000     7   6.6124
      840     0.00000     0.3895E+01     2.000     7   6.6128
      841     0.00000     0.3928E+01     2.000     7   6.6150
      842     0.00000     0.6008E+01     2.000     7   6.6153
      843     0.00000     0.4255E+01     2.000     7   6.6149
      844     0.00000     0.4587E+01     2.000     7   6.6149
      845     0.00000     0.1513E+02     2.000     7   6.6174
      847     0.00000     0.3415E+01     2.000     6   6.6332
      848     0.00000     0.8823E+01     2.000     6   6.6334
      849     0.00000     0.9846E+01     2.000     7   6.6549
      850     0.00000     0.4970E+01     2.000     6   6.6575
      852     0.00000     0.2692E+01     2.000     5   6.6684
      854     0.00000     0.3648E+01     2.000     7   6.6690
      855     0.00000     0.9217E+01     2.000     7   6.6739
      856     0.00000     0.6873E+01     2.000     6   6.6755
      857     0.00000     0.2734E+01     2.000     5   6.6786
      859     0.00000     0.1068E+02     2.000     7   6.6813
      860     0.00000     0.8301E+01     2.000     7   6.6839
      861     0.00000     0.3569E+01     2.000     4   6.6854
      862     0.00000     0.3884E+01     2.000     7   6.6885
      863     0.00000     0.8800E+01     2.000     7   6.6996
      864     0.00000     0.5996E+01     2.000     6   6.7159
      865     0.00000     0.6101E+01     2.000     6   6.7210
      866     0.00000     0.3979E+01     2.000     7   6.7218
      868     0.00000     0.5242E+01     1.000     6   6.7224
      869     0.00000     0.7667E+01     2.000     7   6.7225
      870     0.00000     0.6541E+01     2.000     7   6.7225
      871     0.00000     0.7236E+01     2.000     6   6.7265
      873     0.00000     0.6720E+01     2.000     7   6.7286
      874     0.00000     0.4669E+01     2.000     6   6.7290
      876     0.00000     0.3359E+01     2.000     7   6.7289
      877     0.00000     0.2758E+01     2.000     7   6.7305
      878     0.00000     0.7601E+01     2.000     7   6.7309
      879     0.00000     0.5164E+01     2.000     7   6.7314
      880     0.00000     0.3319E+01     2.000     7   6.7311
      881     0.00000     0.4076E+01     2.000     7   6.7311
      882     0.00000     0.4507E+01     2.000     7   6.7311
      883     0.00000     0.3914E+01     2.000     7   6.7315
      884     0.00000     0.7516E+01     2.000     6   6.7330
      885     0.00000     0.4032E+01     2.000     7   6.7331
      886     0.00000     0.4291E+01     2.000     7   6.7335
      887     0.00000     0.4723E+01     2.000     7   6.7335
      888     0.00000     0.4860E+01     2.000     7   6.7337
      889     0.00000     0.1449E+02     2.000     7   6.7336
      890     0.00000     0.3565E+01     2.000     7   6.7350
      891     0.00000     0.4712E+01     2.000     6   6.7359
      892     0.00000     0.1427E+02     2.000     7   6.7361
      894     0.00000     0.4816E+01     2.000     7   6.7434
      896     0.00000     0.8068E+01     2.000     6   6.7444
      898     0.00000     0.3226E+01     2.000     7   6.7460
      899     0.00000     0.7212E+01     2.000     6   6.7604
      900     0.00000     0.5181E+01     2.000     7   6.7629
      901     0.00000     0.6914E+01     2.000     7   6.7636
      903     0.00000     0.6554E+01     2.000     7   6.7663
      904     0.00000     0.5180E+01     2.000     7   6.7683
      906     0.00000     0.3059E+01     2.000     7   6.7708
      907     0.00000     0.4060E+01     2.000     6   6.7757
      908     0.00000     0.1524E+02     2.000     7   6.7801
      909     0.00000     0.3185E+01     2.000     7   6.7861
      910     0.00000     0.1422E+02     2.000     7   6.7870
      911     0.00000     0.5480E+01     2.000     7   6.7874
      912     0.00000     0.5865E+01     2.000     7   6.7877
      913     0.00000     0.9570E+01     2.000     7   6.7886
      914     0.00000     0.5232E+01     2.000     6   6.7909
      916     0.00000     0.5399E+01     2.000     7   6.7938
      918     0.00000     0.2795E+02     2.000     7   6.7950
      919     0.00000     0.3159E+01     2.000     7   6.7964
      920     0.00000     0.4834E+01     2.000     6   6.7972
      921     0.00000     0.3188E+01     2.000     6   6.8010
      922     0.00000     0.1166E+02     2.000     7   6.8016
      923     0.00000     0.5510E+01     2.000     7   6.8075
      924     0.00000     0.8256E+01     2.000     6   6.8080
      925     0.00000     0.9485E+01     2.000     7   6.8081
      926     0.00000     0.4402E+01     2.000     7   6.8081
      927     0.00000     0.5357E+01     2.000     7   6.8121
      928     0.00000     0.2210E+02     2.000     7   6.8134
      930     0.00000     0.5231E+01     2.000     7   6.8142
      931     0.00000     0.6847E+01     2.000     6   6.8145
      933     0.00000     0.2755E+01     2.000     7   6.8164
      934     0.00000     0.3163E+01     2.000     7   6.8170
      935     0.00000     0.3061E+01     2.000     7   6.8168
      936     0.00000     0.2822E+01     2.000     7   6.8168
      937     0.00000     0.8385E+01     2.000     7   6.8194
      938     0.00000     0.3482E+01     2.000     7   6.8245
      939     0.00000     0.3490E+01     2.000     6   6.8265
      940     0.00000     0.6391E+01     2.000     7   6.8330
      941     0.00000     0.3036E+01     2.000     7   6.8330
      942     0.00000     0.3317E+01     2.000     6   6.8333
      943     0.00000     0.4084E+01     2.000     6   6.8371
      944     0.00000     0.3168E+01     2.000     7   6.8445
      945     0.00000     0.4767E+01     2.000     7   6.8457
      946     0.00000     0.5274E+01     2.000     7   6.8458
      947     0.00000     0.8205E+01     2.000     6   6.8484
      948     0.00000     0.1305E+02     2.000     7   6.8488
      949     0.00000     0.2875E+01     2.000     7   6.8502
      950     0.00000     0.5155E+01     2.000     7   6.8513
      952     0.00000     0.3058E+01     2.000     7   6.8547
      956     0.00000     0.7729E+01     2.000     7   6.8569
      957     0.00000     0.3246E+01     2.000     7   6.8628
      958     0.00000     0.3374E+01     2.000     7   6.8665
      959     0.00000     0.9848E+01     2.000     7   6.8690
      961     0.00000     0.6479E+01     2.000     6   6.8841
      962     0.00000     0.3528E+01     2.000     7   6.8883
      963     0.00000     0.9471E+01     2.000     7   6.8909
      966     0.00000     0.7078E+01     2.000     6   6.8955
      967     0.00000     0.5361E+01     2.000     7   6.8976
      976     0.00000     0.6664E+01     2.000     7   6.9172
      977     0.00000     0.7153E+01     2.000     7   6.9204
      978     0.00000     0.5392E+01     2.000     5   6.9215
      979     0.00000     0.1394E+02     2.000     7   6.9231
      982     0.00000     0.7293E+01     2.000     6   6.9313
      983     0.00000     0.7843E+01     2.000     6   6.9317
      984     0.00000     0.6563E+01     2.000     7   6.9425
      985     0.00000     0.8880E+01     2.000     7   6.9488
      986     0.00000     0.1073E+02     2.000     7   6.9499
      987     0.00000     0.3710E+01     2.000     6   6.9549
      989     0.00000     0.6375E+01     2.000     6   6.9686
      991     0.00000     0.6134E+01     2.000     7   6.9719
      992     0.00000     0.5416E+01     2.000     7   6.9742
      995     0.00000     0.5046E+01     2.000     7   6.9923
      997     0.00000     0.2743E+01     2.000     5   7.0022
      998     0.00000     0.4738E+01     2.000     6   7.0098
      999     0.00000     0.7049E+01     2.000     6   7.0241
     1000     0.00000     0.6424E+01     2.000     6   7.0359
     1001     0.00000     0.8815E+01     2.000     7   7.0357
     1002     0.00000     0.1200E+02     2.000     7   7.0362
     1003     0.00000     0.5327E+01     2.000     7   7.0380
     1004     0.00000     0.1456E+02     2.000     7   7.0383
     1006     0.00000     0.4609E+01     2.000     7   7.0650
     1007     0.00000     0.3552E+01     2.000     7   7.0773
     1008     0.00000     0.5646E+01     2.000     6   7.0800
     1009     0.00000     0.3551E+01     2.000     7   7.0894
     1010     0.00000     0.4013E+01     2.000     7   7.0901
     1011     0.00000     0.5660E+01     2.000     7   7.0969
     1012     0.00000     0.3125E+01     2.000     4   7.1004
     1013     0.00000     0.8496E+01     2.000     7   7.1050
     1014     0.00000     0.7356E+01     2.000     7   7.1231
     1015     0.00000     0.4492E+01     2.000     7   7.1231
     1016     0.00000     0.3799E+01     2.000     7   7.1235
     1017     0.00000     0.4264E+01     2.000     6   7.1243
     1018     0.00000     0.2924E+01     2.000     4   7.1282
     1019     0.00000     0.5400E+01     2.000     6   7.1422
     1020     0.00000     0.4434E+01     2.000     6   7.1495
     1021     0.00000     0.1093E+02     2.000     7   7.1525
     1022     0.00000     0.9267E+01     2.000     7   7.1524
     1023     0.00000     0.1061E+02     2.000     7   7.1522
     1024     0.00000     0.1086E+02     2.000     7   7.1527
     1025     0.00000     0.1598E+02     2.000     7   7.1548
     1026     0.00000     0.1511E+02     2.000     7   7.1549
     1027     0.00000     0.3448E+01     2.000     6   7.1555
     1028     0.00000     0.3338E+01     2.000     7   7.1585
     1029     0.00000     0.6789E+01     2.000     7   7.1648
     1030     0.00000     0.3225E+01     2.000     5   7.1758
     1031     0.00000     0.3262E+01     2.000     5   7.1758
     1032     0.00000     0.5252E+01     2.000     7   7.1820
     1033     0.00000     0.5517E+01     2.000     7   7.1883
     1034     0.00000     0.5137E+01     2.000     6   7.1902
     1035     0.00000     0.5376E+01     2.000     6   7.1928
     1036     0.00000     0.6701E+01     2.000     5   7.1979
     1037     0.00000     0.1162E+02     2.000     7   7.2107
     1038     0.00000     0.3434E+01     2.000     6   7.2184
     1039     0.00000     0.6433E+01     2.000     7   7.2194
     1040     0.00000     0.5063E+01     2.000     7   7.2291
     1041     0.00000     0.1310E+02     2.000     7   7.2292
     1042     0.00000     0.9050E+01     2.000     7   7.2341
     1043     0.00000     0.6906E+01     2.000     7   7.2355
     1044     0.00000     0.9073E+01     2.000     7   7.2381
     1045     0.00000     0.4068E+01     2.000     6   7.2410
     1046     0.00000     0.4902E+01     2.000     7   7.2470
     1047     0.00000     0.1204E+02     2.000     7   7.2692
     1048     0.00000     0.7364E+01     2.000     6   7.2733
     1049     0.00000     0.7740E+01     2.000     7   7.2782
     1050     0.00000     0.4426E+01     2.000     7   7.2997
     1051     0.00000     0.1054E+02     2.000     7   7.3193
     1052     0.00000     0.5296E+01     2.000     5   7.3224
     1053     0.00000     0.8146E+01     2.000     7   7.3481
     1054     0.00000     0.2944E+01     2.000     5   7.3554
     1055     0.00000     0.7266E+01     2.000     7   7.4127
     1056     0.00000     0.7782E+01     2.000     7   7.4646
     1057     0.00000     0.4940E+01     2.000     6   7.4690
     1058     0.00000     0.5845E+01     2.000     6   7.4909
     1059     0.00000     0.3323E+01     2.000     5   7.4977
     1060     0.00000     0.3932E+01     2.000     7   7.5105
     1061     0.00000     0.6402E+01     2.000     7   7.5193
     1062     0.00000     0.4281E+01     2.000     6   7.5321
     1063     0.00000     0.3552E+01     2.000     7   7.5470
     1064     0.00000     0.3865E+01     2.000     6   7.5587
     1065     0.00000     0.5023E+01     2.000     6   7.5719
     1066     0.00000     0.3091E+02     2.000     7   7.5736
     1067     0.00000     0.2657E+02     2.000     7   7.5762
     1068     0.00000     0.5087E+01     2.000     6   7.5797
     1069     0.00000     0.6214E+01     2.000     7   7.6000
     1070     0.00000     0.3778E+01     2.000     6   7.6163
     1071     0.00000     0.5789E+01     2.000     7   7.6197
     1072     0.00000     0.3949E+01     2.000     6   7.6586
     1073     0.00000     0.3694E+01     2.000     6   7.6702
     1074     0.00000     0.3441E+01     2.000     6   7.7245
     1075     0.00000     0.8104E+01     2.000     7   7.7564
     1076     0.00000     0.4046E+01     2.000     6   7.7809
     1077     0.00000     0.7131E+01     2.000     7   7.8401
     1078     0.00000     0.3242E+01     2.000     7   8.2091
