# # Once                                                         FEFF 10.0.0 
# # POT  SCF 100  9.0000   0, core-hole, FOLP (folp(0)= 1.150)
# # Abs   Z=30 Rmt= 1.384 Rnm= 1.528 K  shell
# #   RGRID 0.0100
# # Pot 1 Z= 6 Rmt= 0.898 Rnm= 1.123
# # Pot 2 Z= 6 Rmt= 0.924 Rnm= 1.165
# # Pot 3 Z= 1 Rmt= 0.550 Rnm= 0.958
# # Pot 4 Z= 1 Rmt= 0.573 Rnm= 0.961
# # Pot 5 Z= 7 Rmt= 1.045 Rnm= 1.282
# # Pot 6 Z=16 Rmt= 1.255 Rnm= 1.471
# # Gam_ch=1.897E+00 H-L exch Vi= 0.000E+00 Vr= 0.000E+00
# # Mu=-6.757E+00eV kf=1.963E+00 Vint=-1.267E+01eV Rs_int= 1.848
# # PATH  Rmax= 9.000,  Keep_limit= 0.00, Heap_limit 0.00  Pwcrit= 2.50%
#  S02=1.000  Temp=  10.00  Debye_temp= 315.00  Global_sig2= 0.00000
#  Energy zero shift, vr, vi    0.00000E+00   0.00000E+00
#  Curved wave amplitude ratio filter   4.000%
#     file         sig2 tot  cw amp ratio   deg  nlegs   reff  inp sig2
#           1       0.00296    100.00      1.00     2   2.3520
#           2       0.00303     99.06      1.00     2   2.3605
#           3       0.00310     98.31      1.00     2   2.3673
#           4       0.00312     97.90      1.00     2   2.3711
#           5       0.02586     12.46      1.00     2   3.0732
#           6       0.02834     11.87      1.00     2   3.1299
#           7       0.02676     11.52      1.00     2   3.1657
#           8       0.02887     11.00      1.00     2   3.2205
#           9       0.00588     38.89      1.00     2   3.2905
#          10       0.03085     10.20      1.00     2   3.3126
#          11       0.00608     38.11      1.00     2   3.3149
#          12       0.00610     37.44      1.00     2   3.3366
#          13       0.00599     36.36      1.00     2   3.3727
#          14       0.03448      8.11      1.00     2   3.6054
#          15       0.00413     43.90      2.00     3   3.7347
#          16       0.01278     15.34      2.00     3   3.7511
#          17       0.00422     43.10      2.00     3   3.7542
#          18       0.00425     42.84      2.00     3   3.7661
#          19       0.01369     13.60      2.00     3   3.7688
#          20       0.00421     42.85      2.00     3   3.7798
#          21       0.01394     11.36      2.00     3   3.8016
#          22       0.02609      7.08      1.00     2   3.8029
#          23       0.01306     13.40      2.00     3   3.8152
#          24       0.00925     25.81      1.00     2   3.8174
#          25       0.03610      6.76      1.00     2   3.8503
#          26       0.01596      7.69      2.00     3   3.9242
#          27       0.04004      6.33      1.00     2   3.9426
#          28       0.01653      7.62      2.00     3   3.9491
#          29       0.01625      7.55      2.00     3   3.9663
#          30       0.01647      7.49      2.00     3   3.9893
#          31       0.00979     22.27      1.00     2   4.0214
#          32       0.01635     15.17      2.00     3   4.1113
#          33       0.01668      5.48      1.00     2   4.1507
#          34       0.02348      8.21      1.00     4   4.1657
#          35       0.00447     15.41      1.00     4   4.1788
#          37       0.00449     13.66      1.00     4   4.1870
#          38       0.00453     14.81      1.00     4   4.1936
#          39       0.00953     19.72      1.00     2   4.1957
#          40       0.00454     14.38      1.00     4   4.1956
#          42       0.02449      7.71      1.00     4   4.2228
#          44       0.01528      5.22      1.00     2   4.2232
#          45       0.01419      5.22      1.00     2   4.2243
#          46       0.00423      8.95      2.00     3   4.2327
#          47       0.00952     19.16      1.00     2   4.2382
#          48       0.00420      9.37      2.00     3   4.2462
#          50       0.01237      5.12      1.00     2   4.2523
#          51       0.00417      9.65      2.00     3   4.2570
#          52       0.02356      7.53      1.00     4   4.2578
#          53       0.00437      9.53      2.00     3   4.2783
#          54       0.01218     17.14      2.00     3   4.2903
#          55       0.00596     18.01      2.00     3   4.3119
#          56       0.02515      7.02      1.00     4   4.3128
#          57       0.01156     19.46      2.00     3   4.3163
#          58       0.01090     21.01      2.00     3   4.3181
#          59       0.03108      4.88      1.00     2   4.3258
#          60       0.01169     17.46      2.00     3   4.3446
#          61       0.01846     11.05      2.00     3   4.3600
#          62       0.00426     11.62      2.00     3   4.3634
#          63       0.00439     11.58      2.00     3   4.3679
#          64       0.01676      5.71      2.00     3   4.3715
#          65       0.01110     23.63      1.00     4   4.3839
#          66       0.02984      7.02      1.00     4   4.4052
#          67       0.01128     20.01      1.00     4   4.4083
#          68       0.00606     16.59      2.00     3   4.4264
#          69       0.01106     14.91      1.00     4   4.4299
#          70       0.01276      7.84      2.00     3   4.4615
#          71       0.01106     16.20      1.00     4   4.4660
#          72       0.01256      8.73      2.00     3   4.4895
#          73       0.00545     15.37      2.00     3   4.4906
#          75       0.01222      8.66      2.00     3   4.4927
#          76       0.01177      9.33      2.00     3   4.4962
#          77       0.00599     16.77      2.00     3   4.5426
#          78       0.00601     18.80      2.00     3   4.5446
#          80       0.00944     21.01      2.00     4   4.5620
#          81       0.01903      8.50      2.00     3   4.5697
#          83       0.02967      4.14      1.00     2   4.5821
#          84       0.00954     17.93      2.00     4   4.5847
#          85       0.01307      4.87      2.00     3   4.5928
#          86       0.00554     15.09      2.00     3   4.5975
#          87       0.00956     13.74      2.00     4   4.6011
#          88       0.01090      5.44      2.00     4   4.6058
#          89       0.00952     16.29      2.00     4   4.6109
#          91       0.01761      8.50      2.00     3   4.6179
#          92       0.01642      5.82      2.00     4   4.6321
#          93       0.02015      7.51      2.00     3   4.6368
#          94       0.01703      6.58      2.00     4   4.6490
#          95       0.01233      5.49      2.00     3   4.6526
#          96       0.00546     15.45      2.00     3   4.6780
#          97       0.01697      6.83      2.00     4   4.6819
#          98       0.01487     13.94      1.00     2   4.6934
#          99       0.01660      5.83      2.00     4   4.6964
#         100       0.03592      5.49      1.00     4   4.6985
#         101       0.00545     15.55      2.00     3   4.6995
#         103       0.00592      8.94      1.00     4   4.7041
#         108       0.01023     12.45      2.00     4   4.7198
#         109       0.00606      8.77      1.00     4   4.7210
#         110       0.00464      5.99      2.00     4   4.7232
#         111       0.00474      5.96      2.00     4   4.7278
#         112       0.01124      6.12      2.00     3   4.7297
#         114       0.00620      8.64      1.00     4   4.7347
#         116       0.01402      4.62      1.00     4   4.7401
#         117       0.00624      8.56      1.00     4   4.7422
#         119       0.00996     13.40      2.00     4   4.7517
#         120       0.00982     13.72      2.00     4   4.7556
#         121       0.01162      5.51      2.00     3   4.7561
#         123       0.00487      7.64      2.00     4   4.7560
#         124       0.01573     16.49      2.00     3   4.7587
#         126       0.00945     14.58      2.00     4   4.7623
#         127       0.01154      5.95      2.00     4   4.7649
#         132       0.01456     13.87      2.00     3   4.8153
#         134       0.01248      5.01      2.00     4   4.8230
#         135       0.02088      6.55      1.00     4   4.8241
#         136       0.01182     35.92      2.00     5   4.8281
#         138       0.00633      4.16      1.00     4   4.8313
#         139       0.01832      7.95      2.00     5   4.8445
#         141       0.00941     31.13      2.00     5   4.8476
#         142       0.01799      8.12      2.00     3   4.8482
#         143       0.00650      9.62      1.00     4   4.8510
#         144       0.00940     24.11      2.00     5   4.8594
#         145       0.01962      8.74      2.00     5   4.8622
#         146       0.00511      6.45      2.00     4   4.8657
#         147       0.00935     27.54      2.00     5   4.8731
#         148       0.01231      5.61      2.00     4   4.8803
#         151       0.00650      6.80      1.00     4   4.8895
#         152       0.01996      8.93      2.00     5   4.8950
#         153       0.01879      7.88      2.00     5   4.9085
#         154       0.01490      4.23      1.00     4   4.9101
#         156       0.01246     13.94      1.00     4   4.9128
#         157       0.01184      6.10      2.00     4   4.9165
#         158       0.01218      6.51      2.00     4   4.9432
#         159       0.00514      8.31      2.00     4   4.9497
#         160       0.01194      6.33      2.00     4   4.9592
#         161       0.00517     10.36      2.00     4   4.9742
#         162       0.02356      4.39      2.00     3   4.9803
#         163       0.00499      7.50      2.00     4   4.9850
#         164       0.01209      5.76      2.00     4   4.9851
#         166       0.01987      5.30      2.00     4   4.9989
#         167       0.01482     11.71      2.00     3   5.0010
#         168       0.00503      6.71      2.00     4   5.0025
#         169       0.00500      9.34      2.00     4   5.0059
#         170       0.00956     16.05      2.00     5   5.0062
#         172       0.00960     13.39      2.00     5   5.0180
#         173       0.01644      7.30      2.00     3   5.0204
#         174       0.00966     13.73      2.00     5   5.0240
#         175       0.00497      7.71      2.00     4   5.0248
#         176       0.01595      4.13      2.00     3   5.0301
#         177       0.00961     10.50      2.00     5   5.0306
#         178       0.01356      7.03      2.00     4   5.0361
#         180       0.01029      5.67      2.00     5   5.0499
#         183       0.02340      5.24      2.00     3   5.0564
#         184       0.01532      5.24      2.00     4   5.0575
#         187       0.01560      7.36      2.00     3   5.0746
#         189       0.01370      4.68      2.00     3   5.0854
#         190       0.02281      5.70      2.00     3   5.0872
#         191       0.01641      4.05      2.00     4   5.0872
#         192       0.01414      5.98      2.00     4   5.1030
#         194       0.01359      5.61      2.00     4   5.1124
#         195       0.01601      4.50      1.00     4   5.1144
#         196       0.00701      6.18      1.00     4   5.1173
#         197       0.01279     11.03      1.00     4   5.1170
#         199       0.01208      4.12      2.00     4   5.1402
#         200       0.00688      6.09      1.00     4   5.1411
#         201       0.01581      4.32      2.00     3   5.1445
#         202       0.01565      4.74      2.00     3   5.1579
#         204       0.00704      6.07      1.00     4   5.1610
#         206       0.01461     10.46      2.00     3   5.1722
#         208       0.01147      4.76      2.00     4   5.1758
#         210       0.01438      5.08      2.00     3   5.1822
#         211       0.01137      9.64      2.00     4   5.1829
#         213       0.00700      6.08      1.00     4   5.1991
#         214       0.01446      9.94      2.00     3   5.2032
#         215       0.01130      5.70      2.00     5   5.2042
#         216       0.02192      4.21      2.00     5   5.2040
#         217       0.01939      7.45      2.00     5   5.2067
#         220       0.01218      5.22      2.00     4   5.2465
#         221       0.02208      4.16      2.00     4   5.2474
#         222       0.00567      5.05      2.00     5   5.2505
#         223       0.01334      6.04      2.00     4   5.2532
#         224       0.01236      9.10      2.00     5   5.2656
#         225       0.00563      7.75      2.00     5   5.2706
#         227       0.00976     15.27      1.00     6   5.2722
#         229       0.01714      5.83      2.00     6   5.2740
#         230       0.00916      4.23      1.00     6   5.2791
#         231       0.00547     16.66      2.00     5   5.2806
#         232       0.00977     12.44      1.00     6   5.2803
#         233       0.01267      6.73      2.00     5   5.2852
#         234       0.01465      5.60      2.00     3   5.2865
#         236       0.00987     13.26      1.00     6   5.2870
#         237       0.00948      4.49      1.00     6   5.2881
#         238       0.01666      4.03      1.00     4   5.2887
#         239       0.00976     10.38      1.00     6   5.2889
#         241       0.01253      9.74      1.00     4   5.2913
#         242       0.01450      5.28      2.00     3   5.2955
#         243       0.01144      4.68      2.00     4   5.2963
#         244       0.00563     12.71      2.00     5   5.2966
#         245       0.01146      9.79      2.00     4   5.2981
#         247       0.01849      6.20      2.00     6   5.3016
#         248       0.01237      8.37      2.00     4   5.3098
#         251       0.01780      6.06      2.00     6   5.3157
#         252       0.01289      5.09      2.00     5   5.3175
#         253       0.01193      7.73      2.00     3   5.3187
#         254       0.01173      5.97      2.00     5   5.3237
#         255       0.01210      6.14      2.00     4   5.3247
#         256       0.01736      4.24      1.00     4   5.3314
#         257       0.01257      7.83      2.00     5   5.3320
#         258       0.01216      8.90      1.00     4   5.3340
#         261       0.01937      6.32      2.00     6   5.3392
#         262       0.01204      6.91      2.00     4   5.3439
#         268       0.01281      6.01      2.00     4   5.3673
#         269       0.01199      5.82      2.00     5   5.3727
#         272       0.01255      6.47      2.00     4   5.3810
#         273       0.01345      6.49      2.00     4   5.3841
#         274       0.02143     11.73      2.00     5   5.3836
#         276       0.02468      5.01      2.00     3   5.3937
#         278       0.00709      5.53      2.00     3   5.4047
#         279       0.01175      6.23      2.00     5   5.4045
#         280       0.01152     18.97      2.00     5   5.4053
#         281       0.01257      8.10      2.00     4   5.4060
#         283       0.01074     18.96      2.00     5   5.4073
#         284       0.02237     13.08      2.00     5   5.4097
#         285       0.02227     13.97      2.00     5   5.4115
#         286       0.01134      4.86      2.00     4   5.4128
#         287       0.01133      5.58      2.00     4   5.4146
#         288       0.01135     10.01      2.00     4   5.4145
#         289       0.01133     10.21      2.00     4   5.4173
#         290       0.01645      4.30      2.00     4   5.4272
#         292       0.00484      4.69      2.00     5   5.4292
#         293       0.00487      4.88      2.00     5   5.4320
#         294       0.00492      6.28      2.00     5   5.4354
#         295       0.02164     11.87      2.00     5   5.4379
#         296       0.02665      4.19      2.00     4   5.4405
#         298       0.00652      6.02      2.00     3   5.4479
#         302       0.02077      5.85      2.00     5   5.4555
#         305       0.00637      8.15      2.00     3   5.4630
#         306       0.01594      7.09      2.00     5   5.4697
#         308       0.02153      6.32      2.00     5   5.4751
#         309       0.02032      4.91      2.00     6   5.4762
#         310       0.02279     18.25      1.00     6   5.4773
#         312       0.00626      7.25      2.00     3   5.4792
#         314       0.00635      8.19      2.00     3   5.4858
#         315       0.01120      5.91      2.00     4   5.4884
#         316       0.01129      6.08      2.00     4   5.4984
#         318       0.02311     15.63      1.00     6   5.5017
#         320       0.01237      8.07      2.00     4   5.5096
#         321       0.01114      6.05      2.00     4   5.5145
#         322       0.01242      7.89      2.00     4   5.5191
#         323       0.01193      7.63      2.00     5   5.5194
#         324       0.01166     15.99      2.00     5   5.5198
#         325       0.01022      4.41      2.00     4   5.5218
#         326       0.01078     17.22      2.00     5   5.5219
#         327       0.02255     11.82      1.00     6   5.5232
#         332       0.02175      7.54      2.00     3   5.5465
#         333       0.01764      5.37      2.00     5   5.5548
#         335       0.02259     12.79      1.00     6   5.5593
#         336       0.00787     11.96      2.00     5   5.5615
#         338       0.01203      5.41      2.00     4   5.5751
#         339       0.01121      5.24      2.00     5   5.5756
#         340       0.01125      5.74      2.00     4   5.5771
#         341       0.00799     11.82      2.00     5   5.5805
#         343       0.01799      5.93      2.00     5   5.5828
#         344       0.01037     12.63      2.00     5   5.5859
#         345       0.01812      5.85      2.00     5   5.5861
#         346       0.01792      6.23      2.00     5   5.5896
#         347       0.00796     11.92      2.00     5   5.5905
#         348       0.01184      4.95      2.00     5   5.5951
#         349       0.01214      4.09      2.00     4   5.6023
#         350       0.00800     12.27      2.00     5   5.6063
#         352       0.01294      4.11      2.00     4   5.6215
#         353       0.01022      7.87      2.00     5   5.6271
#         354       0.00532      9.15      2.00     4   5.6277
#         355       0.01663      5.99      2.00     5   5.6279
#         356       0.01245      4.71      2.00     5   5.6284
#         357       0.01034      4.05      2.00     4   5.6300
#         358       0.01182      4.71      2.00     4   5.6311
#         359       0.00530     10.01      2.00     4   5.6331
#         360       0.02237      5.31      2.00     5   5.6343
#         361       0.01149     13.35      2.00     5   5.6359
#         362       0.01215      7.62      2.00     5   5.6356
#         363       0.01138     12.59      2.00     5   5.6380
#         364       0.01256      8.64      2.00     5   5.6378
#         365       0.01058     16.57      2.00     5   5.6381
#         366       0.00527      8.89      2.00     4   5.6397
#         367       0.01045     16.38      2.00     5   5.6404
#         368       0.01147      5.00      2.00     5   5.6417
#         369       0.00930      4.90      2.00     4   5.6426
#         371       0.01180      5.55      2.00     5   5.6503
#         372       0.00693      6.86      2.00     4   5.6510
#         374       0.01111      5.91      2.00     4   5.6545
#         375       0.01842     16.03      2.00     6   5.6554
#         377       0.01100      5.90      2.00     4   5.6645
#         378       0.02106      4.97      2.00     5   5.6652
#         379       0.00706      6.97      2.00     4   5.6670
#         380       0.01402      8.12      2.00     5   5.6702
#         381       0.01174      4.63      2.00     5   5.6716
#         382       0.03118      4.18      2.00     4   5.6731
#         384       0.01079      7.04      2.00     5   5.6774
#         385       0.01891     13.84      2.00     6   5.6781
#         386       0.00963      4.75      2.00     4   5.6823
#         390       0.01056     11.28      2.00     5   5.6931
#         391       0.01407      9.67      2.00     5   5.6943
#         393       0.01876     10.76      2.00     6   5.6944
#         394       0.01188      9.70      2.00     6   5.6951
#         395       0.00559      5.19      2.00     4   5.6977
#         396       0.01622     12.93      2.00     6   5.6991
#         397       0.01115      4.04      2.00     5   5.7013
#         398       0.01317      4.29      2.00     4   5.7026
#         399       0.01091      7.92      2.00     5   5.7030
#         400       0.00605      6.76      1.00     6   5.7038
#         401       0.00705      5.72      2.00     4   5.7039
#         402       0.01899     12.62      2.00     6   5.7042
#         405       0.00963      4.68      2.00     4   5.7077
#         406       0.01906      5.86      1.00     4   5.7079
#         407       0.00591      4.72      1.00     6   5.7100
#         408       0.00605      7.86      1.00     6   5.7101
#         409       0.02675      6.08      2.00     5   5.7106
#         410       0.01027      4.19      2.00     4   5.7115
#         411       0.02106      4.49      2.00     5   5.7133
#         412       0.01367     10.63      2.00     5   5.7147
#         413       0.01336      4.37      2.00     4   5.7160
#         415       0.01151      5.75      2.00     5   5.7210
#         416       0.01106      9.41      2.00     5   5.7237
#         417       0.01214      8.05      2.00     6   5.7245
#         420       0.02151      4.58      2.00     5   5.7325
#         421       0.00954      4.65      2.00     4   5.7332
#         422       0.01024      4.03      2.00     4   5.7344
#         424       0.01046      7.69      2.00     5   5.7374
#         426       0.01221      9.06      2.00     6   5.7392
#         428       0.00711      4.14      2.00     4   5.7438
#         431       0.01376      9.91      2.00     5   5.7524
#         432       0.00812      8.79      1.00     4   5.7527
#         434       0.01094      6.95      2.00     5   5.7539
#         435       0.01128      4.68      2.00     5   5.7596
#         436       0.01103      8.66      2.00     5   5.7614
#         437       0.01247      6.49      2.00     6   5.7616
#         439       0.01047     11.49      2.00     5   5.7735
#         440       0.02041      4.89      2.00     5   5.7732
#         442       0.01700      5.04      2.00     5   5.7795
#         443       0.10436     10.62      2.00     5   5.7799
#         444       0.01101      6.27      2.00     5   5.7808
#         445       0.02257      4.48      2.00     5   5.7850
#         446       0.01047     11.01      2.00     5   5.7952
#         448       0.01196      9.66      2.00     5   5.8048
#         449       0.01224      4.67      2.00     5   5.8051
#         450       0.01725      4.72      2.00     5   5.8069
#         452       0.02292      4.21      2.00     5   5.8115
#         453       0.01047      8.01      2.00     5   5.8216
#         455       0.01050     14.91      2.00     5   5.8277
#         457       0.01123      8.24      2.00     5   5.8327
#         458       0.01076      7.22      2.00     5   5.8339
#         460       0.01118      7.09      2.00     5   5.8453
#         461       0.01047      7.90      2.00     5   5.8468
#         464       0.00982     15.32      2.00     6   5.8514
#         466       0.01016      4.43      2.00     5   5.8561
#         468       0.01474      4.35      2.00     6   5.8580
#         469       0.01685     10.90      2.00     6   5.8583
#         470       0.01767      4.56      2.00     6   5.8605
#         471       0.01165      8.75      2.00     5   5.8614
#         472       0.00905      5.26      2.00     4   5.8732
#         473       0.01022      4.94      2.00     5   5.8742
#         474       0.01391      6.97      2.00     5   5.8764
#         475       0.01020      6.31      2.00     5   5.8785
#         476       0.01049      4.84      2.00     5   5.8859
#         477       0.01794      5.37      2.00     5   5.8936
#         478       0.01017      5.88      2.00     5   5.8967
#         480       0.01048      4.82      2.00     5   5.8973
#         481       0.01868     20.51      2.00     6   5.8997
#         485       0.02456      9.25      2.00     5   5.9107
#         487       0.01793      6.05      2.00     6   5.9157
#         491       0.01875     31.06      2.00     7   5.9214
#         493       0.01912     21.22      2.00     6   5.9247
#         495       0.01115      7.40      2.00     5   5.9262
#         496       0.01129      7.49      1.00     6   5.9268
#         497       0.01376      5.04      2.00     5   5.9301
#         498       0.05293      7.20      2.00     7   5.9370
#         499       0.03137      7.12      2.00     7   5.9378
#         500       0.01113      7.55      2.00     5   5.9391
#         502       0.02916      5.72      2.00     5   5.9412
#         503       0.01899     26.94      2.00     7   5.9410
#         504       0.01134     17.95      2.00     5   5.9428
#         507       0.01898     20.87      2.00     6   5.9444
#         508       0.01287      4.89      1.00     6   5.9442
#         509       0.01030      6.06      2.00     5   5.9447
#         510       0.01381      4.64      2.00     5   5.9449
#         511       0.01089      8.15      1.00     6   5.9468
#         513       0.01893     20.90      2.00     7   5.9528
#         514       0.05519      7.84      2.00     7   5.9550
#         515       0.03331      7.84      2.00     7   5.9556
#         517       0.01002     14.66      2.00     6   5.9612
#         519       0.01885     23.77      2.00     7   5.9664
#         520       0.01022      5.57      2.00     5   5.9716
#         521       0.01790      6.75      2.00     6   5.9733
#         523       0.02139      4.14      2.00     4   5.9802
#         524       0.01887     20.19      2.00     6   5.9828
#         526       0.01247      4.04      1.00     6   5.9825
#         527       0.00925      5.03      2.00     4   5.9844
#         528       0.01106      7.73      1.00     6   5.9850
#         529       0.05357      8.02      2.00     7   5.9873
#         530       0.03345      8.06      2.00     7   5.9884
#         531       0.01031      4.87      2.00     5   5.9960
#         532       0.05296      7.13      2.00     7   6.0006
#         534       0.03197      7.08      2.00     7   6.0018
#         535       0.00864      5.50      1.00     6   6.0057
#         536       0.02677      5.21      2.00     6   6.0055
#         537       0.01809      4.50      2.00     5   6.0067
#         538       0.02552     10.78      1.00     6   6.0082
#         539       0.01699      9.19      2.00     6   6.0098
#         541       0.01577      4.44      2.00     6   6.0099
#         542       0.01801      4.24      2.00     6   6.0121
#         543       0.00875      5.49      1.00     6   6.0134
#         545       0.00877      5.39      1.00     6   6.0198
#         546       0.00881      5.40      1.00     6   6.0201
#         547       0.01031      5.09      2.00     5   6.0302
#         548       0.01582      4.73      2.00     6   6.0360
#         549       0.01719      8.65      2.00     6   6.0365
#         551       0.01799      4.21      2.00     6   6.0389
#         555       0.01001     15.20      2.00     6   6.0453
#         556       0.01363      5.58      2.00     6   6.0488
#         557       0.01814      7.03      2.00     6   6.0523
#         560       0.01245     23.09      2.00     5   6.0591
#         561       0.01209     20.07      2.00     5   6.0594
#         563       0.01007     14.99      2.00     6   6.0699
#         564       0.01798      6.46      2.00     6   6.0781
#         565       0.01059      7.72      2.00     6   6.0778
#         568       0.01067     10.26      2.00     6   6.0784
#         570       0.01305      9.31      2.00     6   6.0804
#         574       0.00932      4.91      2.00     4   6.0944
#         576       0.01076     10.15      2.00     6   6.0959
#         577       0.02500      7.86      2.00     5   6.0966
#         578       0.00931      4.93      2.00     4   6.0973
#         579       0.01314      9.40      2.00     6   6.0980
#         582       0.01303      5.24      2.00     6   6.0990
#         583       0.01075      9.69      2.00     6   6.0992
#         584       0.01766     14.28      2.00     7   6.0996
#         585       0.01071      8.58      2.00     6   6.1011
#         586       0.01247     11.16      2.00     6   6.1016
#         587       0.00911      7.42      2.00     3   6.1025
#         589       0.01772     11.86      2.00     7   6.1113
#         590       0.03028      5.13      2.00     5   6.1134
#         591       0.01172      8.12      2.00     6   6.1144
#         592       0.01071      9.19      2.00     6   6.1156
#         595       0.01790     12.26      2.00     7   6.1174
#         596       0.01071     10.13      2.00     6   6.1181
#         597       0.01277     10.66      2.00     6   6.1204
#         598       0.00986      6.03      2.00     6   6.1216
#         599       0.01016      5.39      2.00     6   6.1216
#         600       0.01503      6.87      2.00     6   6.1216
#         604       0.01774      9.41      2.00     7   6.1239
#         605       0.01077      9.42      2.00     6   6.1277
#         606       0.02015      4.59      2.00     6   6.1292
#         608       0.01186      9.03      2.00     6   6.1337
#         609       0.01732      4.21      2.00     6   6.1356
#         610       0.01848      5.22      2.00     6   6.1356
#         615       0.00997      6.69      2.00     6   6.1424
#         616       0.01028      6.80      2.00     6   6.1424
#         617       0.01187      9.48      2.00     6   6.1443
#         618       0.02185      4.17      2.00     6   6.1482
#         622       0.02166      4.04      2.00     6   6.1509
#         623       0.00998      8.02      2.00     6   6.1532
#         624       0.01026      9.06      2.00     6   6.1532
#         627       0.01184      9.46      2.00     6   6.1596
#         629       0.03185      5.15      2.00     5   6.1677
#         630       0.01004      7.62      2.00     6   6.1685
#         631       0.01029      8.28      2.00     6   6.1685
#         634       0.00983      7.33      2.00     4   6.1779
#         635       0.02275      4.21      2.00     6   6.1806
#         636       0.02208      4.25      2.00     6   6.1814
#         644       0.01277      4.59      2.00     5   6.2085
#         645       0.02829      4.76      2.00     6   6.2100
#         646       0.01371      7.27      2.00     6   6.2107
#         647       0.02615      8.59      1.00     6   6.2125
#         650       0.00951      5.68      2.00     3   6.2268
#         651       0.02003      6.86      2.00     6   6.2345
#         652       0.01716      8.12      2.00     6   6.2343
#         654       0.01945      6.26      2.00     6   6.2544
#         657       0.01039      4.71      2.00     6   6.2630
#         659       0.02446      7.03      2.00     5   6.2677
#         660       0.01650      7.53      2.00     6   6.2685
#         662       0.01041      4.12      2.00     6   6.2704
#         664       0.01623      6.54      2.00     6   6.2720
#         667       0.01528      5.30      2.00     6   6.2781
#         668       0.01902      7.67      2.00     6   6.2783
#         669       0.01626      6.85      2.00     6   6.2813
#         670       0.01957      6.36      2.00     6   6.2924
#         671       0.02358      6.70      2.00     5   6.2989
#         673       0.06241      6.61      2.00     7   6.2993
#         675       0.03453      6.46      2.00     7   6.3021
#         676       0.00975      4.58      2.00     6   6.3039
#         677       0.01006      4.28      2.00     6   6.3045
#         678       0.00981      4.80      2.00     6   6.3080
#         682       0.01073      7.75      2.00     7   6.3431
#         684       0.01316     16.26      2.00     7   6.3439
#         685       0.01505     15.45      2.00     7   6.3439
#         686       0.01038     11.84      2.00     7   6.3459
#         688       0.01301     10.21      1.00     6   6.3477
#         689       0.02621      4.09      2.00     7   6.3565
#         690       0.05279      8.00      2.00     7   6.3582
#         692       0.02357      5.89      2.00     7   6.3590
#         693       0.01849      9.11      2.00     7   6.3587
#         694       0.02715      7.78      2.00     7   6.3590
#         697       0.01122      8.28      2.00     7   6.3637
#         699       0.01341     17.51      2.00     7   6.3640
#         700       0.01539     17.09      2.00     7   6.3640
#         701       0.01400     16.88      1.00     6   6.3655
#         702       0.01051     13.09      2.00     7   6.3662
#         703       0.01074      4.42      2.00     5   6.3691
#         704       0.01033      4.22      2.00     5   6.3691
#         705       0.01045      4.82      2.00     4   6.3735
#         707       0.01119      9.07      2.00     7   6.3734
#         708       0.01364     18.14      2.00     7   6.3739
#         710       0.01549     17.86      2.00     7   6.3739
#         711       0.01048     16.10      2.00     7   6.3763
#         712       0.01831      7.60      2.00     7   6.3782
#         713       0.04924      5.94      2.00     7   6.3780
#         715       0.02373      5.06      2.00     7   6.3786
#         716       0.02847      8.63      2.00     7   6.3786
#         719       0.02870      4.21      2.00     6   6.3842
#         721       0.02561      7.59      1.00     6   6.3868
#         723       0.01540      6.88      2.00     6   6.3888
#         726       0.01168      8.83      2.00     7   6.3900
#         727       0.01350     18.23      2.00     7   6.3899
#         728       0.01539     17.64      2.00     7   6.3899
#         732       0.01047     15.11      2.00     7   6.3921
#         733       0.01909      7.72      2.00     6   6.3936
#         734       0.00668      4.76      2.00     4   6.3955
#         736       0.00944      4.93      2.00     3   6.4021
#         739       0.01372     13.30      1.00     6   6.4063
#         741       0.01538      6.35      2.00     6   6.4109
#         742       0.02835      8.86      2.00     7   6.4109
#         744       0.05015      6.92      2.00     7   6.4241
#         745       0.01836      7.95      2.00     7   6.4250
#         746       0.01532      5.61      2.00     6   6.4255
#         747       0.02356      5.28      2.00     7   6.4253
#         748       0.02755      7.70      2.00     7   6.4253
#         750       0.02828      4.13      2.00     6   6.4271
#         752       0.02241      9.85      2.00     6   6.4286
#         753       0.02482      6.95      1.00     6   6.4297
#         755       0.01724      6.90      2.00     6   6.4333
#         757       0.02750      5.39      2.00     6   6.4370
#         758       0.01548      6.04      2.00     6   6.4373
#         762       0.01740      7.43      2.00     6   6.4577
#         764       0.01058      4.59      2.00     5   6.4627
#         765       0.01061      5.42      2.00     5   6.4635
#         767       0.01023     14.98      2.00     6   6.4665
#         768       0.01058      5.58      2.00     5   6.4670
#         771       0.02273      5.19      2.00     6   6.4741
#         773       0.00676      4.39      2.00     4   6.4764
#         774       0.01008     17.19      2.00     6   6.4886
#         775       0.02079      4.08      2.00     7   6.4979
#         777       0.02161      4.41      2.00     7   6.4999
#         779       0.02147      7.16      2.00     7   6.5006
#         782       0.02144     16.77      2.00     7   6.5027
#         783       0.03423     11.56      2.00     7   6.5031
#         786       0.03399     12.33      2.00     7   6.5049
#         790       0.02116      4.52      2.00     6   6.5078
#         794       0.01937      7.83      2.00     6   6.5100
#         795       0.01953      7.97      2.00     6   6.5130
#         797       0.00783     15.25      2.00     6   6.5204
#         798       0.01423      4.86      2.00     7   6.5220
#         803       0.00996      6.14      2.00     7   6.5246
#         807       0.01010      8.48      2.00     7   6.5275
#         810       0.01013      9.11      2.00     7   6.5311
#         811       0.03321     10.53      2.00     7   6.5312
#         812       0.01094      7.54      2.00     7   6.5348
#         813       0.01008      6.34      2.00     7   6.5373
#         814       0.01083      6.20      2.00     7   6.5404
#         815       0.01198      5.13      2.00     5   6.5412
#         816       0.00773     12.92      2.00     6   6.5416
#         817       0.01095      7.30      2.00     7   6.5451
#         818       0.01194      5.79      2.00     5   6.5563
#         819       0.03605      5.84      2.00     5   6.5610
#         820       0.05277      6.08      2.00     7   6.5623
#         822       0.01019      4.04      2.00     4   6.5631
#         823       0.03050      6.11      2.00     7   6.5630
#         825       0.04254      5.89      2.00     7   6.5677
#         826       0.01178      4.66      2.00     5   6.5725
#         827       0.00712      4.26      2.00     4   6.5747
#         828       0.01035      6.46      2.00     7   6.5757
#         829       0.01202      5.28      2.00     5   6.5792
#         830       0.01029      5.01      2.00     7   6.5817
#         831       0.01038      6.94      2.00     7   6.5827
#         839       0.02372      6.73      2.00     7   6.6124
#         842       0.02280      6.01      2.00     7   6.6153
#         843       0.02690      4.26      2.00     7   6.6149
#         844       0.02212      4.59      2.00     7   6.6149
#         845       0.02157     15.13      2.00     7   6.6174
#         848       0.02460      8.82      2.00     6   6.6334
#         849       0.01664      9.85      2.00     7   6.6549
#         850       0.01137      4.97      2.00     6   6.6575
#         855       0.01686      9.22      2.00     7   6.6739
#         856       0.01214      6.87      2.00     6   6.6755
#         859       0.02115     10.68      2.00     7   6.6813
#         860       0.01668      8.30      2.00     7   6.6839
#         863       0.01689      8.80      2.00     7   6.6996
#         864       0.01206      6.00      2.00     6   6.7159
#         865       0.01026      6.10      2.00     6   6.7210
#         868       0.03867      5.24      1.00     6   6.7224
#         869       0.02900      7.67      2.00     7   6.7225
#         870       0.01862      6.54      2.00     7   6.7225
#         871       0.01224      7.24      2.00     6   6.7265
#         873       0.02421      6.72      2.00     7   6.7286
#         874       0.03595      4.67      2.00     6   6.7290
#         878       0.02506      7.60      2.00     7   6.7309
#         879       0.02233      5.16      2.00     7   6.7314
#         881       0.02784      4.08      2.00     7   6.7311
#         882       0.02228      4.51      2.00     7   6.7311
#         884       0.01010      7.52      2.00     6   6.7330
#         885       0.01943      4.03      2.00     7   6.7331
#         886       0.02870      4.29      2.00     7   6.7335
#         887       0.02206      4.72      2.00     7   6.7335
#         888       0.02100      4.86      2.00     7   6.7337
#         889       0.02120     14.49      2.00     7   6.7336
#         891       0.01358      4.71      2.00     6   6.7359
#         892       0.02097     14.27      2.00     7   6.7361
#         894       0.03256      4.82      2.00     7   6.7434
#         896       0.01197      8.07      2.00     6   6.7444
#         899       0.01209      7.21      2.00     6   6.7604
#         900       0.01907      5.18      2.00     7   6.7629
#         901       0.02173      6.91      2.00     7   6.7636
#         903       0.01124      6.55      2.00     7   6.7663
#         904       0.02074      5.18      2.00     7   6.7683
#         907       0.01377      4.06      2.00     6   6.7757
#         908       0.01574     15.24      2.00     7   6.7801
#         910       0.01136     14.22      2.00     7   6.7870
#         911       0.01921      5.48      2.00     7   6.7874
#         912       0.02222      5.86      2.00     7   6.7877
#         913       0.02153      9.57      2.00     7   6.7886
#         914       0.01056      5.23      2.00     6   6.7909
#         916       0.02102      5.40      2.00     7   6.7938
#         918       0.01126     27.95      2.00     7   6.7950
#         920       0.01193      4.83      2.00     6   6.7972
#         922       0.01591     11.66      2.00     7   6.8016
#         923       0.01860      5.51      2.00     7   6.8075
#         924       0.02415      8.26      2.00     6   6.8080
#         925       0.02841      9.48      2.00     7   6.8081
#         926       0.02313      4.40      2.00     7   6.8081
#         927       0.02084      5.36      2.00     7   6.8121
#         928       0.01151     22.10      2.00     7   6.8134
#         930       0.02363      5.23      2.00     7   6.8142
#         931       0.01815      6.85      2.00     6   6.8145
#         937       0.01992      8.39      2.00     7   6.8194
#         940       0.01863      6.39      2.00     7   6.8330
#         943       0.01211      4.08      2.00     6   6.8371
#         945       0.02278      4.77      2.00     7   6.8457
#         946       0.01878      5.27      2.00     7   6.8458
#         947       0.02268      8.20      2.00     6   6.8484
#         948       0.01587     13.05      2.00     7   6.8488
#         950       0.02080      5.16      2.00     7   6.8513
#         956       0.02018      7.73      2.00     7   6.8569
#         959       0.02135      9.85      2.00     7   6.8690
#         961       0.02708      6.48      2.00     6   6.8841
#         963       0.02136      9.47      2.00     7   6.8909
#         966       0.02722      7.08      2.00     6   6.8955
#         967       0.01931      5.36      2.00     7   6.8976
#         976       0.01881      6.66      2.00     7   6.9172
#         977       0.03029      7.15      2.00     7   6.9204
#         978       0.00884      5.39      2.00     5   6.9215
#         979       0.01917     13.94      2.00     7   6.9231
#         982       0.01858      7.29      2.00     6   6.9313
#         983       0.01857      7.84      2.00     6   6.9317
#         984       0.01861      6.56      2.00     7   6.9425
#         985       0.01074      8.88      2.00     7   6.9488
#         986       0.01065     10.73      2.00     7   6.9499
#         989       0.01501      6.38      2.00     6   6.9686
#         991       0.03275      6.13      2.00     7   6.9719
#         992       0.02208      5.42      2.00     7   6.9742
#         995       0.02232      5.05      2.00     7   6.9923
#         998       0.01165      4.74      2.00     6   7.0098
#         999       0.02111      7.05      2.00     6   7.0241
#        1000       0.02130      6.42      2.00     6   7.0359
#        1001       0.03446      8.81      2.00     7   7.0357
#        1002       0.02091     12.00      2.00     7   7.0362
#        1003       0.02288      5.33      2.00     7   7.0380
#        1004       0.01931     14.56      2.00     7   7.0383
#        1006       0.02333      4.61      2.00     7   7.0650
#        1008       0.01409      5.65      2.00     6   7.0800
#        1010       0.01644      4.01      2.00     7   7.0901
#        1011       0.01628      5.66      2.00     7   7.0969
#        1013       0.01521      8.50      2.00     7   7.1050
#        1014       0.01658      7.36      2.00     7   7.1231
#        1015       0.00927      4.49      2.00     7   7.1231
#        1017       0.01457      4.26      2.00     6   7.1243
#        1019       0.00667      5.40      2.00     6   7.1422
#        1020       0.00716      4.43      2.00     6   7.1495
#        1021       0.01925     10.93      2.00     7   7.1525
#        1022       0.03616      9.27      2.00     7   7.1524
#        1023       0.03684     10.61      2.00     7   7.1522
#        1024       0.02030     10.86      2.00     7   7.1527
#        1025       0.01914     15.98      2.00     7   7.1548
#        1026       0.01943     15.11      2.00     7   7.1549
#        1029       0.01273      6.79      2.00     7   7.1648
#        1032       0.03339      5.25      2.00     7   7.1820
#        1033       0.01270      5.52      2.00     7   7.1883
#        1034       0.01397      5.14      2.00     6   7.1902
#        1035       0.01401      5.38      2.00     6   7.1928
#        1036       0.01299      6.70      2.00     5   7.1979
#        1037       0.01781     11.62      2.00     7   7.2107
#        1039       0.01863      6.43      2.00     7   7.2194
#        1040       0.03018      5.06      2.00     7   7.2291
#        1041       0.01723     13.10      2.00     7   7.2292
#        1042       0.01557      9.05      2.00     7   7.2341
#        1043       0.02542      6.91      2.00     7   7.2355
#        1044       0.01908      9.07      2.00     7   7.2381
#        1045       0.01474      4.07      2.00     6   7.2410
#        1046       0.03300      4.90      2.00     7   7.2470
#        1047       0.01746     12.04      2.00     7   7.2692
#        1048       0.01313      7.36      2.00     6   7.2733
#        1049       0.01910      7.74      2.00     7   7.2782
#        1050       0.02770      4.43      2.00     7   7.2997
#        1051       0.01386     10.54      2.00     7   7.3193
#        1052       0.01369      5.30      2.00     5   7.3224
#        1053       0.01307      8.15      2.00     7   7.3481
#        1055       0.01557      7.27      2.00     7   7.4127
#        1056       0.01318      7.78      2.00     7   7.4646
#        1057       0.01352      4.94      2.00     6   7.4690
#        1058       0.01171      5.84      2.00     6   7.4909
#        1061       0.01565      6.40      2.00     7   7.5193
#        1062       0.01163      4.28      2.00     6   7.5321
#        1065       0.01187      5.02      2.00     6   7.5719
#        1066       0.01998     30.91      2.00     7   7.5736
#        1067       0.01937     26.57      2.00     7   7.5762
#        1068       0.01132      5.09      2.00     6   7.5797
#        1069       0.01608      6.21      2.00     7   7.6000
#        1071       0.01578      5.79      2.00     7   7.6197
#        1075       0.01132      8.10      2.00     7   7.7564
#        1076       0.01205      4.05      2.00     6   7.7809
#        1077       0.01147      7.13      2.00     7   7.8401
#   726/ 948 paths used
#  xsedge+50, used to normalize mu           1.0000E+00
#  -----------------------------------------------------------------------
#  omega    e    k    mu    mu0     chi     @#
    9726.171   -204.267  -7.200 -2.84117E-06 -2.88898E-06  1.35081E-05
    9728.905   -201.533  -7.150 -6.33505E-06 -6.39290E-06  1.39145E-05
    9731.619   -198.819  -7.100 -9.82892E-06 -9.89682E-06  1.41529E-05
    9734.315   -196.123  -7.050 -1.33228E-05 -1.34007E-05  1.42904E-05
    9736.991   -193.447  -7.000 -1.68167E-05 -1.69047E-05  1.44659E-05
    9739.649   -190.789  -6.950 -2.03105E-05 -2.04086E-05  1.47972E-05
    9742.287   -188.151  -6.900 -2.38044E-05 -2.39125E-05  1.53003E-05
    9744.906   -185.531  -6.850 -2.71992E-05 -2.73286E-05  1.59571E-05
    9747.507   -182.931  -6.800 -3.04818E-05 -3.06452E-05  1.66470E-05
    9750.088   -180.350  -6.750 -3.37643E-05 -3.39619E-05  1.71922E-05
    9752.650   -177.788  -6.700 -3.70469E-05 -3.72785E-05  1.75952E-05
    9755.193   -175.244  -6.650 -4.03295E-05 -4.05952E-05  1.79511E-05
    9757.718   -172.720  -6.600 -4.36120E-05 -4.39118E-05  1.83921E-05
    9760.223   -170.215  -6.550 -4.68946E-05 -4.72285E-05  1.90061E-05
    9762.709   -167.729  -6.500 -5.01772E-05 -5.05451E-05  1.97824E-05
    9765.176   -165.262  -6.450 -5.32688E-05 -5.37385E-05  2.07838E-05
    9767.624   -162.814  -6.400 -5.62367E-05 -5.68521E-05  2.18355E-05
    9770.052   -160.385  -6.350 -5.92047E-05 -5.99656E-05  2.27509E-05
    9772.462   -157.976  -6.300 -6.21726E-05 -6.30792E-05  2.35319E-05
    9774.853   -155.585  -6.250 -6.51405E-05 -6.61927E-05  2.42651E-05
    9777.225   -153.213  -6.200 -6.81085E-05 -6.93063E-05  2.50764E-05
    9779.577   -150.861  -6.150 -7.10764E-05 -7.24198E-05  2.60632E-05
    9781.911   -148.527  -6.100 -7.40444E-05 -7.55334E-05  2.72390E-05
    9784.226   -146.212  -6.050 -7.67602E-05 -7.85955E-05  2.87618E-05
    9786.521   -143.917  -6.000 -7.86612E-05 -8.14912E-05  3.10733E-05
    9788.798   -141.640  -5.950 -8.05621E-05 -8.43869E-05  3.33218E-05
    9791.055   -139.383  -5.900 -8.24630E-05 -8.72826E-05  3.54643E-05
    9793.293   -137.145  -5.850 -8.43639E-05 -9.01783E-05  3.75397E-05
    9795.513   -134.925  -5.800 -8.62648E-05 -9.30740E-05  3.96543E-05
    9797.713   -132.725  -5.750 -8.81658E-05 -9.59697E-05  4.19336E-05
    9799.894   -130.544  -5.700 -9.00667E-05 -9.88654E-05  4.44616E-05
    9802.056   -128.382  -5.650 -9.19676E-05 -1.01761E-04  4.72373E-05
    9804.199   -126.238  -5.600 -8.20198E-05 -1.04599E-04  5.39543E-05
    9806.323   -124.114  -5.550 -3.51485E-05 -1.07259E-04  7.34240E-05
    9808.428   -122.009  -5.500  1.17228E-05 -1.09918E-04  9.42666E-05
    9810.514   -119.923  -5.450  5.85942E-05 -1.12577E-04  1.16363E-04
    9812.581   -117.857  -5.400  1.05465E-04 -1.15237E-04  1.39693E-04
    9814.629   -115.809  -5.350  1.52337E-04 -1.17896E-04  1.64338E-04
    9816.658   -113.780  -5.300  1.99208E-04 -1.20555E-04  1.90423E-04
    9818.668   -111.770  -5.250  2.46079E-04 -1.23215E-04  2.18040E-04
    9820.658   -109.779  -5.200  2.92951E-04 -1.25874E-04  2.47166E-04
    9822.630   -107.808  -5.150  3.39822E-04 -1.28533E-04  2.77637E-04
    9824.583   -105.855  -5.100  3.51675E-04 -1.31072E-04  2.81644E-04
    9826.516   -103.921  -5.050  3.22963E-04 -1.33470E-04  2.53171E-04
    9828.431   -102.007  -5.000  2.94251E-04 -1.35869E-04  2.23572E-04
    9830.326   -100.112  -4.950  2.65539E-04 -1.38267E-04  1.92908E-04
    9832.203    -98.235  -4.900  2.36827E-04 -1.40666E-04  1.61304E-04
    9834.060    -96.378  -4.850  2.08115E-04 -1.43065E-04  1.28934E-04
    9835.898    -94.539  -4.800  1.79404E-04 -1.45463E-04  9.60030E-05
    9837.718    -92.720  -4.750  1.50692E-04 -1.47862E-04  6.27076E-05
    9839.518    -90.920  -4.700  1.21980E-04 -1.50260E-04  2.92095E-05
    9841.299    -89.139  -4.650  9.32682E-05 -1.52659E-04 -4.38798E-06
    9843.061    -87.377  -4.600  6.45564E-05 -1.55057E-04 -3.80453E-05
    9844.804    -85.634  -4.550  4.62304E-05 -1.57265E-04 -4.83565E-05
    9846.528    -83.910  -4.500  3.35964E-05 -1.59368E-04 -4.52555E-05
    9848.233    -82.205  -4.450  2.09624E-05 -1.61471E-04 -4.15863E-05
    9849.919    -80.519  -4.400  8.32837E-06 -1.63574E-04 -3.75089E-05
    9851.586    -78.852  -4.350 -4.30566E-06 -1.65677E-04 -3.31159E-05
    9853.234    -77.204  -4.300 -1.69397E-05 -1.67780E-04 -2.83913E-05
    9854.863    -75.575  -4.250 -2.95737E-05 -1.69883E-04 -2.32010E-05
    9856.472    -73.965  -4.200 -4.22077E-05 -1.71985E-04 -1.73198E-05
    9858.063    -72.375  -4.150 -5.48418E-05 -1.74088E-04 -1.04912E-05
    9859.635    -70.803  -4.100 -6.74758E-05 -1.76191E-04 -2.50309E-06
    9861.187    -69.251  -4.050 -8.01098E-05 -1.78294E-04  6.74127E-06
    9862.721    -67.717  -4.000 -9.27439E-05 -1.80397E-04  1.71814E-05
    9864.235    -66.203  -3.950 -1.01342E-04 -1.82371E-04  2.21419E-04
    9865.731    -64.707  -3.900 -1.03002E-04 -1.84122E-04  7.85277E-04
    9867.207    -63.231  -3.850 -1.04662E-04 -1.85872E-04  1.28994E-03
    9868.664    -61.774  -3.800 -1.06322E-04 -1.87623E-04  1.60743E-03
    9870.103    -60.335  -3.750 -1.07982E-04 -1.89374E-04  1.63477E-03
    9871.522    -58.916  -3.700 -1.09642E-04 -1.91125E-04  1.32129E-03
    9872.922    -57.516  -3.650 -1.11302E-04 -1.92876E-04  6.86563E-04
    9874.303    -56.135  -3.600 -1.12962E-04 -1.94626E-04 -1.76007E-04
    9875.665    -54.773  -3.550 -1.14621E-04 -1.96377E-04 -1.11199E-03
    9877.008    -53.430  -3.500 -1.16281E-04 -1.98128E-04 -1.93350E-03
    9878.332    -52.106  -3.450 -1.17941E-04 -1.99879E-04 -2.45676E-03
    9879.637    -50.801  -3.400 -1.19601E-04 -2.01630E-04 -2.54201E-03
    9880.923    -49.515  -3.350 -1.21261E-04 -2.03381E-04 -2.12743E-03
    9882.190    -48.248  -3.300 -1.22921E-04 -2.05131E-04 -1.24920E-03
    9883.438    -47.000  -3.250 -1.24581E-04 -2.06882E-04 -4.24190E-05
    9884.666    -45.772  -3.200 -1.24475E-04 -2.08249E-04  1.35366E-03
    9885.876    -44.562  -3.150 -1.23937E-04 -2.09522E-04  3.30091E-03
    9887.067    -43.371  -3.100 -1.23399E-04 -2.10795E-04  5.49366E-03
    9888.238    -42.200  -3.050 -1.22861E-04 -2.12068E-04  7.47405E-03
    9889.391    -41.047  -3.000 -1.22324E-04 -2.13341E-04  8.76536E-03
    9890.524    -39.914  -2.950 -1.21786E-04 -2.14613E-04  8.95553E-03
    9891.639    -38.799  -2.900 -1.21248E-04 -2.15886E-04  7.77220E-03
    9892.734    -37.704  -2.850 -1.20710E-04 -2.17159E-04  5.13843E-03
    9893.810    -36.628  -2.800 -1.20173E-04 -2.18432E-04  1.20201E-03
    9894.867    -35.570  -2.750 -1.19635E-04 -2.19705E-04 -3.66554E-03
    9895.906    -34.532  -2.700 -1.19097E-04 -2.20978E-04 -8.90072E-03
    9896.925    -33.513  -2.650 -1.18559E-04 -2.22251E-04 -1.38091E-02
    9897.925    -32.513  -2.600 -1.18021E-04 -2.23524E-04 -1.76510E-02
    9898.906    -31.532  -2.550 -1.17484E-04 -2.24797E-04 -1.97437E-02
    9899.868    -30.570  -2.500 -1.16946E-04 -2.26069E-04 -1.95683E-02
    9900.811    -29.627  -2.450 -1.16408E-04 -2.27342E-04 -1.68649E-02
    9901.735    -28.703  -2.400 -1.15870E-04 -2.28615E-04 -1.17001E-02
    9902.640    -27.798  -2.350 -1.15332E-04 -2.29888E-04 -4.49070E-03
    9903.526    -26.912  -2.300 -1.14795E-04 -2.31161E-04  4.02427E-03
    9904.392    -26.045  -2.250 -1.16538E-04 -2.31933E-04  1.10452E+00
    9905.240    -25.198  -2.200 -1.18773E-04 -2.32598E-04  2.35977E+00
    9906.069    -24.369  -2.150 -1.21007E-04 -2.33262E-04  2.43751E+00
    9906.878    -23.559  -2.100 -1.23241E-04 -2.33927E-04  8.26164E-01
    9907.669    -22.769  -2.050 -1.25476E-04 -2.34591E-04 -2.01271E+00
    9908.441    -21.997  -2.000 -1.27710E-04 -2.35256E-04 -4.88479E+00
    9909.193    -21.245  -1.950 -1.29945E-04 -2.35920E-04 -6.50490E+00
    9909.926    -20.511  -1.900 -1.32179E-04 -2.36585E-04 -6.15471E+00
    9910.641    -19.797  -1.850 -1.34414E-04 -2.37250E-04 -3.98981E+00
    9911.336    -19.102  -1.800 -1.36648E-04 -2.37914E-04 -8.65149E-01
    9912.012    -18.425  -1.750 -1.38882E-04 -2.38579E-04  2.16102E+00
    9912.670    -17.768  -1.700 -1.41117E-04 -2.39243E-04  4.32167E+00
    9913.308    -17.130  -1.650 -1.43351E-04 -2.39908E-04  5.36275E+00
    9913.927    -16.511  -1.600 -1.48132E-04 -2.40413E-04  8.54218E+00
    9914.527    -15.911  -1.550 -1.57658E-04 -2.40628E-04 -2.13614E+01
    9915.108    -15.330  -1.500 -1.68471E-04 -2.40758E-04  4.52339E+00
    9915.670    -14.768  -1.450 -1.80274E-04 -2.40795E-04  4.65104E+00
    9916.213    -14.225  -1.400 -1.92441E-04 -2.40730E-04  2.96251E+00
    9916.737    -13.701  -1.350 -2.03768E-04 -2.40550E-04  2.80096E+00
    9917.242    -13.196  -1.300 -2.12115E-04 -2.40243E-04  4.11385E+00
    9917.727    -12.710  -1.250 -2.14153E-04 -2.39792E-04  6.01110E+00
    9918.194    -12.244  -1.200 -2.06853E-04 -2.39179E-04  3.75887E+00
    9918.642    -11.796  -1.150 -1.89741E-04 -2.38379E-04 -2.99604E+00
    9919.070    -11.367  -1.100 -1.64400E-04 -2.37367E-04 -8.35639E+00
    9919.480    -10.958  -1.050 -1.32590E-04 -2.36108E-04 -7.01699E+00
    9919.870    -10.567  -1.000 -9.62618E-05 -2.34561E-04  1.06975E+00
    9920.242    -10.196  -0.950 -5.74791E-05 -2.32676E-04  9.16520E+00
    9920.594     -9.843  -0.900 -1.81890E-05 -2.30400E-04  1.08891E+01
    9920.928     -9.510  -0.850  2.00119E-05 -2.27654E-04  5.48445E+00
    9921.242     -9.196  -0.800  5.60018E-05 -2.24361E-04 -2.67995E+00
    9921.537     -8.900  -0.750  8.91267E-05 -2.20419E-04 -8.40830E+00
    9921.814     -8.624  -0.700  1.19211E-04 -2.15720E-04 -9.39691E+00
    9922.071     -8.367  -0.650  1.46449E-04 -2.10154E-04 -6.65576E+00
    9922.309     -8.129  -0.600  1.71103E-04 -2.03580E-04 -2.57683E+00
    9922.528     -7.910  -0.550  1.93712E-04 -1.95945E-04  9.84135E-01
    9922.728     -7.710  -0.500  2.14660E-04 -1.87245E-04  3.27186E+00
    9922.909     -7.529  -0.450  2.34255E-04 -1.77603E-04  4.31826E+00
    9923.071     -7.367  -0.400  2.52578E-04 -1.67292E-04  4.47907E+00
    9923.214     -7.224  -0.350  2.69410E-04 -1.56770E-04  4.13979E+00
    9923.338     -7.100  -0.300  2.84557E-04 -1.46608E-04  3.58733E+00
    9923.442     -6.996  -0.250  2.97664E-04 -1.37368E-04  2.99952E+00
    9923.528     -6.910  -0.200  3.08355E-04 -1.29572E-04  2.47930E+00
    9923.595     -6.843  -0.150  3.35424E-04 -1.04605E-04  2.06784E+00
    9923.642     -6.795  -0.100  4.18012E-04 -2.29557E-05  1.87057E+00
    9923.671     -6.767  -0.050  5.00599E-04  5.86940E-05  1.67202E+00
    9923.680     -6.757   0.000  5.83187E-04  1.40344E-04  1.47299E+00
    9923.690     -6.748   0.050  5.32694E-04  1.44996E-04  1.28716E+00
    9923.719     -6.719   0.100  4.81390E-04  1.48828E-04  1.10206E+00
    9923.766     -6.672   0.150  4.30286E-04  1.52660E-04  9.18302E-01
    9923.833     -6.605   0.200  3.27749E-04  1.59866E-04  5.53339E-01
    9923.919     -6.519   0.250  2.00065E-04  1.68796E-04  1.02612E-01
    9924.023     -6.414   0.300  5.56142E-05  1.79038E-04 -4.03027E-01
    9924.147     -6.291   0.350 -9.21837E-05  1.90183E-04 -9.17266E-01
    9924.290     -6.148   0.400 -2.27779E-04  2.01704E-04 -1.38800E+00
    9924.452     -5.986   0.450 -3.36923E-04  2.13041E-04 -1.76877E+00
    9924.633     -5.805   0.500 -4.05441E-04  2.23712E-04 -2.01484E+00
    9924.833     -5.605   0.550 -4.25625E-04  2.33418E-04 -2.10333E+00
    9925.052     -5.386   0.600 -3.96374E-04  2.41981E-04 -2.03243E+00
    9925.290     -5.148   0.650 -3.23511E-04  2.49358E-04 -1.82179E+00
    9925.547     -4.890   0.700 -2.18483E-04  2.55534E-04 -1.50782E+00
    9925.824     -4.614   0.750 -9.57548E-05  2.60607E-04 -1.13548E+00
    9926.119     -4.319   0.800  2.98777E-05  2.64646E-04 -7.50438E-01
    9926.433     -4.005   0.850  1.45513E-04  2.67726E-04 -3.92514E-01
    9926.767     -3.671   0.900  2.41895E-04  2.69933E-04 -9.06120E-02
    9927.119     -3.319   0.950  3.14979E-04  2.71335E-04  1.42133E-01
    9927.490     -2.947   1.000  3.62302E-04  2.72023E-04  2.96676E-01
    9927.881     -2.557   1.050  3.86460E-04  2.72064E-04  3.79805E-01
    9928.291     -2.147   1.100  3.91420E-04  2.71527E-04  4.02617E-01
    9928.719     -1.719   1.150  3.82412E-04  2.70493E-04  3.80526E-01
    9929.167     -1.271   1.200  3.64499E-04  2.69032E-04  3.28916E-01
    9929.634     -0.804   1.250  3.42789E-04  2.67207E-04  2.64054E-01
    9930.119     -0.319   1.300  3.21309E-04  2.65083E-04  1.99294E-01
    9930.624      0.186   1.350  3.03014E-04  2.62719E-04  1.44976E-01
    9931.148      0.710   1.400  2.89601E-04  2.60169E-04  1.07517E-01
    9931.691      1.253   1.450  2.81582E-04  2.57484E-04  8.93963E-02
    9932.253      1.815   1.500  2.78402E-04  2.54701E-04  8.92981E-02
    9932.834      2.396   1.550  2.78732E-04  2.51862E-04  1.02814E-01
    9933.434      2.996   1.600  2.80811E-04  2.49000E-04  1.23600E-01
    9934.053      3.615   1.650  2.82842E-04  2.46150E-04  1.44740E-01
    9934.691      4.253   1.700  2.83300E-04  2.43330E-04  1.60026E-01
    9935.349      4.911   1.750  2.81278E-04  2.40559E-04  1.65404E-01
    9936.025      5.587   1.800  2.76585E-04  2.37861E-04  1.59528E-01
    9936.720      6.282   1.850  2.69687E-04  2.35242E-04  1.43843E-01
    9937.435      6.997   1.900  2.61545E-04  2.32720E-04  1.21964E-01
    9938.168      7.730   1.950  2.53158E-04  2.30303E-04  9.79263E-02
    9938.920      8.483   2.000  2.45413E-04  2.27989E-04  7.55508E-02
    9939.692      9.254   2.050  2.39097E-04  2.25761E-04  5.84853E-02
    9940.482     10.045   2.100  2.34380E-04  2.23563E-04  4.79824E-02
    9941.292     10.854   2.150  2.31168E-04  2.21406E-04  4.38107E-02
    9942.121     11.683   2.200  2.29206E-04  2.19382E-04  4.45908E-02
    9942.969     12.531   2.250  2.28727E-04  2.18251E-04  4.80129E-02
    9943.835     13.397   2.300  2.29370E-04  2.18123E-04  5.18819E-02
    9944.721     14.283   2.350  2.30603E-04  2.18832E-04  5.45013E-02
    9945.626     15.188   2.400  2.32185E-04  2.20061E-04  5.62627E-02
    9946.550     16.112   2.450  2.32546E-04  2.20432E-04  5.63353E-02
    9947.493     17.055   2.500  2.31755E-04  2.20313E-04  5.33805E-02
    9948.455     18.017   2.550  2.29979E-04  2.19950E-04  4.69627E-02
    9949.436     18.998   2.600  2.27422E-04  2.19491E-04  3.72626E-02
    9950.436     19.998   2.650  2.24265E-04  2.19001E-04  2.48017E-02
    9951.455     21.017   2.700  2.20678E-04  2.18518E-04  1.02024E-02
    9952.493     22.056   2.750  2.16833E-04  2.18086E-04 -5.92858E-03
    9953.551     23.113   2.800  2.12878E-04  2.17737E-04 -2.30073E-02
    9954.627     24.189   2.850  2.08938E-04  2.17500E-04 -4.05330E-02
    9955.722     25.285   2.900  2.05043E-04  2.17329E-04 -5.81234E-02
    9956.837     26.399   2.950  2.01305E-04  2.17228E-04 -7.52413E-02
    9957.970     27.532   3.000  1.97867E-04  2.17178E-04 -9.10999E-02
    9959.123     28.685   3.050  1.94947E-04  2.17187E-04 -1.04709E-01
    9960.294     29.857   3.100  1.92783E-04  2.17252E-04 -1.14935E-01
    9961.485     31.047   3.150  1.91614E-04  2.17374E-04 -1.20691E-01
    9962.695     32.257   3.200  1.91624E-04  2.17541E-04 -1.21076E-01
    9963.923     33.486   3.250  1.92917E-04  2.17750E-04 -1.15662E-01
    9965.171     34.733   3.300  1.95486E-04  2.18007E-04 -1.04558E-01
    9966.438     36.000   3.350  1.99194E-04  2.18303E-04 -8.84153E-02
    9967.724     37.286   3.400  2.03786E-04  2.18631E-04 -6.84467E-02
    9969.029     38.591   3.450  2.08936E-04  2.18996E-04 -4.62218E-02
    9970.353     39.915   3.500  2.14266E-04  2.19382E-04 -2.34160E-02
    9971.696     41.258   3.550  2.19452E-04  2.19802E-04 -1.59607E-03
    9973.058     42.620   3.600  2.24189E-04  2.20231E-04  1.79864E-02
    9974.439     44.001   3.650  2.28308E-04  2.20678E-04  3.45492E-02
    9975.839     45.401   3.700  2.31726E-04  2.21135E-04  4.77844E-02
    9977.258     46.821   3.750  2.34462E-04  2.21598E-04  5.78360E-02
    9978.697     48.259   3.800  2.36596E-04  2.22064E-04  6.51183E-02
    9980.154     49.716   3.850  2.38239E-04  2.22526E-04  7.01789E-02
    9981.630     51.192   3.900  2.39494E-04  2.22980E-04  7.35243E-02
    9983.126     52.688   3.950  2.40434E-04  2.23423E-04  7.55158E-02
    9984.640     54.202   4.000  2.41091E-04  2.23853E-04  7.63114E-02
    9986.174     55.736   4.050  2.41451E-04  2.24265E-04  7.58825E-02
    9987.726     57.288   4.100  2.41458E-04  2.24654E-04  7.40203E-02
    9989.298     58.860   4.150  2.41046E-04  2.25017E-04  7.04513E-02
    9990.889     60.451   4.200  2.40147E-04  2.25352E-04  6.49014E-02
    9992.498     62.060   4.250  2.38713E-04  2.25657E-04  5.71737E-02
    9994.127     63.689   4.300  2.36733E-04  2.25927E-04  4.72483E-02
    9995.775     65.337   4.350  2.34247E-04  2.26166E-04  3.52866E-02
    9997.442     67.004   4.400  2.31329E-04  2.26364E-04  2.16609E-02
    9999.128     68.690   4.450  2.28117E-04  2.26527E-04  6.92697E-03
   10000.833     70.395   4.500  2.24761E-04  2.26649E-04 -8.22648E-03
   10002.557     72.119   4.550  2.21447E-04  2.26733E-04 -2.30197E-02
   10004.300     73.862   4.600  2.18358E-04  2.26784E-04 -3.66889E-02
   10006.062     75.624   4.650  2.15647E-04  2.26792E-04 -4.85260E-02
   10007.843     77.405   4.700  2.13457E-04  2.26767E-04 -5.79652E-02
   10009.643     79.205   4.750  2.11874E-04  2.26705E-04 -6.46177E-02
   10011.463     81.025   4.800  2.10946E-04  2.26614E-04 -6.82999E-02
   10013.301     82.863   4.850  2.10666E-04  2.26489E-04 -6.90247E-02
   10015.158     84.720   4.900  2.10991E-04  2.26336E-04 -6.69952E-02
   10017.035     86.597   4.950  2.11847E-04  2.26159E-04 -6.25470E-02
   10018.930     88.492   5.000  2.13131E-04  2.25956E-04 -5.61087E-02
   10020.845     90.407   5.050  2.14741E-04  2.25735E-04 -4.81507E-02
   10022.778     92.340   5.100  2.16569E-04  2.25491E-04 -3.91241E-02
   10024.731     94.293   5.150  2.18531E-04  2.25238E-04 -2.94491E-02
   10026.702     96.265   5.200  2.20539E-04  2.24972E-04 -1.94861E-02
   10028.693     98.255   5.250  2.22536E-04  2.24700E-04 -9.52504E-03
   10030.703    100.265   5.300  2.24463E-04  2.24420E-04  1.86055E-04
   10032.732    102.294   5.350  2.26276E-04  2.24137E-04  9.43916E-03
   10034.780    104.342   5.400  2.27939E-04  2.23855E-04  1.80462E-02
   10036.847    106.409   5.450  2.29412E-04  2.23576E-04  2.58172E-02
   10038.932    108.495   5.500  2.30653E-04  2.23301E-04  3.25605E-02
   10041.038    110.600   5.550  2.31627E-04  2.23038E-04  3.80838E-02
   10043.162    112.724   5.600  2.32290E-04  2.22782E-04  4.22024E-02
   10045.305    114.867   5.650  2.32616E-04  2.22542E-04  4.47579E-02
   10047.467    117.029   5.700  2.32575E-04  2.22311E-04  4.56406E-02
   10049.648    119.210   5.750  2.32164E-04  2.22097E-04  4.48020E-02
   10051.848    121.410   5.800  2.31390E-04  2.21897E-04  4.22750E-02
   10054.068    123.630   5.850  2.30286E-04  2.21718E-04  3.81797E-02
   10056.306    125.868   5.900  2.28896E-04  2.21558E-04  3.27157E-02
   10058.563    128.126   5.950  2.27274E-04  2.21410E-04  2.61552E-02
   10060.840    130.402   6.000  2.25501E-04  2.21282E-04  1.88232E-02
   10063.135    132.698   6.050  2.23660E-04  2.21178E-04  1.10757E-02
   10065.450    135.012   6.100  2.21823E-04  2.21089E-04  3.27489E-03
   10067.784    137.346   6.150  2.20066E-04  2.21014E-04 -4.23220E-03
   10070.136    139.698   6.200  2.18466E-04  2.20960E-04 -1.11361E-02
   10072.508    142.070   6.250  2.17070E-04  2.20919E-04 -1.71797E-02
   10074.899    144.461   6.300  2.15926E-04  2.20892E-04 -2.21638E-02
   10077.309    146.871   6.350  2.15063E-04  2.20879E-04 -2.59567E-02
   10079.737    149.300   6.400  2.14486E-04  2.20871E-04 -2.84907E-02
   10082.185    151.747   6.450  2.14208E-04  2.20878E-04 -2.97579E-02
   10084.652    154.214   6.500  2.14212E-04  2.20894E-04 -2.98065E-02
   10087.138    156.700   6.550  2.14470E-04  2.20912E-04 -2.87289E-02
   10089.643    159.206   6.600  2.14955E-04  2.20933E-04 -2.66546E-02
   10092.167    161.730   6.650  2.15633E-04  2.20959E-04 -2.37407E-02
   10094.711    164.273   6.700  2.16455E-04  2.20978E-04 -2.01625E-02
   10097.273    166.835   6.750  2.17388E-04  2.21001E-04 -1.61027E-02
   10099.854    169.416   6.800  2.18383E-04  2.21018E-04 -1.17442E-02
   10102.454    172.017   6.850  2.19397E-04  2.21027E-04 -7.26180E-03
   10105.074    174.636   6.900  2.20399E-04  2.21030E-04 -2.81452E-03
   10107.712    177.274   6.950  2.21351E-04  2.21023E-04  1.45812E-03
   10110.370    179.932   7.000  2.22222E-04  2.21002E-04  5.43961E-03
   10113.046    182.608   7.050  2.22994E-04  2.20969E-04  9.03473E-03
   10115.742    185.304   7.100  2.23650E-04  2.20923E-04  1.21707E-02
   10118.456    188.019   7.150  2.24173E-04  2.20860E-04  1.47902E-02
   10121.190    190.752   7.200  2.24554E-04  2.20782E-04  1.68502E-02
   10123.943    193.505   7.250  2.24785E-04  2.20688E-04  1.83168E-02
   10126.715    196.277   7.300  2.24861E-04  2.20578E-04  1.91638E-02
   10129.505    199.067   7.350  2.24772E-04  2.20446E-04  1.93723E-02
   10132.315    201.877   7.400  2.24523E-04  2.20299E-04  1.89327E-02
   10135.144    204.706   7.450  2.24111E-04  2.20133E-04  1.78505E-02
   10137.992    207.554   7.500  2.23549E-04  2.19954E-04  1.61508E-02
   10140.859    210.421   7.550  2.22839E-04  2.19753E-04  1.38831E-02
   10143.745    213.307   7.600  2.22011E-04  2.19542E-04  1.11233E-02
   10146.650    216.212   7.650  2.21078E-04  2.19310E-04  7.97532E-03
   10149.574    219.137   7.700  2.20082E-04  2.19071E-04  4.56646E-03
   10152.518    222.080   7.750  2.19046E-04  2.18816E-04  1.04043E-03
   10155.480    225.042   7.800  2.18010E-04  2.18550E-04 -2.45006E-03
   10158.461    228.023   7.850  2.17007E-04  2.18276E-04 -5.75552E-03
   10161.462    231.024   7.900  2.16075E-04  2.17997E-04 -8.73762E-03
   10164.481    234.043   7.950  2.15229E-04  2.17706E-04 -1.12780E-02
   10167.519    237.082   8.000  2.14504E-04  2.17417E-04 -1.32847E-02
   10170.577    240.139   8.050  2.13906E-04  2.17121E-04 -1.46923E-02
   10173.654    243.216   8.100  2.13444E-04  2.16823E-04 -1.54649E-02
   10176.749    246.311   8.150  2.13121E-04  2.16522E-04 -1.55936E-02
   10179.864    249.426   8.200  2.12941E-04  2.16228E-04 -1.50939E-02
   10182.998    252.560   8.250  2.12895E-04  2.15940E-04 -1.40042E-02
   10186.150    255.712   8.300  2.12965E-04  2.15653E-04 -1.23826E-02
   10189.322    258.884   8.350  2.13137E-04  2.15370E-04 -1.03046E-02
   10192.513    262.075   8.400  2.13393E-04  2.15095E-04 -7.86326E-03
   10195.723    265.285   8.450  2.13714E-04  2.14830E-04 -5.16527E-03
   10198.952    268.514   8.500  2.14071E-04  2.14574E-04 -2.32950E-03
   10202.200    271.762   8.550  2.14433E-04  2.14322E-04  5.17600E-04
   10205.467    275.029   8.600  2.14783E-04  2.14085E-04  3.24714E-03
   10208.753    278.315   8.650  2.15090E-04  2.13857E-04  5.73446E-03
   10212.058    281.620   8.700  2.15326E-04  2.13637E-04  7.86764E-03
   10215.382    284.945   8.750  2.15480E-04  2.13430E-04  9.55353E-03
   10218.726    288.288   8.800  2.15532E-04  2.13234E-04  1.07254E-02
   10222.088    291.650   8.850  2.15478E-04  2.13049E-04  1.13474E-02
   10225.469    295.031   8.900  2.15314E-04  2.12872E-04  1.14168E-02
   10228.870    298.432   8.950  2.15048E-04  2.12706E-04  1.09624E-02
   10232.289    301.851   9.000  2.14693E-04  2.12550E-04  1.00422E-02
   10235.728    305.290   9.050  2.14260E-04  2.12397E-04  8.73545E-03
   10239.185    308.747   9.100  2.13772E-04  2.12251E-04  7.13604E-03
   10242.662    312.224   9.150  2.13252E-04  2.12114E-04  5.34348E-03
   10246.158    315.720   9.200  2.12721E-04  2.11985E-04  3.45557E-03
   10249.672    319.234   9.250  2.12191E-04  2.11859E-04  1.56227E-03
   10253.206    322.768   9.300  2.11679E-04  2.11734E-04 -2.59120E-04
   10256.759    326.321   9.350  2.11196E-04  2.11609E-04 -1.94540E-03
   10260.331    329.893   9.400  2.10758E-04  2.11489E-04 -3.44784E-03
   10263.922    333.484   9.450  2.10362E-04  2.11364E-04 -4.72979E-03
   10267.532    337.094   9.500  2.10022E-04  2.11243E-04 -5.76601E-03
   10271.161    340.723   9.550  2.09733E-04  2.11117E-04 -6.53943E-03
   10274.809    344.371   9.600  2.09499E-04  2.10988E-04 -7.03974E-03
   10278.476    348.038   9.650  2.09317E-04  2.10851E-04 -7.26258E-03
   10282.162    351.724   9.700  2.09190E-04  2.10712E-04 -7.20983E-03
   10285.867    355.429   9.750  2.09112E-04  2.10565E-04 -6.89015E-03
   10289.591    359.153   9.800  2.09082E-04  2.10414E-04 -6.31979E-03
   10293.335    362.897   9.850  2.09090E-04  2.10253E-04 -5.52363E-03
   10297.097    366.659   9.900  2.09131E-04  2.10084E-04 -4.53517E-03
   10300.878    370.441   9.950  2.09191E-04  2.09904E-04 -3.39575E-03
   10304.679    374.241  10.000  2.09264E-04  2.09716E-04 -2.15376E-03
   10308.498    378.061  10.050  2.09337E-04  2.09518E-04 -8.61533E-04
   10312.337    381.899  10.100  2.09398E-04  2.09309E-04  4.26485E-04
   10316.195    385.757  10.150  2.09442E-04  2.09096E-04  1.65688E-03
   10320.071    389.633  10.200  2.09451E-04  2.08871E-04  2.78003E-03
   10323.967    393.529  10.250  2.09423E-04  2.08640E-04  3.75198E-03
   10327.882    397.444  10.300  2.09345E-04  2.08400E-04  4.53678E-03
   10331.815    401.378  10.350  2.09214E-04  2.08152E-04  5.10731E-03
   10335.768    405.331  10.400  2.09034E-04  2.07902E-04  5.44657E-03
   10339.740    409.302  10.450  2.08794E-04  2.07643E-04  5.54786E-03
   10343.731    413.293  10.500  2.08500E-04  2.07378E-04  5.41458E-03
   10347.741    417.303  10.550  2.08163E-04  2.07116E-04  5.06020E-03
   10351.770    421.332  10.600  2.07779E-04  2.06848E-04  4.50726E-03
   10355.818    425.381  10.650  2.07361E-04  2.06579E-04  3.78628E-03
   10359.886    429.448  10.700  2.06916E-04  2.06311E-04  2.93432E-03
   10363.972    433.534  10.750  2.06455E-04  2.06044E-04  1.99295E-03
   10368.077    437.639  10.800  2.05984E-04  2.05777E-04  1.00627E-03
   10372.201    441.763  10.850  2.05521E-04  2.05517E-04  1.85923E-05
   10376.345    445.907  10.900  2.05068E-04  2.05258E-04 -9.27685E-04
   10380.507    450.069  10.950  2.04632E-04  2.05000E-04 -1.79392E-03
   10384.689    454.251  11.000  2.04229E-04  2.04750E-04 -2.54738E-03
   10388.889    458.451  11.050  2.03858E-04  2.04504E-04 -3.16165E-03
   10393.109    462.671  11.100  2.03526E-04  2.04265E-04 -3.61812E-03
   10397.347    466.909  11.150  2.03230E-04  2.04027E-04 -3.90542E-03
   10401.605    471.167  11.200  2.02980E-04  2.03799E-04 -4.01975E-03
   10405.882    475.444  11.250  2.02765E-04  2.03573E-04 -3.96409E-03
   10410.177    479.739  11.300  2.02598E-04  2.03360E-04 -3.74769E-03
   10414.492    484.054  11.350  2.02459E-04  2.03147E-04 -3.38523E-03
   10418.826    488.388  11.400  2.02358E-04  2.02946E-04 -2.89637E-03
   10423.179    492.741  11.450  2.02280E-04  2.02747E-04 -2.30458E-03
   10427.551    497.113  11.500  2.02220E-04  2.02552E-04 -1.63689E-03
   10431.942    501.504  11.550  2.02176E-04  2.02363E-04 -9.22571E-04
   10436.352    505.914  11.600  2.02142E-04  2.02181E-04 -1.92573E-04
   10440.781    510.343  11.650  2.02102E-04  2.01996E-04  5.21980E-04
   10445.229    514.791  11.700  2.02065E-04  2.01825E-04  1.19061E-03
   10449.696    519.259  11.750  2.02008E-04  2.01647E-04  1.78513E-03
   10454.183    523.745  11.800  2.01932E-04  2.01472E-04  2.28096E-03
   10458.688    528.250  11.850  2.01837E-04  2.01300E-04  2.65833E-03
   10463.212    532.774  11.900  2.01716E-04  2.01130E-04  2.90341E-03
   10467.756    537.318  11.950  2.01562E-04  2.00956E-04  3.00884E-03
   10472.318    541.880  12.000  2.01382E-04  2.00784E-04  2.97440E-03
   10476.900    546.462  12.050  2.01170E-04  2.00606E-04  2.80637E-03
   10481.500    551.062  12.100  2.00933E-04  2.00427E-04  2.51762E-03
   10486.120    555.682  12.150  2.00675E-04  2.00248E-04  2.12638E-03
   10490.759    560.321  12.200  2.00392E-04  2.00060E-04  1.65499E-03
   10495.416    564.978  12.250  2.00095E-04  1.99869E-04  1.12858E-03
   10500.093    569.655  12.300  1.99791E-04  1.99676E-04  5.73755E-04
   10504.789    574.351  12.350  1.99475E-04  1.99471E-04  1.69663E-05
   10509.504    579.066  12.400  1.99160E-04  1.99263E-04 -5.16586E-04
   10514.238    583.800  12.450  1.98851E-04  1.99051E-04 -1.00425E-03
   10518.990    588.553  12.500  1.98545E-04  1.98830E-04 -1.42651E-03
   10523.762    593.325  12.550  1.98249E-04  1.98601E-04 -1.76800E-03
   10528.554    598.116  12.600  1.97962E-04  1.98364E-04 -2.01732E-03
   10533.364    602.926  12.650  1.97694E-04  1.98125E-04 -2.16781E-03
   10538.193    607.755  12.700  1.97442E-04  1.97882E-04 -2.21718E-03
   10543.041    612.603  12.750  1.97195E-04  1.97625E-04 -2.16767E-03
   10547.908    617.470  12.800  1.96965E-04  1.97366E-04 -2.02549E-03
   10552.795    622.357  12.850  1.96748E-04  1.97104E-04 -1.80056E-03
   10557.700    627.262  12.900  1.96537E-04  1.96834E-04 -1.50620E-03
   10562.624    632.186  12.950  1.96329E-04  1.96557E-04 -1.15813E-03
   10567.568    637.130  13.000  1.96126E-04  1.96278E-04 -7.73922E-04
   10572.530    642.092  13.050  1.95925E-04  1.95999E-04 -3.72198E-04
   10577.512    647.074  13.100  1.95722E-04  1.95717E-04  2.85219E-05
   10582.512    652.075  13.150  1.95511E-04  1.95430E-04  4.10438E-04
   10587.532    657.094  13.200  1.95291E-04  1.95143E-04  7.57620E-04
   10592.571    662.133  13.250  1.95066E-04  1.94859E-04  1.05649E-03
   10597.629    667.191  13.300  1.94824E-04  1.94571E-04  1.29619E-03
   10602.705    672.268  13.350  1.94571E-04  1.94284E-04  1.46932E-03
   10607.801    677.363  13.400  1.94308E-04  1.94002E-04  1.57183E-03
   10612.916    682.478  13.450  1.94028E-04  1.93716E-04  1.60294E-03
   10618.050    687.612  13.500  1.93741E-04  1.93437E-04  1.56496E-03
   10623.203    692.765  13.550  1.93444E-04  1.93161E-04  1.46283E-03
   10628.375    697.937  13.600  1.93143E-04  1.92891E-04  1.30406E-03
   10633.566    703.128  13.650  1.92834E-04  1.92622E-04  1.09774E-03
   10638.776    708.339  13.700  1.92519E-04  1.92354E-04  8.54514E-04
   10644.006    713.568  13.750  1.92207E-04  1.92094E-04  5.85701E-04
   10649.254    718.816  13.800  1.91901E-04  1.91843E-04  3.03302E-04
   10654.521    724.083  13.850  1.91591E-04  1.91588E-04  1.90274E-05
   10659.808    729.370  13.900  1.91290E-04  1.91339E-04 -2.55484E-04
   10665.113    734.675  13.950  1.91001E-04  1.91099E-04 -5.09812E-04
   10670.437    740.000  14.000  1.90719E-04  1.90860E-04 -7.34230E-04
   10675.781    745.343  14.050  1.90453E-04  1.90629E-04 -9.20651E-04
   10681.143    750.706  14.100  1.90191E-04  1.90394E-04 -1.06255E-03
   10686.525    756.087  14.150  1.89945E-04  1.90165E-04 -1.15519E-03
   10691.926    761.488  14.200  1.89716E-04  1.89944E-04 -1.19596E-03
   10697.345    766.908  14.250  1.89492E-04  1.89717E-04 -1.18408E-03
   10702.784    772.346  14.300  1.89283E-04  1.89497E-04 -1.12118E-03
   10708.242    777.804  14.350  1.89085E-04  1.89277E-04 -1.01070E-03
   10713.719    783.281  14.400  1.88895E-04  1.89058E-04 -8.58317E-04
   10719.215    788.777  14.450  1.88712E-04  1.88839E-04 -6.71304E-04
   10724.730    794.292  14.500  1.88533E-04  1.88620E-04 -4.58636E-04
   10730.264    799.826  14.550  1.88356E-04  1.88400E-04 -2.30267E-04
   10735.817    805.379  14.600  1.88173E-04  1.88173E-04  2.99996E-06
   10741.389    810.951  14.650  1.87995E-04  1.87951E-04  2.30172E-04
   10746.980    816.542  14.700  1.87806E-04  1.87723E-04  4.40810E-04
   10752.590    822.152  14.750  1.87609E-04  1.87492E-04  6.25251E-04
   10758.219    827.782  14.800  1.87407E-04  1.87261E-04  7.75302E-04
   10763.868    833.430  14.850  1.87189E-04  1.87023E-04  8.84711E-04
   10769.535    839.097  14.900  1.86959E-04  1.86781E-04  9.49417E-04
   10775.221    844.784  14.950  1.86713E-04  1.86532E-04  9.67750E-04
   10780.927    850.489  15.000  1.86458E-04  1.86282E-04  9.40472E-04
   10786.651    856.214  15.050  1.86186E-04  1.86024E-04  8.70549E-04
   10792.395    861.957  15.100  1.85907E-04  1.85765E-04  7.63212E-04
   10798.158    867.720  15.150  1.85618E-04  1.85502E-04  6.25079E-04
   10803.939    873.501  15.200  1.85319E-04  1.85233E-04  4.64028E-04
   10809.740    879.302  15.250  1.85011E-04  1.84957E-04  2.88646E-04
   10815.560    885.122  15.300  1.84704E-04  1.84684E-04  1.07731E-04
   10821.398    890.961  15.350  1.84390E-04  1.84403E-04 -7.02087E-05
   10827.256    896.818  15.400  1.84072E-04  1.84116E-04 -2.37496E-04
   10833.133    902.695  15.450  1.83756E-04  1.83828E-04 -3.87039E-04
   10839.029    908.591  15.500  1.83444E-04  1.83538E-04 -5.13426E-04
   10844.944    914.506  15.550  1.83136E-04  1.83249E-04 -6.12418E-04
   10850.878    920.440  15.600  1.82832E-04  1.82957E-04 -6.81136E-04
   10856.831    926.393  15.650  1.82529E-04  1.82660E-04 -7.18272E-04
   10862.803    932.366  15.700  1.82235E-04  1.82368E-04 -7.23871E-04
   10868.795    938.357  15.750  1.81941E-04  1.82069E-04 -6.99285E-04
   10874.805    944.367  15.800  1.81660E-04  1.81778E-04 -6.46857E-04
   10880.834    950.396  15.850  1.81376E-04  1.81480E-04 -5.70020E-04
   10886.883    956.445  15.900  1.81104E-04  1.81190E-04 -4.72906E-04
   10892.950    962.512  15.950  1.80835E-04  1.80900E-04 -3.60272E-04
   10899.036    968.599  16.000  1.80568E-04  1.80611E-04 -2.37358E-04
   10905.142    974.704  16.050  1.80304E-04  1.80324E-04 -1.09496E-04
   10911.266    980.829  16.100  1.80039E-04  1.80036E-04  1.79679E-05
   10917.410    986.972  16.150  1.79780E-04  1.79755E-04  1.39805E-04
   10923.573    993.135  16.200  1.79521E-04  1.79476E-04  2.51236E-04
   10929.754    999.317  16.250  1.79267E-04  1.79205E-04  3.48032E-04
   10935.955   1005.517  16.300  1.79006E-04  1.78930E-04  4.26829E-04
   10942.175   1011.737  16.350  1.78747E-04  1.78660E-04  4.84759E-04
   10948.414   1017.976  16.400  1.78490E-04  1.78397E-04  5.20288E-04
   10954.672   1024.234  16.450  1.78226E-04  1.78131E-04  5.32641E-04
   10960.949   1030.511  16.500  1.77964E-04  1.77871E-04  5.22088E-04
   10967.245   1036.807  16.550  1.77702E-04  1.77614E-04  4.90143E-04
   10973.560   1043.122  16.600  1.77440E-04  1.77362E-04  4.38987E-04
   10979.894   1049.456  16.650  1.77177E-04  1.77111E-04  3.71762E-04
   10986.247   1055.809  16.700  1.76908E-04  1.76856E-04  2.92090E-04
   10992.619   1062.181  16.750  1.76643E-04  1.76607E-04  2.03976E-04
   10999.010   1068.573  16.800  1.76377E-04  1.76357E-04  1.11753E-04
   11005.421   1074.983  16.850  1.76112E-04  1.76108E-04  1.95306E-05
   11011.850   1081.412  16.900  1.75853E-04  1.75865E-04 -6.87613E-05
   11018.298   1087.861  16.950  1.75589E-04  1.75616E-04 -1.49669E-04
   11024.766   1094.328  17.000  1.75328E-04  1.75366E-04 -2.20370E-04
   11031.252   1100.815  17.050  1.75067E-04  1.75116E-04 -2.78470E-04
   11037.758   1107.320  17.100  1.74805E-04  1.74861E-04 -3.22449E-04
   11044.283   1113.845  17.150  1.74548E-04  1.74609E-04 -3.51292E-04
   11050.826   1120.388  17.200  1.74294E-04  1.74358E-04 -3.64668E-04
   11057.389   1126.951  17.250  1.74036E-04  1.74100E-04 -3.62758E-04
   11063.971   1133.533  17.300  1.73777E-04  1.73838E-04 -3.46372E-04
   11070.571   1140.134  17.350  1.73516E-04  1.73571E-04 -3.16675E-04
   11077.191   1146.753  17.400  1.73255E-04  1.73302E-04 -2.75214E-04
   11083.830   1153.392  17.450  1.72994E-04  1.73033E-04 -2.24006E-04
   11090.488   1160.050  17.500  1.72732E-04  1.72760E-04 -1.65415E-04
   11097.165   1166.727  17.550  1.72464E-04  1.72482E-04 -1.01916E-04
   11103.861   1173.423  17.600  1.72196E-04  1.72202E-04 -3.63477E-05
   11110.576   1180.138  17.650  1.71927E-04  1.71922E-04  2.84627E-05
   11117.310   1186.873  17.700  1.71649E-04  1.71634E-04  8.96897E-05
   11124.064   1193.626  17.750  1.71369E-04  1.71344E-04  1.44683E-04
   11130.836   1200.398  17.800  1.71085E-04  1.71053E-04  1.91168E-04
   11137.627   1207.189  17.850  1.70800E-04  1.70762E-04  2.27179E-04
   11144.437   1214.000  17.900  1.70506E-04  1.70463E-04  2.51392E-04
   11151.267   1220.829  17.950  1.70209E-04  1.70164E-04  2.63124E-04
   11158.115   1227.677  18.000  1.69909E-04  1.69864E-04  2.62310E-04
   11164.983   1234.545  18.050  1.69607E-04  1.69565E-04  2.49575E-04
   11171.869   1241.432  18.100  1.69304E-04  1.69265E-04  2.26086E-04
   11178.775   1248.337  18.150  1.68998E-04  1.68966E-04  1.93490E-04
   11185.700   1255.262  18.200  1.68690E-04  1.68664E-04  1.53913E-04
   11192.643   1262.205  18.250  1.68376E-04  1.68358E-04  1.09663E-04
   11199.606   1269.168  18.300  1.68068E-04  1.68058E-04  6.30335E-05
   11206.588   1276.150  18.350  1.67761E-04  1.67759E-04  1.63705E-05
   11213.589   1283.151  18.400  1.67457E-04  1.67462E-04 -2.82699E-05
   11220.609   1290.171  18.450  1.67158E-04  1.67169E-04 -6.89061E-05
   11227.648   1297.210  18.500  1.66855E-04  1.66873E-04 -1.04183E-04
   11234.706   1304.268  18.550  1.66559E-04  1.66581E-04 -1.32849E-04
   11241.783   1311.345  18.600  1.66265E-04  1.66291E-04 -1.54215E-04
   11248.879   1318.441  18.650  1.65976E-04  1.66004E-04 -1.67845E-04
   11255.994   1325.556  18.700  1.65687E-04  1.65716E-04 -1.73759E-04
   11263.128   1332.690  18.750  1.65407E-04  1.65435E-04 -1.72220E-04
   11270.281   1339.843  18.800  1.65129E-04  1.65156E-04 -1.63755E-04
   11277.454   1347.016  18.850  1.64852E-04  1.64877E-04 -1.49084E-04
   11284.645   1354.207  18.900  1.64579E-04  1.64600E-04 -1.29188E-04
   11291.855   1361.417  18.950  1.64311E-04  1.64328E-04 -1.05081E-04
   11299.085   1368.647  19.000  1.64046E-04  1.64058E-04 -7.79090E-05
   11306.333   1375.895  19.050  1.63781E-04  1.63789E-04 -4.88981E-05
   11313.601   1383.163  19.100  1.63517E-04  1.63520E-04 -1.92648E-05
   11320.887   1390.450  19.150  1.63255E-04  1.63253E-04  9.79175E-06
   11328.193   1397.755  19.200  1.62991E-04  1.62985E-04  3.71132E-05
   11335.518   1405.080  19.250  1.62733E-04  1.62723E-04  6.15712E-05
   11342.861   1412.424  19.300  1.62470E-04  1.62456E-04  8.23509E-05
   11350.224   1419.786  19.350  1.62205E-04  1.62189E-04  9.85964E-05
   11357.606   1427.168  19.400  1.61946E-04  1.61928E-04  1.09812E-04
   11365.007   1434.569  19.450  1.61679E-04  1.61661E-04  1.15677E-04
   11372.427   1441.989  19.500  1.61411E-04  1.61393E-04  1.16211E-04
   11379.866   1449.428  19.550  1.61148E-04  1.61130E-04  1.11606E-04
   11387.324   1456.886  19.600  1.60878E-04  1.60862E-04  1.02350E-04
   11394.801   1464.363  19.650  1.60607E-04  1.60593E-04  8.91940E-05
   11402.297   1471.859  19.700  1.60331E-04  1.60319E-04  7.30035E-05
   11409.812   1479.375  19.750  1.60057E-04  1.60048E-04  5.47819E-05
   11417.347   1486.909  19.800  1.59777E-04  1.59771E-04  3.55444E-05
   11424.900   1494.462  19.850  1.59498E-04  1.59495E-04  1.62166E-05
   11432.472   1502.034  19.900  1.59219E-04  1.59220E-04 -2.23339E-06
   11440.064   1509.626  19.950  1.58943E-04  1.58946E-04 -1.91091E-05
