# r  chir_mag  chir_re  chir_im
0.000000000000000000e+00 2.583553086234753864e-03 -2.583553086234753864e-03 0.000000000000000000e+00
3.067961575771282340e-02 2.470799710766920232e-02 -1.171088081853398875e-02 -2.175638737306086548e-02
6.135923151542564680e-02 4.760789926221029728e-02 -3.519331083831241797e-02 -3.206154931376032496e-02
9.203884727313846326e-02 6.743237726898514139e-02 -6.293715241203831634e-02 -2.420827028952301369e-02
1.227184630308512936e-01 8.282005850760545962e-02 -8.281438768936813521e-02 9.691660529662470946e-04
1.533980787885641239e-01 9.270151048736137434e-02 -8.567623512115817019e-02 3.539989805214690394e-02
1.840776945462769265e-01 9.634492104835620796e-02 -6.916095873334802968e-02 6.707537252150093388e-02
2.147573103039897569e-01 9.340559908022542934e-02 -3.871492765391629232e-02 8.500447233109464928e-02
2.454369260617025872e-01 8.396405843938348212e-02 -5.375138957741086750e-03 8.379183128919656665e-02
2.761165418194154175e-01 6.856471800469225719e-02 1.880956726732075507e-02 6.593421520181388940e-02
3.067961575771282479e-01 4.833550426014092405e-02 2.585096873569080189e-02 4.084174809564886793e-02
3.374757733348410782e-01 2.591260076100797977e-02 1.527907291364068165e-02 2.092875555543241214e-02
3.681553890925538530e-01 1.724496512505621290e-02 -5.500101522199896467e-03 1.634434781231418332e-02
3.988350048502666834e-01 3.893632085033000428e-02 -2.417828518166122154e-02 3.051962658739625772e-02
4.295146206079795137e-01 6.509670379349108416e-02 -2.869758047707122312e-02 5.842969895129990210e-02
4.601942363656923440e-01 8.926947554593935019e-02 -1.248119733749839672e-02 8.839264096784012203e-02
4.908738521234051744e-01 1.091104527645517797e-01 2.246344641451951396e-02 1.067730512707560225e-01
5.215534678811180047e-01 1.229141895576452426e-01 6.596333235012274976e-02 1.037146893158341215e-01
5.522330836388308350e-01 1.293826788883581935e-01 1.035884367325688449e-01 7.751976116856004739e-02
5.829126993965436654e-01 1.276595617870113220e-01 1.225479659119882020e-01 3.576254697984936060e-02
6.135923151542564957e-01 1.174071284355196337e-01 1.171684413439682410e-01 -7.482657315397790547e-03
6.442719309119693261e-01 9.892006306245967884e-02 9.161447745445602808e-02 -3.730906588254345735e-02
6.749515466696821564e-01 7.342282286186715967e-02 5.856629203582636861e-02 -4.428205453882444464e-02
7.056311624273949867e-01 4.468504623197690900e-02 3.421231074821245305e-02 -2.874493259727113267e-02
7.363107781851077061e-01 3.151112722413895728e-02 3.148809871017829720e-02 -1.204482691423710596e-03
7.669903939428205364e-01 5.845200473053187989e-02 5.432851581297543780e-02 2.156500003657313771e-02
7.976700097005333667e-01 9.820576630820665454e-02 9.540893522925873727e-02 2.327031616891378496e-02
8.283496254582461971e-01 1.385893759086734289e-01 1.384990118298096151e-01 -5.003882185049355474e-03
8.590292412159590274e-01 1.754709188775854800e-01 1.646563205672566255e-01 -6.064931548663195227e-02
8.897088569736718577e-01 2.060259788753132093e-01 1.598229192407449872e-01 -1.300128395847783558e-01
9.203884727313846881e-01 2.280444525962370961e-01 1.206752510084986296e-01 -1.934987239078162224e-01
9.510680884890975184e-01 2.399891912682377004e-01 5.617165715623534394e-02 -2.333228596985411907e-01
9.817477042468103487e-01 2.412511142483294568e-01 -1.604007165416788602e-02 -2.407172952394357468e-01
1.012427320004523068e+00 2.325860007234986093e-01 -7.702341824041637752e-02 -2.194621625135257659e-01
1.043106935762236009e+00 2.168738356627095965e-01 -1.147160102074295113e-01 -1.840502583457705732e-01
1.073786551519948729e+00 2.003511655116994028e-01 -1.293137852617322336e-01 -1.530311552043536472e-01
1.104466167277661670e+00 1.935008707070430545e-01 -1.333474851491863178e-01 -1.402178133076226740e-01
1.135145783035374389e+00 2.076334641649119905e-01 -1.460963208637200139e-01 -1.475382000405547900e-01
1.165825398793087331e+00 2.460427164485138318e-01 -1.844505764249997903e-01 -1.628342813226044683e-01
1.196505014550800050e+00 3.023553446312497450e-01 -2.540419571392997233e-01 -1.639555989892264309e-01
1.227184630308512991e+00 3.675522528900867503e-01 -3.446125694299768116e-01 -1.278156312641287040e-01
1.257864246066225711e+00 4.339367114910446244e-01 -4.320149432921839838e-01 -4.079409702289226586e-02
1.288543861823938652e+00 4.954877451715569148e-01 -4.864904264090591512e-01 9.399558834075959213e-02
1.319223477581651371e+00 5.476047370385348501e-01 -4.840750878513936928e-01 2.560122210924869468e-01
1.349903093339364313e+00 5.871251819030475216e-01 -4.163532465664671611e-01 4.139637101223357374e-01
1.380582709097077032e+00 6.126626835837108986e-01 -2.941292446023484053e-01 5.374416724870209050e-01
1.411262324854789973e+00 6.252383394857609078e-01 -1.429331637515114384e-01 6.086814370940641927e-01
1.441941940612502693e+00 6.291762605650798035e-01 8.236147199771082575e-03 6.291223511670530621e-01
1.472621556370215412e+00 6.330231776874901684e-01 1.403218151499448230e-01 6.172747619031515587e-01
1.503301172127928353e+00 6.495650211333859891e-01 2.536753620490143635e-01 5.979828821708174091e-01
1.533980787885641073e+00 6.932048056774486877e-01 3.685379365486219361e-01 5.871223824202185249e-01
1.564660403643354014e+00 7.744002114894078526e-01 5.149161829172962390e-01 5.784090353069539781e-01
1.595340019401066733e+00 8.952665649022766292e-01 7.148054011085073212e-01 5.390319663786445892e-01
1.626019635158779675e+00 1.050346264959783005e+00 9.636130897780045279e-01 4.179438832229198653e-01
1.656699250916492394e+00 1.230343764080573221e+00 1.219132449075086777e+00 1.657161712813016163e-01
1.687378866674205335e+00 1.425000904084247733e+00 1.404596245179724923e+00 -2.402851736332099475e-01
1.718058482431918055e+00 1.624332692215914697e+00 1.427564511795425650e+00 -7.749298417687177087e-01
1.748738098189630996e+00 1.819001122851620078e+00 1.210260500302678510e+00 -1.357952357906036633e+00
1.779417713947343715e+00 2.000437743719519990e+00 7.217661733100043664e-01 -1.865691495816786505e+00
1.810097329705056657e+00 2.160946674176515092e+00 3.643877537912184423e-04 -2.160946643454230376e+00
1.840776945462769376e+00 2.293835592251630473e+00 -8.436000620918265858e-01 -2.133077743430617179e+00
1.871456561220482318e+00 2.393563852088689714e+00 -1.648073769948741552e+00 -1.735799747330488918e+00
1.902136176978195037e+00 2.455885509984344406e+00 -2.238772890708299546e+00 -1.009588818272403543e+00
1.932815792735907978e+00 2.477967174859924349e+00 -2.476683868674957267e+00 -7.973916433298885997e-02
1.963495408493620697e+00 2.458465592488069618e+00 -2.298888321526878276e+00 8.713010700068304359e-01
1.994175024251333417e+00 2.397554928365173588e+00 -1.739323837096988123e+00 1.650158242179926349e+00
2.024854640009046136e+00 2.296898301205988258e+00 -9.220770197930510115e-01 2.103690988632247016e+00
2.055534255766759077e+00 2.159562232423656525e+00 -2.853228136128390519e-02 2.159373738987989011e+00
2.086213871524472019e+00 1.989876373968834988e+00 7.518041828606613075e-01 1.842389332989249340e+00
2.116893487282184960e+00 1.793244194593836216e+00 1.271675056898259326e+00 1.264344609316346624e+00
2.147573103039897457e+00 1.575913295268575931e+00 1.462242217484770457e+00 5.876652206907289067e-01
2.178252718797610399e+00 1.344716879382567898e+00 1.344527486025448137e+00 -2.256823029126701213e-02
2.208932334555323340e+00 1.106801328183028232e+00 1.013866237233640222e+00 -4.439419253296714718e-01
2.239611950313036282e+00 8.693614843559567262e-01 6.038900260000976683e-01 -6.253848630876780446e-01
2.270291566070748779e+00 6.394266820200857904e-01 2.428054243213632613e-01 -5.915336064834681995e-01
2.300971181828461720e+00 4.238420729875820858e-01 1.640749636013281651e-02 -4.235243758009721859e-01
2.331650797586174662e+00 2.303453607515579260e-01 -5.101667191003861346e-02 -2.246247635657939723e-01
2.362330413343887603e+00 8.368825515026288853e-02 6.414085873105987608e-03 -8.344209700449722877e-02
2.393010029101600100e+00 1.270213999583126863e-01 1.179616822097641488e-01 -4.711133173252746859e-02
2.423689644859313042e+00 2.356952325296493567e-01 2.072282284250738238e-01 -1.122884855228304807e-01
2.454369260617025983e+00 3.222126073251728173e-01 2.205887954707374810e-01 -2.348649561600349989e-01
2.485048876374738480e+00 3.807808486251448854e-01 1.435117287779462403e-01 -3.527016279844065183e-01
2.515728492132451422e+00 4.117042584065487287e-01 4.979518220456068817e-04 -4.117039572727825836e-01
2.546408107890164363e+00 4.170562357572907830e-01 -1.592947071171555984e-01 -3.854362464383708220e-01
2.577087723647877304e+00 3.999664787152227841e-01 -2.837191937913454143e-01 -2.819159505424334022e-01
2.607767339405589802e+00 3.642967343182336171e-01 -3.376952359146997984e-01 -1.366529848757243315e-01
2.638446955163302743e+00 3.143837523678187917e-01 -3.143609163413304541e-01 3.789199111827611446e-03
2.669126570921015684e+00 2.547994910447592409e-01 -2.341995843586496817e-01 1.003660068095971192e-01
2.699806186678728626e+00 1.901281618990011690e-01 -1.339356582179122290e-01 1.349442751836008869e-01
2.730485802436441123e+00 1.247874382613700234e-01 -5.070225483478754680e-02 1.140227437948389960e-01
2.761165418194154064e+00 6.307465672796287726e-02 -8.177002856875309478e-03 6.254237719841647392e-02
2.791845033951867006e+00 1.509263175900050179e-02 -9.840629519236625961e-03 1.144331875278842801e-02
2.822524649709579947e+00 4.387302388714568041e-02 -4.110672429665791078e-02 -1.533230062973621639e-02
2.853204265467292444e+00 7.886051705835038506e-02 -7.833001300349587415e-02 -9.131824219866404788e-03
2.883883881225005386e+00 1.026652745405451511e-01 -1.001525051678648776e-01 2.257508150785518877e-02
2.914563496982718327e+00 1.145679002166838656e-01 -9.620752376043015253e-02 6.220864997688260734e-02
2.945243112740430824e+00 1.151556561748660057e-01 -6.985382702913701947e-02 9.154926541730067091e-02
2.975922728498143766e+00 1.059553929386038706e-01 -3.448610399021613537e-02 1.001860964622833666e-01
3.006602344255856707e+00 8.954528506113938746e-02 -5.762601644344145756e-03 8.935966930875088865e-02
3.037281960013569648e+00 7.024333663120922722e-02 6.359934521663673443e-03 6.995482523718811463e-02
3.067961575771282146e+00 5.612292928738579073e-02 2.146093245844935948e-03 5.608188188334129604e-02
3.098641191528995087e+00 5.818647801028160177e-02 -8.669202902355037030e-03 5.753704149744565122e-02
3.129320807286708028e+00 7.571585957947912782e-02 -1.224126818434796184e-02 7.471976140953791312e-02
3.160000423044420970e+00 9.830299298526437579e-02 2.121087151611690882e-03 9.828010693500593975e-02
3.190680038802133467e+00 1.191731204270260053e-01 3.623989818483049075e-02 1.135293019967425071e-01
3.221359654559846408e+00 1.349172075807365812e-01 8.153561410417883848e-02 1.074923091855319313e-01
3.252039270317559350e+00 1.437019511444372899e-01 1.223662064539224464e-01 7.534429162713167372e-02
3.282718886075272291e+00 1.446275958871534595e-01 1.427375909275721833e-01 2.330497003411141979e-02
3.313398501832984788e+00 1.375122947365341186e-01 1.334115465824277647e-01 -3.333152325040268649e-02
3.344078117590697730e+00 1.228013042931138388e-01 9.629027016184871224e-02 -7.621249378053528145e-02
3.374757733348410671e+00 1.015316670129904481e-01 4.415842350368884978e-02 -9.142599761613560971e-02
3.405437349106123612e+00 7.542157944989479057e-02 -4.138187669966623614e-03 -7.530796803476327850e-02
3.436116964863836110e+00 4.765131348950323725e-02 -3.107350437593569062e-02 -3.612596023739186868e-02
3.466796580621549051e+00 2.879235628141547931e-02 -2.733568845650603818e-02 9.042119046153275150e-03
3.497476196379261992e+00 4.117692784458489019e-02 4.560443005910529840e-03 4.092360866673407788e-02
3.528155812136974490e+00 6.856898032987486513e-02 5.134045580379695273e-02 4.545176191675234095e-02
3.558835427894687431e+00 9.608160733909594520e-02 9.418508574195383343e-02 1.899591778896246932e-02
3.589515043652400372e+00 1.198769120673525701e-01 1.159138184895741330e-01 -3.056895042309823105e-02
3.620194659410113314e+00 1.382366291089947297e-01 1.072563275971730040e-01 -8.720920718470999422e-02
3.650874275167825811e+00 1.502028438214770556e-01 6.982001897835728166e-02 -1.329889440589737681e-01
3.681553890925538752e+00 1.553602829180788236e-01 1.478843030797591732e-02 -1.546548409763225940e-01
3.712233506683251694e+00 1.537958717510586881e-01 -4.187601099960642365e-02 -1.479850325892079488e-01
3.742913122440964635e+00 1.460981476876281326e-01 -8.562096938503913068e-02 -1.183795521165804804e-01
3.773592738198677132e+00 1.333837150071187638e-01 -1.083740978540709693e-01 -7.775776709381855556e-02
3.804272353956390074e+00 1.173787217957366208e-01 -1.106088831569015246e-01 -3.928663000543362871e-02
3.834951969714103015e+00 1.006053304725251091e-01 -9.986164413468295864e-02 -1.221001843585551271e-02
3.865631585471815956e+00 8.662681955521010779e-02 -8.661888894169023079e-02 1.172153896920805636e-03
3.896311201229528454e+00 7.965908964572922246e-02 -7.947854396517085862e-02 5.360187717116507433e-03
3.926990816987241395e+00 8.208782015671550747e-02 -8.162556018607718122e-02 8.699318501489704952e-03
3.957670432744954336e+00 9.195891365634366321e-02 -8.995663692750879847e-02 1.908521085938611264e-02
3.988350048502666834e+00 1.050040849184182140e-01 -9.699082865850680579e-02 4.023228809911959941e-02
4.019029664260379775e+00 1.176480411936282611e-01 -9.454135507163241581e-02 7.002138086268488992e-02
4.049709280018092272e+00 1.276593409047722116e-01 -7.747512548200748139e-02 1.014618758538794463e-01
4.080388895775805658e+00 1.338238695577349535e-01 -4.598007176030270010e-02 1.256768119595777777e-01
4.111068511533518155e+00 1.356366836818508892e-01 -5.501527613566521355e-03 1.355250646711804174e-01
4.141748127291231540e+00 1.331267956145845976e-01 3.545943721279211369e-02 1.283174657759396098e-01
4.172427743048944038e+00 1.267608678197451599e-01 6.862223006989161267e-02 1.065800504346370026e-01
4.203107358806656535e+00 1.173867855975961744e-01 8.885507828401796593e-02 7.671005472607260456e-02
4.233786974564369920e+00 1.061982955810058110e-01 9.559583735573809471e-02 4.625487935954375462e-02
4.264466590322082418e+00 9.470019651018472817e-02 9.233082468214195981e-02 2.105103400270798286e-02
4.295146206079794915e+00 8.461193682243632608e-02 8.454334118694710465e-02 3.406363719776674820e-03
4.325825821837508300e+00 7.756177777767576942e-02 7.714419916695522406e-02 -8.037531145986568856e-03
4.356505437595220798e+00 7.445941086119775565e-02 7.251762962756236330e-02 -1.689370471496242157e-02
4.387185053352934183e+00 7.491982353152074059e-02 6.994503581068695075e-02 -2.684533336421676339e-02
4.417864669110646680e+00 7.746385981747994087e-02 6.650450130141333238e-02 -3.972154181892359470e-02
4.448544284868359178e+00 8.034885284665763128e-02 5.889452480558404063e-02 -5.465686692171704830e-02
4.479223900626072563e+00 8.220046417147353068e-02 4.527499052316288214e-02 -6.860824690322013530e-02
4.509903516383785060e+00 8.219635106057540663e-02 2.628809076303014261e-02 -7.787924249572568403e-02
4.540583132141497558e+00 8.002718300516813155e-02 4.854248875596907722e-03 -7.987982403333421244e-02
4.571262747899210943e+00 7.581650672219819587e-02 -1.508267174841870263e-02 -7.430111509584882978e-02
4.601942363656923440e+00 7.005881469935856809e-02 -3.022529789421126226e-02 -6.320339298079848123e-02
4.632621979414635938e+00 6.357892574944691566e-02 -3.922444119859838652e-02 -5.003721627060585264e-02
4.663301595172349323e+00 5.748005306927401331e-02 -4.304035954270878789e-02 -3.809834578142354961e-02
4.693981210930061820e+00 5.298378803552232508e-02 -4.424652525891403787e-02 -2.914664298174732271e-02
4.724660826687775206e+00 5.102467394313953131e-02 -4.564242072164338693e-02 -2.280979573937916630e-02
4.755340442445487703e+00 5.171582059137878190e-02 -4.883802568947145928e-02 -1.701097722631486966e-02
4.786020058203200200e+00 5.424338039986129761e-02 -5.345955423666378520e-02 -9.188056270031186648e-03
4.816699673960913586e+00 5.736915687090024529e-02 -5.732396817956480345e-02 2.276583454697546534e-03
4.847379289718626083e+00 5.996689420279655014e-02 -5.748485233444766002e-02 1.707396123973996607e-02
4.878058905476338580e+00 6.123897849597722404e-02 -5.166592241862718454e-02 3.287620640924311666e-02
4.908738521234051966e+00 6.072248798836281380e-02 -3.943735161972965891e-02 4.617267422100080482e-02
4.939418136991764463e+00 5.823609228847443503e-02 -2.261542230760344926e-02 5.366549281317058162e-02
4.970097752749476960e+00 5.382696307990871010e-02 -4.712287883285455961e-03 5.362029743773243790e-02
5.000777368507190346e+00 4.773002938350537350e-02 1.032770845712883447e-02 4.659929337420081613e-02
5.031456984264902843e+00 4.034375127947922163e-02 1.957313010440083281e-02 3.527762527745709198e-02
5.062136600022616229e+00 3.223792940458850009e-02 2.213892766197918249e-02 2.343399185527051537e-02
5.092816215780328726e+00 2.424917047326491382e-02 1.940407501609106231e-02 1.454318195620798483e-02
5.123495831538041223e+00 1.781250460014553380e-02 1.435691669080461225e-02 1.054344646040855475e-02
5.154175447295754608e+00 1.530108215293930242e-02 1.036594311889375668e-02 1.125479179313668317e-02
5.184855063053467106e+00 1.766511120161760179e-02 9.887622611512691603e-03 1.463868412316553236e-02
5.215534678811179603e+00 2.236661965041434469e-02 1.361700745326320863e-02 1.774380969814755987e-02
5.246214294568892988e+00 2.713729092488345943e-02 2.037753595883767116e-02 1.792173504401958772e-02
5.276893910326605486e+00 3.098609581579013506e-02 2.773298117957969169e-02 1.382099449382732936e-02
5.307573526084318871e+00 3.352652210096913887e-02 3.302184165975032004e-02 5.795313415610087865e-03
5.338253141842031368e+00 3.465225228857233414e-02 3.437483190982362075e-02 -4.376016435325439692e-03
5.368932757599743866e+00 3.442464577224053912e-02 3.132422655508314974e-02 -1.427757217702162879e-02
5.399612373357457251e+00 3.302722008849710150e-02 2.481377356198526812e-02 -2.179619022647185864e-02
5.430291989115169748e+00 3.074217478914980511e-02 1.667479161739334956e-02 -2.582697495416655387e-02
5.460971604872882246e+00 2.793518387690217819e-02 8.838256075190703553e-03 -2.650018354249060806e-02
5.491651220630595631e+00 2.503987881418768061e-02 2.626441462086070988e-03 -2.490175367871588774e-02
5.522330836388308128e+00 2.252376236665804346e-02 -1.605555297675512758e-03 -2.246646530577935119e-02
5.553010452146020626e+00 2.079979821030931986e-02 -4.382760887546505342e-03 -2.033280631374280445e-02
5.583690067903734011e+00 2.007056675510131630e-02 -6.675491467104144837e-03 -1.892790172057108589e-02
5.614369683661446508e+00 2.021244459501866930e-02 -9.344926971663294890e-03 -1.792247908077951313e-02
5.645049299419159894e+00 2.085245944261624601e-02 -1.271801990313118150e-02 -1.652504264894692071e-02
5.675728915176872391e+00 2.157099517217277856e-02 -1.645574148998548564e-02 -1.394691380674131613e-02
5.706408530934584888e+00 2.204335543210702089e-02 -1.973573099396513583e-02 -9.818881852840778690e-03
5.737088146692298274e+00 2.207619325477335609e-02 -2.163592488576786613e-02 -4.386919529637114956e-03
5.767767762450010771e+00 2.159224453160295612e-02 -2.153491411724310287e-02 1.572417843800266637e-03
5.798447378207723268e+00 2.060400638382503188e-02 -1.935957845737653130e-02 7.052077780157072102e-03
5.829126993965436654e+00 1.918984318623087604e-02 -1.559428152497909816e-02 1.118340132660127634e-02
5.859806609723149151e+00 1.747437428544245178e-02 -1.107486674849644630e-02 1.351669645922331554e-02
5.890486225480861648e+00 1.561199084106952573e-02 -6.675956905882649527e-03 1.411261341539675647e-02
5.921165841238575034e+00 1.377129219393275275e-02 -3.028955229884272484e-03 1.343405816966823652e-02
5.951845456996287531e+00 1.211655866983085347e-02 -3.761293797607356110e-04 1.211071924739129738e-02
5.982525072754000917e+00 1.078083730232654719e-02 1.404865808691323908e-03 1.068891037472041033e-02
