# r  chir_mag  chir_re  chir_im
0.000000000000000000e+00 5.922709335933330765e-02 -5.922709335933330765e-02 0.000000000000000000e+00
3.067961575771282340e-02 5.978895851627196584e-02 -5.951307147476651155e-02 5.737062323160058847e-03
6.135923151542564680e-02 6.125945615232719632e-02 -6.001261587139464920e-02 1.229662166415347938e-02
9.203884727313846326e-02 6.311638534959698732e-02 -5.986896930245582532e-02 1.998460943477316232e-02
1.227184630308512936e-01 6.480274103367039684e-02 -5.825516701004623127e-02 2.838539698698207270e-02
1.533980787885641239e-01 6.598382761241980421e-02 -5.490015401586886834e-02 3.660380575048735596e-02
1.840776945462769265e-01 6.670923565418551693e-02 -5.028845821007184996e-02 4.383141672840968478e-02
2.147573103039897569e-01 6.745995773600003964e-02 -4.538074814626806563e-02 4.991426244499561765e-02
2.454369260617025872e-01 6.904149534035106117e-02 -4.097219084613931694e-02 5.556984484501693855e-02
2.761165418194154175e-01 7.227616585364703139e-02 -3.703020225297599943e-02 6.206938272294629938e-02
3.067961575771282479e-01 7.758060837066713122e-02 -3.240668958034487179e-02 7.048799376919442916e-02
3.374757733348410782e-01 8.470724195644656340e-02 -2.515947385812109666e-02 8.088459504164251246e-02
3.681553890925538530e-01 9.283632542948896949e-02 -1.341103527808345207e-02 9.186254651390839132e-02
3.988350048502666834e-01 1.008833151532356892e-01 3.629982869847471743e-03 1.008179869897811859e-01
4.295146206079795137e-01 1.077972505770383588e-01 2.499775084980995765e-02 1.048587606469751354e-01
4.601942363656923440e-01 1.127718568392511583e-01 4.804778073389254223e-02 1.020240288437990611e-01
4.908738521234051744e-01 1.153963076755506467e-01 6.935043635035409437e-02 9.223244983825289178e-02
5.215534678811180047e-01 1.157818512345463180e-01 8.606003945896924245e-02 7.745390037705827957e-02
5.522330836388308350e-01 1.146689703875645727e-01 9.714204922667936393e-02 6.092942673114168373e-02
5.829126993965436654e-01 1.134600853651549779e-01 1.038418033275787661e-01 4.571729271014093876e-02
6.135923151542564957e-01 1.140279247977281363e-01 1.090858641193402229e-01 3.320605190342840879e-02
6.442719309119693261e-01 1.181269821243795398e-01 1.159991896035138387e-01 2.231976516770580593e-02
6.749515466696821564e-01 1.265599673300946970e-01 1.261739777489902237e-01 9.876875497441336624e-03
7.056311624273949867e-01 1.387415425706682581e-01 1.385134618657496430e-01 -7.952139136991387414e-03
7.363107781851077061e-01 1.530321441807703520e-01 1.492787273524111835e-01 -3.368528926116812205e-02
7.669903939428205364e-01 1.674242357957206606e-01 1.534459913389950303e-01 -6.697165425591734833e-02
7.976700097005333667e-01 1.800902572620621256e-01 1.468555373305899248e-01 -1.042398768037425955e-01
8.283496254582461971e-01 1.897194564742447631e-01 1.281930586053322829e-01 -1.398571124050996817e-01
8.590292412159590274e-01 1.957648882204152951e-01 9.981978841954437798e-02 -1.684039824345881786e-01
8.897088569736718577e-01 1.986925733486118451e-01 6.691347215276292892e-02 -1.870864130511751267e-01
9.203884727313846881e-01 2.002315297499964453e-01 3.513407239987940273e-02 -1.971249919787537719e-01
9.510680884890975184e-01 2.034619559192059612e-01 7.761665287307282189e-03 -2.033138560414334550e-01
9.817477042468103487e-01 2.123463890973376067e-01 -1.637811901344604290e-02 -2.117138308667133317e-01
1.012427320004523068e+00 2.303867032199933829e-01 -4.309369492273215640e-02 -2.263204950473637345e-01
1.043106935762236009e+00 2.590381197041506933e-01 -8.075105468612076010e-02 -2.461300766402615692e-01
1.073786551519948729e+00 2.972485896311531928e-01 -1.365744020402724079e-01 -2.640154479288129297e-01
1.104466167277661670e+00 3.423200508525796049e-01 -2.127667598389205716e-01 -2.681665958380345938e-01
1.135145783035374389e+00 3.910294619422987616e-01 -3.041298216990424019e-01 -2.457826105732307254e-01
1.165825398793087331e+00 4.403566423045878753e-01 -3.983625988574510113e-01 -1.876731527238468256e-01
1.196505014550800050e+00 4.878761864645082547e-01 -4.791408489825028649e-01 -9.190875994962618978e-02
1.227184630308512991e+00 5.320175096115560276e-01 -5.308606908411940273e-01 3.506504602723924113e-02
1.257864246066225711e+00 5.722951355729190004e-01 -5.431128585054221247e-01 1.804165877254504391e-01
1.288543861823938652e+00 6.095119589478611433e-01 -5.129508453963899095e-01 3.292206832925111959e-01
1.319223477581651371e+00 6.458664310778676754e-01 -4.439088892176383250e-01 4.691357424742059190e-01
1.349903093339364313e+00 6.848366713202546086e-01 -3.421965284618237457e-01 5.932139599619034032e-01
1.380582709097077032e+00 7.307008491264849193e-01 -2.119296662785728758e-01 6.992921760360391037e-01
1.411262324854789973e+00 7.876599838512420293e-01 -5.198496218124090684e-02 7.859426275928503847e-01
1.441941940612502693e+00 8.587765089231897964e-01 1.433442512463510010e-01 8.467287156539126114e-01
1.472621556370215412e+00 9.451496293070582588e-01 3.792290986404228126e-01 8.657327026996509689e-01
1.503301172127928353e+00 1.045657141295949222e+00 6.521628192588676542e-01 8.173631471503609580e-01
1.533980787885641073e+00 1.157248347375798847e+00 9.420692811601113492e-01 6.721080322377411820e-01
1.564660403643354014e+00 1.275517203970510938e+00 1.208656658835554065e+00 4.075453578158204637e-01
1.595340019401066733e+00 1.395292846579346158e+00 1.395128603469866446e+00 2.140811751918014413e-02
1.626019635158779675e+00 1.511124839194483371e+00 1.440000979325748220e+00 -4.581434919012156715e-01
1.656699250916492394e+00 1.617650714989360416e+00 1.294670172291982890e+00 -9.698571960258047797e-01
1.687378866674205335e+00 1.709873959602723037e+00 9.416729230828464470e-01 -1.427207435399669544e+00
1.718058482431918055e+00 1.783380440666493927e+00 4.073771214561070497e-01 -1.736228578576551884e+00
1.748738098189630996e+00 1.834509726057095724e+00 -2.362060228835662912e-01 -1.819239580086033925e+00
1.779417713947343715e+00 1.860487694733623742e+00 -8.828051652817063832e-01 -1.637702507297088994e+00
1.810097329705056657e+00 1.859521064427705150e+00 -1.414634564925270732e+00 -1.206908296752092102e+00
1.840776945462769376e+00 1.830852167184120249e+00 -1.730747571568970633e+00 -5.971034262093123379e-01
1.871456561220482318e+00 1.774772210393239291e+00 -1.772948984693353269e+00 8.042572013300866574e-02
1.902136176978195037e+00 1.692592383866166061e+00 -1.541453187026065930e+00 6.991359310813134442e-01
1.932815792735907978e+00 1.586573883231842563e+00 -1.095291296373203105e+00 1.147847404075331035e+00
1.963495408493620697e+00 1.459819831306775173e+00 -5.370149696307560117e-01 1.357456762578101550e+00
1.994175024251333417e+00 1.316133955246841625e+00 1.396164497995803708e-02 1.316059900089334489e+00
2.024854640009046136e+00 1.159852576817761660e+00 4.515903312073891174e-01 1.068327745923882022e+00
2.055534255766759077e+00 9.956579400485192632e-01 7.082375130271875152e-01 6.998102305073321538e-01
2.086213871524472019e+00 8.283822178454622875e-01 7.676328893744490678e-01 3.113789427581797331e-01
2.116893487282184960e+00 6.628131679811642973e-01 6.627620938679047446e-01 -8.228157816775832564e-03
2.147573103039897457e+00 5.035162248949593966e-01 4.604824081618408282e-01 -2.036775405044532472e-01
2.178252718797610399e+00 3.547025923106170708e-01 2.385606246247138351e-01 -2.624933472881516572e-01
2.208932334555323340e+00 2.202544751060232509e-01 6.268845158223976255e-02 -2.111449545749341516e-01
2.239611950313036282e+00 1.047845958148846679e-01 -2.966717412652518371e-02 -1.004971158762040379e-01
2.270291566070748779e+00 3.715189185933489430e-02 -3.456875332621343888e-02 1.361118518715846021e-02
2.300971181828461720e+00 9.124041289174478209e-02 2.405920842119727010e-02 8.801117789690954263e-02
2.331650797586174662e+00 1.488717296533789425e-01 1.076687249137475294e-01 1.028116606491525642e-01
2.362330413343887603e+00 1.891733408761260560e-01 1.784848572994261473e-01 6.268738799023665376e-02
2.393010029101600100e+00 2.119261007811563402e-01 2.116881964983235997e-01 -1.003890709151022791e-02
2.423689644859313042e+00 2.188317171603945677e-01 2.008750007308464924e-01 -8.681333144597867812e-02
2.454369260617025983e+00 2.124449425826479831e-01 1.561200843427967833e-01 -1.440811330249127664e-01
2.485048876374738480e+00 1.959418801340542249e-01 9.665623642827590734e-02 -1.704429298914721669e-01
2.515728492132451422e+00 1.730436696408040320e-01 4.178143981064826734e-02 -1.679238603954330833e-01
2.546408107890164363e+00 1.480277082569335101e-01 3.664916519074062646e-03 -1.479823327249170095e-01
2.577087723647877304e+00 1.257131971537831794e-01 -1.558407135420680593e-02 -1.247435154974115418e-01
2.607767339405589802e+00 1.108491682059258437e-01 -2.223132732857161648e-02 -1.085969897241887000e-01
2.638446955163302743e+00 1.059236720308907032e-01 -2.612232509138872824e-02 -1.026520746421011321e-01
2.669126570921015684e+00 1.088895092043420387e-01 -3.528915012904835363e-02 -1.030126259151371015e-01
2.699806186678728626e+00 1.147583259492094832e-01 -5.233861096980510497e-02 -1.021280724209382290e-01
2.730485802436441123e+00 1.190329766707244052e-01 -7.391785940598276372e-02 -9.330058732896909235e-02
2.761165418194154064e+00 1.190265918135168105e-01 -9.307340239579031671e-02 -7.419347225472630591e-02
2.791845033951867006e+00 1.136706700521358804e-01 -1.030937857297929000e-01 -4.788206944150479039e-02
2.822524649709579947e+00 1.031443569319630549e-01 -1.009368561611338755e-01 -2.122520754232490314e-02
2.853204265467292444e+00 8.873209702760119499e-02 -8.871878360574106392e-02 -1.537035599237206911e-03
2.883883881225005386e+00 7.305697702118126025e-02 -7.273980603918209220e-02 6.800184472172508474e-03
2.914563496982718327e+00 6.080609666245653799e-02 -6.065703963463599940e-02 4.254989316814420872e-03
2.945243112740430824e+00 5.833497553216789727e-02 -5.818656657254808739e-02 -4.158466163990833485e-03
2.975922728498143766e+00 6.773951443660991556e-02 -6.681996009638775658e-02 -1.112361222017521460e-02
3.006602344255856707e+00 8.408643026791678965e-02 -8.348009633800367035e-02 -1.007974556220823936e-02
3.037281960013569648e+00 1.021364208408310492e-01 -1.021103818245629458e-01 2.306162573911775364e-03
3.067961575771282146e+00 1.190431926797637929e-01 -1.163260541119377489e-01 2.528894735132126287e-02
3.098641191528995087e+00 1.336929932329722626e-01 -1.218376849749292085e-01 5.503993967603414833e-02
3.129320807286708028e+00 1.461494794600360358e-01 -1.175502153271362343e-01 8.684248512671322029e-02
3.160000423044420970e+00 1.573947667353542967e-01 -1.049320149382328149e-01 1.173131912304796326e-01
3.190680038802133467e+00 1.690790153061161316e-01 -8.610638509642791483e-02 1.455108376118820490e-01
3.221359654559846408e+00 1.830956694659754413e-01 -6.174646563501211272e-02 1.723699456366393490e-01
3.252039270317559350e+00 2.009864400689767017e-01 -2.996787405994504050e-02 1.987397182646881977e-01
3.282718886075272291e+00 2.234163006723166311e-01 1.304126304051332792e-02 2.230353533958487344e-01
3.313398501832984788e+00 2.500008767033332635e-01 7.073641923908445539e-02 2.397848980767298688e-01
3.344078117590697730e+00 2.795093320915039148e-01 1.431913350446197275e-01 2.400452213529319367e-01
3.374757733348410671e+00 3.102267348996378682e-01 2.247091748832867886e-01 2.138841129438150412e-01
3.405437349106123612e+00 3.402785018799023287e-01 3.033324844212997307e-01 1.542039647234553779e-01
3.436116964863836110e+00 3.678532077102719677e-01 3.628430696955053381e-01 6.050528238657460617e-02
3.466796580621549051e+00 3.913403198695558083e-01 3.868747816539338524e-01 -5.895039674020240150e-02
3.497476196379261992e+00 4.094137404960136450e-01 3.638824419505011232e-01 -1.876410918404531891e-01
3.528155812136974490e+00 4.210821287210598229e-01 2.912740137074454339e-01 -3.040881583801218202e-01
3.558835427894687431e+00 4.257164981343424248e-01 1.772031573520932157e-01 -3.870834248688735379e-01
3.589515043652400372e+00 4.230596886484426222e-01 3.927419852190394689e-02 -4.212327592789755215e-01
3.620194659410113314e+00 4.132199496521193893e-01 -9.954716864726405323e-02 -4.010499819284539247e-01
3.650874275167825811e+00 3.966503972114008847e-01 -2.165807292153585639e-01 -3.323015578364110212e-01
3.681553890925538752e+00 3.741164732502933465e-01 -2.948948874034400536e-01 -2.302175947675369483e-01
3.712233506683251694e+00 3.466541951600849436e-01 -3.269490971029593296e-01 -1.152103247354418630e-01
3.742913122440964635e+00 3.155226451236723406e-01 -3.154332327173764439e-01 -7.511010804432761111e-03
3.773592738198677132e+00 2.821545176463487459e-01 -2.712715673043761822e-01 7.760740042335535771e-02
3.804272353956390074e+00 2.481079697397547135e-01 -2.096569625719899299e-01 1.326707303570393293e-01
3.834951969714103015e+00 2.150197226703542963e-01 -1.455197889591927640e-01 1.582955215996588727e-01
3.865631585471815956e+00 1.845490581443072764e-01 -8.985897254837109382e-02 1.611946646589210164e-01
3.896311201229528454e+00 1.582781382212944121e-01 -4.790843459145804895e-02 1.508534087576252347e-01
3.926990816987241395e+00 1.374994395048397267e-01 -1.938601189790878712e-02 1.361259652191278979e-01
3.957670432744954336e+00 1.228383025754414409e-01 -3.554892396553287421e-04 1.228377881883917222e-01
3.988350048502666834e+00 1.138590958062232344e-01 1.422560300554007173e-02 1.129669239952097309e-01
4.019029664260379775e+00 1.090708462998232070e-01 2.827091894618207618e-02 1.053432705705403122e-01
4.049709280018092272e+00 1.065105813858817918e-01 4.335195789150386725e-02 9.728880559515480642e-02
4.080388895775805658e+00 1.044595321847007763e-01 5.871919991745719325e-02 8.639357282402569671e-02
4.111068511533518155e+00 1.018246869901838630e-01 7.227732089921125314e-02 7.172346731915127394e-02
4.141748127291231540e+00 9.817701529934172444e-02 8.192529737800273437e-02 5.410149704595055425e-02
4.172427743048944038e+00 9.363843730231467821e-02 8.663612474345629144e-02 3.552940795813798458e-02
4.203107358806656535e+00 8.873716825909229444e-02 8.686141117192235084e-02 1.814883687360427031e-02
4.233786974564369920e+00 8.425052991547839210e-02 8.418718041309526667e-02 3.266564729477824513e-03
4.264466590322082418e+00 8.100490486313689786e-02 8.048845558262468503e-02 -9.132531402065552015e-03
4.295146206079794915e+00 7.961882224006888720e-02 7.700892085240886031e-02 -2.021838183542679773e-02
4.325825821837508300e+00 8.026724624786772677e-02 7.377673294909049828e-02 -3.162000151129693015e-02
4.356505437595220798e+00 8.261904543434744896e-02 6.958882585954305477e-02 -4.453427875213607223e-02
4.387185053352934183e+00 8.599778756123946377e-02 6.254384403869002462e-02 -5.902446135537443850e-02
4.417864669110646680e+00 8.963252100889426699e-02 5.088531394749227360e-02 -7.378803186747172338e-02
4.448544284868359178e+00 9.284559147370932686e-02 3.381257853928109486e-02 -8.646972527207354153e-02
4.479223900626072563e+00 9.513656514636235906e-02 1.195410247902443587e-02 -9.438254850219415792e-02
4.509903516383785060e+00 9.619538170745486894e-02 -1.265441553971012080e-02 -9.535941080560055017e-02
4.540583132141497558e+00 9.588331443043192348e-02 -3.705442723571354680e-02 -8.843403987378550823e-02
4.571262747899210943e+00 9.420357469701821918e-02 -5.812115379425256828e-02 -7.413666412323616228e-02
4.601942363656923440e+00 9.127057216533730755e-02 -7.333002322959722430e-02 -5.434174303916629312e-02
4.632621979414635938e+00 8.728083229523209141e-02 -8.129769961469740513e-02 -3.175889991021189213e-02
4.663301595172349323e+00 8.248636870214108574e-02 -8.196495367727697767e-02 -9.259988679658274352e-03
4.693981210930061820e+00 7.717058108760445345e-02 -7.641928972592135216e-02 1.074200834035350660e-02
4.724660826687775206e+00 7.162642289877739488e-02 -6.646502796724472473e-02 2.669727541506585269e-02
4.755340442445487703e+00 6.613630697245197199e-02 -5.410449319770945648e-02 3.803570580091041042e-02
4.786020058203200200e+00 6.095304707934279254e-02 -4.108802094442974562e-02 4.502275517032117147e-02
4.816699673960913586e+00 5.628142256576167818e-02 -2.863736457394295068e-02 4.845100490479949812e-02
4.847379289718626083e+00 5.226119180515630819e-02 -1.737418492640682710e-02 4.928863831592789069e-02
4.878058905476338580e+00 4.895460809764447252e-02 -7.420245417194140138e-03 4.838898234043125662e-02
4.908738521234051966e+00 4.634338276598896911e-02 1.403117237894363663e-03 4.632213712914902415e-02
4.939418136991764463e+00 4.433904963426422291e-02 9.356821926626427907e-03 4.334052613782104352e-02
4.970097752749476960e+00 4.280573993826754242e-02 1.661130767967916935e-02 3.945118285721766621e-02
5.000777368507190346e+00 4.158857363038187538e-02 2.315436200484427207e-02 3.454685190807287726e-02
5.031456984264902843e+00 4.053904688826964753e-02 2.878490052358752271e-02 2.854546942084673633e-02
5.062136600022616229e+00 3.953198101680707038e-02 3.317546717539127110e-02 2.149804411586622027e-02
5.092816215780328726e+00 3.847339335445003339e-02 3.597369771104882985e-02 1.364166665771891600e-02
5.123495831538041223e+00 3.730166653431898904e-02 3.690992327232155840e-02 5.391835519456118081e-03
5.154175447295754608e+00 3.598497284687899450e-02 3.588226475794323300e-02 -2.716863381085514190e-03
5.184855063053467106e+00 3.451714240153313379e-02 3.299962195021707151e-02 -1.012215741383565813e-02
5.215534678811179603e+00 3.291315801579417638e-02 2.857479235560822159e-02 -1.633270376901848134e-02
5.246214294568892988e+00 3.120473095264047342e-02 2.307241142086310925e-02 -2.100949940034516766e-02
5.276893910326605486e+00 2.943603145345539615e-02 1.702700871418325393e-02 -2.401168303089025111e-02
5.307573526084318871e+00 2.765951522020885026e-02 1.095271988139010291e-02 -2.539855723100756940e-02
5.338253141842031368e+00 2.593178024797976669e-02 5.266424314307264695e-03 -2.539137652375677776e-02
5.368932757599743866e+00 2.430942027287949850e-02 2.403870864880824573e-04 -2.430823169323788335e-02
5.399612373357457251e+00 2.284487142369303822e-02 -4.009018824211215380e-03 -2.249035167426661347e-02
5.430291989115169748e+00 2.158228752784197707e-02 -7.499834334425238731e-03 -2.023728291768980836e-02
5.460971604872882246e+00 2.055357685184892522e-02 -1.034063005405434083e-02 -1.776290774310467641e-02
5.491651220630595631e+00 1.977492990863256514e-02 -1.267702860745797966e-02 -1.517698252542390783e-02
5.522330836388308128e+00 1.924440636710400901e-02 -1.463988454435434516e-02 -1.249083491805924075e-02
5.553010452146020626e+00 1.894122940862375676e-02 -1.630300887517176570e-02 -9.642721251087997547e-03
5.583690067903734011e+00 1.882716084957491987e-02 -1.765560577380090659e-02 -6.537703757122583989e-03
5.614369683661446508e+00 1.884976898403827386e-02 -1.859364250993913309e-02 -3.096812710545407236e-03
5.645049299419159894e+00 1.894691500001674522e-02 -1.893430007897253450e-02 6.912803608379108292e-04
5.675728915176872391e+00 1.905167933673046488e-02 -1.845613511720316235e-02 4.726263014808072815e-03
5.706408530934584888e+00 1.909718405804304575e-02 -1.696256178828160072e-02 8.773479157409690143e-03
5.737088146692298274e+00 1.902107305004827401e-02 -1.435772860583834146e-02 1.247625141043431050e-02
5.767767762450010771e+00 1.876959393311447566e-02 -1.071468156708042449e-02 1.541081617988076038e-02
5.798447378207723268e+00 1.830127148077499363e-02 -6.310747145417842062e-03 1.717879530932331020e-02
5.829126993965436654e+00 1.759015627484353597e-02 -1.608893608758196541e-03 1.751642255510851842e-02
5.859806609723149151e+00 1.662865641445875758e-02 2.822069340039334764e-03 1.638743844504473787e-02
5.890486225480861648e+00 1.543006480103427044e-02 6.434478749806786524e-03 1.402442094998583751e-02
5.921165841238575034e+00 1.403111225238827184e-02 8.841445232335843132e-03 1.089499689044132018e-02
5.951845456996287531e+00 1.249521962196009986e-02 9.923595300315210532e-03 7.592942098855923541e-03
5.982525072754000917e+00 1.091743835772587649e-02 9.862568160635716910e-03 4.681902345367629399e-03
