# PATH  Rmax= 9.000,  Keep_limit= 0.00, Heap_limit 0.00  Pwcrit= 2.50%
 -----------------------------------------------------------------------
  pathindex     sig2   amp ratio    deg    nlegs  r effective
        1     0.00000     0.1000E+03     1.000     2   2.3530
        2     0.00000     0.9880E+02     1.000     2   2.3639
        3     0.00000     0.9845E+02     1.000     2   2.3670
        4     0.00000     0.9833E+02     1.000     2   2.3681
        5     0.00000     0.1275E+02     1.000     2   3.0440
        6     0.00000     0.1241E+02     1.000     2   3.0752
        7     0.00000     0.1219E+02     1.000     2   3.0956
        8     0.00000     0.1080E+02     1.000     2   3.2396
        9     0.00000     0.3933E+02     1.000     2   3.2761
       10     0.00000     0.3905E+02     1.000     2   3.2846
       11     0.00000     0.1018E+02     1.000     2   3.3118
       12     0.00000     0.3811E+02     1.000     2   3.3140
       13     0.00000     0.3741E+02     1.000     2   3.3365
       14     0.00000     0.9141E+01     1.000     2   3.4468
       15     0.00000     0.2923E+02     1.000     2   3.6503
       16     0.00000     0.7499E+01     1.000     2   3.7062
       17     0.00000     0.1531E+02     2.000     3   3.7065
       18     0.00000     0.4387E+02     2.000     3   3.7279
       19     0.00000     0.7338E+01     1.000     2   3.7356
       20     0.00000     0.4346E+02     2.000     3   3.7366
       21     0.00000     0.1439E+02     2.000     3   3.7514
       22     0.00000     0.4301E+02     2.000     3   3.7536
       23     0.00000     0.4285E+02     2.000     3   3.7642
       24     0.00000     0.1132E+02     2.000     3   3.8344
       25     0.00000     0.9785E+01     2.000     3   3.8446
       26     0.00000     0.7773E+01     2.000     3   3.9026
       27     0.00000     0.1948E+02     2.000     3   3.9094
       28     0.00000     0.2387E+02     1.000     2   3.9237
       29     0.00000     0.7586E+01     2.000     3   3.9360
       30     0.00000     0.7309E+01     2.000     3   4.0068
       31     0.00000     0.7177E+01     2.000     3   4.0413
       32     0.00000     0.2149E+02     1.000     2   4.0716
       33     0.00000     0.5678E+01     1.000     2   4.0964
       34     0.00000     0.2100E+02     1.000     2   4.1043
       35     0.00000     0.8362E+01     1.000     4   4.1370
       36     0.00000     0.5474E+01     1.000     2   4.1501
       37     0.00000     0.2705E+01     2.000     4   4.1584
       38     0.00000     0.8668E+01     1.000     4   4.1685
       39     0.00000     0.1554E+02     1.000     4   4.1797
       40     0.00000     0.5334E+01     1.000     2   4.1884
       41     0.00000     0.1531E+02     1.000     4   4.1887
       42     0.00000     0.7976E+01     1.000     4   4.1889
       43     0.00000     0.2953E+01     2.000     4   4.1910
       44     0.00000     0.1427E+02     1.000     4   4.1918
       45     0.00000     0.1471E+02     1.000     4   4.1931
       46     0.00000     0.8940E+01     2.000     3   4.2231
       47     0.00000     0.2039E+02     2.000     3   4.2251
       48     0.00000     0.1326E+02     2.000     3   4.2315
       49     0.00000     0.9282E+01     2.000     3   4.2435
       50     0.00000     0.1920E+02     2.000     3   4.2597
       52     0.00000     0.9630E+01     2.000     3   4.2659
       53     0.00000     0.5032E+01     1.000     2   4.2755
       54     0.00000     0.5019E+01     1.000     2   4.2792
       56     0.00000     0.1870E+02     2.000     3   4.2979
       57     0.00000     0.1034E+02     2.000     3   4.3240
       58     0.00000     0.2177E+02     2.000     3   4.3268
       59     0.00000     0.6934E+01     1.000     4   4.3322
       60     0.00000     0.1094E+02     2.000     3   4.3364
       61     0.00000     0.1992E+02     2.000     3   4.3546
       62     0.00000     0.1092E+02     2.000     3   4.3543
       63     0.00000     0.1868E+02     1.000     4   4.3693
       64     0.00000     0.2579E+02     1.000     4   4.3780
       65     0.00000     0.1676E+02     2.000     3   4.3876
       66     0.00000     0.6397E+01     1.000     4   4.4047
       67     0.00000     0.1819E+02     1.000     4   4.4074
       68     0.00000     0.1537E+02     2.000     3   4.4078
       69     0.00000     0.8589E+01     2.000     3   4.4198
       70     0.00000     0.2175E+02     1.000     4   4.4300
       71     0.00000     0.1770E+02     2.000     3   4.4318
       72     0.00000     0.9690E+01     2.000     3   4.4352
       73     0.00000     0.4523E+01     1.000     2   4.4383
       74     0.00000     0.8141E+01     2.000     3   4.4501
       75     0.00000     0.9507E+01     2.000     3   4.4661
       76     0.00000     0.1713E+02     2.000     3   4.4670
       77     0.00000     0.3312E+01     2.000     3   4.4692
       78     0.00000     0.3365E+01     2.000     3   4.4760
       79     0.00000     0.8262E+01     2.000     3   4.4766
       80     0.00000     0.5162E+01     2.000     4   4.4842
       81     0.00000     0.9334E+01     2.000     3   4.5152
       82     0.00000     0.9373E+01     2.000     3   4.5173
       83     0.00000     0.3259E+01     2.000     3   4.5194
       84     0.00000     0.6287E+01     1.000     4   4.5392
       85     0.00000     0.1513E+02     2.000     3   4.5480
       86     0.00000     0.1598E+02     2.000     4   4.5597
       87     0.00000     0.2204E+02     2.000     4   4.5665
       88     0.00000     0.4129E+01     1.000     2   4.5811
       89     0.00000     0.6602E+01     2.000     4   4.5856
       90     0.00000     0.1619E+02     2.000     4   4.5861
       91     0.00000     0.2040E+02     2.000     4   4.5927
       92     0.00000     0.1543E+02     2.000     3   4.6109
       93     0.00000     0.6387E+01     2.000     4   4.6288
       94     0.00000     0.6029E+01     2.000     3   4.6342
       95     0.00000     0.1520E+02     2.000     3   4.6349
       96     0.00000     0.2966E+01     2.000     3   4.6386
       97     0.00000     0.4851E+01     2.000     3   4.6556
       98     0.00000     0.3935E+01     1.000     2   4.6582
       99     0.00000     0.1598E+02     2.000     3   4.6634
      100     0.00000     0.2859E+01     2.000     3   4.6733
      101     0.00000     0.5764E+01     2.000     3   4.6768
      102     0.00000     0.9975E+01     2.000     4   4.6772
      103     0.00000     0.4148E+01     2.000     4   4.6789
      104     0.00000     0.3915E+01     2.000     4   4.6902
      105     0.00000     0.3854E+01     1.000     2   4.6914
      106     0.00000     0.5570E+01     2.000     4   4.6953
      107     0.00000     0.8864E+01     1.000     4   4.7061
      108     0.00000     0.1323E+02     2.000     4   4.7116
      109     0.00000     0.3079E+01     2.000     3   4.7144
      110     0.00000     0.6511E+01     2.000     4   4.7140
      111     0.00000     0.3289E+01     2.000     4   4.7169
      112     0.00000     0.2813E+01     2.000     4   4.7200
      113     0.00000     0.5092E+01     2.000     4   4.7211
      114     0.00000     0.6820E+01     2.000     4   4.7246
      115     0.00000     0.8060E+01     2.000     3   4.7275
      116     0.00000     0.8651E+01     1.000     4   4.7277
      117     0.00000     0.4372E+01     2.000     4   4.7309
      119     0.00000     0.8590E+01     1.000     4   4.7340
      120     0.00000     0.5184E+01     2.000     4   4.7351
      121     0.00000     0.3747E+01     2.000     4   4.7353
      122     0.00000     0.8569E+01     1.000     4   4.7361
      123     0.00000     0.1326E+02     2.000     4   4.7375
      124     0.00000     0.3748E+01     1.000     4   4.7433
      125     0.00000     0.1701E+02     1.000     4   4.7458
      126     0.00000     0.3165E+01     1.000     4   4.7500
      127     0.00000     0.4754E+01     1.000     4   4.7549
      128     0.00000     0.4809E+01     1.000     4   4.7553
      129     0.00000     0.3402E+01     1.000     4   4.7647
      130     0.00000     0.3263E+01     2.000     3   4.7717
      131     0.00000     0.1479E+02     2.000     4   4.7788
      132     0.00000     0.1446E+02     2.000     4   4.7822
      133     0.00000     0.6339E+01     1.000     4   4.7920
      134     0.00000     0.2822E+01     2.000     4   4.7926
      135     0.00000     0.6425E+01     2.000     4   4.7954
      136     0.00000     0.6507E+01     2.000     4   4.7968
      137     0.00000     0.5054E+01     1.000     4   4.7989
      138     0.00000     0.5740E+01     1.000     4   4.7999
      139     0.00000     0.8862E+01     2.000     5   4.7998
      140     0.00000     0.6778E+01     2.000     4   4.8152
      141     0.00000     0.3564E+01     1.000     2   4.8192
      142     0.00000     0.2861E+02     2.000     5   4.8212
      143     0.00000     0.4955E+01     1.000     4   4.8279
      144     0.00000     0.6342E+01     2.000     4   4.8288
      145     0.00000     0.6117E+01     1.000     4   4.8298
      147     0.00000     0.3830E+02     2.000     5   4.8301
      148     0.00000     0.8465E+01     2.000     5   4.8448
      149     0.00000     0.2860E+02     2.000     5   4.8470
      150     0.00000     0.3005E+01     1.000     4   4.8514
      151     0.00000     0.3427E+01     2.000     4   4.8524
      152     0.00000     0.3465E+02     2.000     5   4.8576
      153     0.00000     0.6197E+01     2.000     4   4.8622
      154     0.00000     0.7863E+01     2.000     4   4.8836
      155     0.00000     0.5024E+01     2.000     4   4.8854
      156     0.00000     0.3286E+01     2.000     4   4.8868
      157     0.00000     0.5972E+01     2.000     4   4.9045
      158     0.00000     0.7576E+01     2.000     4   4.9066
      159     0.00000     0.4077E+01     2.000     3   4.9073
      160     0.00000     0.8196E+01     2.000     3   4.9114
      161     0.00000     0.3369E+01     1.000     2   4.9126
      162     0.00000     0.1289E+02     2.000     3   4.9193
      163     0.00000     0.3783E+01     2.000     4   4.9225
      164     0.00000     0.8575E+01     2.000     5   4.9278
      165     0.00000     0.5708E+01     2.000     5   4.9363
      166     0.00000     0.8866E+01     2.000     5   4.9381
      167     0.00000     0.3305E+01     1.000     2   4.9447
      168     0.00000     0.8046E+01     2.000     3   4.9444
      169     0.00000     0.3666E+01     2.000     3   4.9685
      170     0.00000     0.7558E+01     2.000     4   4.9711
      171     0.00000     0.3278E+01     2.000     5   4.9901
      172     0.00000     0.6227E+01     2.000     4   4.9945
      173     0.00000     0.5256E+01     2.000     4   4.9947
      174     0.00000     0.7309E+01     2.000     4   4.9977
      175     0.00000     0.4461E+01     2.000     5   5.0024
      176     0.00000     0.1184E+02     2.000     5   5.0026
      177     0.00000     0.4855E+01     2.000     3   5.0048
      178     0.00000     0.9184E+01     2.000     5   5.0048
      179     0.00000     0.6819E+01     2.000     4   5.0119
      180     0.00000     0.1182E+02     2.000     5   5.0115
      181     0.00000     0.4281E+01     2.000     3   5.0153
      182     0.00000     0.4096E+01     1.000     4   5.0167
      183     0.00000     0.1667E+02     2.000     5   5.0185
      184     0.00000     0.1286E+02     1.000     4   5.0193
      185     0.00000     0.1632E+02     2.000     5   5.0203
      186     0.00000     0.3244E+01     2.000     5   5.0235
      187     0.00000     0.1236E+02     2.000     5   5.0256
      189     0.00000     0.4833E+01     2.000     3   5.0326
      190     0.00000     0.3219E+01     2.000     4   5.0353
      191     0.00000     0.1107E+02     2.000     3   5.0399
      192     0.00000     0.5988E+01     2.000     4   5.0395
      194     0.00000     0.4582E+01     2.000     3   5.0482
      195     0.00000     0.1085E+02     2.000     3   5.0724
      196     0.00000     0.4477E+01     2.000     3   5.0833
      197     0.00000     0.5760E+01     2.000     4   5.0900
      198     0.00000     0.3435E+01     2.000     5   5.0905
      199     0.00000     0.2820E+01     2.000     4   5.0952
      200     0.00000     0.9330E+01     2.000     4   5.0976
      201     0.00000     0.6240E+01     1.000     4   5.1028
      202     0.00000     0.6192E+01     1.000     4   5.1094
      204     0.00000     0.4811E+01     2.000     4   5.1186
      205     0.00000     0.4281E+01     2.000     4   5.1194
      206     0.00000     0.5847E+01     2.000     5   5.1230
      207     0.00000     0.3320E+01     2.000     5   5.1265
      208     0.00000     0.6143E+01     1.000     4   5.1391
      209     0.00000     0.3133E+01     1.000     4   5.1502
      210     0.00000     0.4740E+01     2.000     3   5.1594
      211     0.00000     0.6136E+01     1.000     4   5.1614
      212     0.00000     0.4787E+01     1.000     4   5.1646
      213     0.00000     0.3021E+01     1.000     4   5.1656
      214     0.00000     0.1008E+02     1.000     4   5.1671
      215     0.00000     0.5437E+01     2.000     3   5.1765
      216     0.00000     0.5565E+01     2.000     4   5.1913
      218     0.00000     0.4367E+01     2.000     4   5.1964
      219     0.00000     0.4708E+01     1.000     4   5.1973
      220     0.00000     0.9856E+01     1.000     4   5.2001
      221     0.00000     0.5290E+01     2.000     3   5.2119
      222     0.00000     0.8074E+01     2.000     5   5.2224
      224     0.00000     0.2965E+01     2.000     4   5.2270
      225     0.00000     0.8639E+01     2.000     4   5.2382
      226     0.00000     0.1128E+02     2.000     5   5.2438
      227     0.00000     0.5719E+01     2.000     5   5.2473
      228     0.00000     0.4295E+01     2.000     4   5.2514
      230     0.00000     0.6134E+01     2.000     6   5.2517
      231     0.00000     0.6281E+01     2.000     5   5.2520
      232     0.00000     0.2985E+01     2.000     4   5.2576
      233     0.00000     0.3779E+01     2.000     4   5.2577
      234     0.00000     0.6113E+01     2.000     4   5.2580
      235     0.00000     0.9669E+01     2.000     4   5.2595
      237     0.00000     0.7842E+01     2.000     5   5.2672
      238     0.00000     0.5831E+01     2.000     5   5.2684
      239     0.00000     0.1113E+02     2.000     5   5.2693
      240     0.00000     0.6537E+01     2.000     4   5.2716
      241     0.00000     0.3811E+01     1.000     6   5.2727
      242     0.00000     0.1195E+02     1.000     6   5.2730
      243     0.00000     0.2722E+01     2.000     4   5.2751
      244     0.00000     0.3246E+01     2.000     4   5.2746
      245     0.00000     0.5451E+01     2.000     5   5.2790
      247     0.00000     0.1607E+02     1.000     6   5.2822
      250     0.00000     0.6034E+01     2.000     6   5.2844
      251     0.00000     0.6073E+01     2.000     4   5.2855
      252     0.00000     0.1520E+02     1.000     6   5.2853
      253     0.00000     0.3792E+01     1.000     6   5.2864
      254     0.00000     0.1220E+02     1.000     6   5.2865
      255     0.00000     0.5486E+01     2.000     4   5.3014
      256     0.00000     0.1011E+02     2.000     4   5.3038
      258     0.00000     0.6385E+01     2.000     4   5.3071
      259     0.00000     0.4049E+01     2.000     4   5.3078
      260     0.00000     0.4990E+01     2.000     5   5.3181
      261     0.00000     0.2149E+02     2.000     5   5.3186
      263     0.00000     0.2077E+02     2.000     5   5.3206
      264     0.00000     0.3799E+01     2.000     4   5.3229
      265     0.00000     0.3926E+01     2.000     5   5.3244
      266     0.00000     0.6771E+01     2.000     5   5.3271
      267     0.00000     0.5145E+01     2.000     3   5.3297
      268     0.00000     0.5370E+01     2.000     4   5.3362
      269     0.00000     0.9823E+01     2.000     4   5.3396
      270     0.00000     0.3932E+01     2.000     3   5.3475
      271     0.00000     0.8005E+01     2.000     5   5.3491
      272     0.00000     0.5517E+01     2.000     5   5.3492
      274     0.00000     0.7255E+01     2.000     5   5.3518
      275     0.00000     0.1302E+02     2.000     5   5.3530
      276     0.00000     0.3723E+01     2.000     4   5.3534
      278     0.00000     0.3065E+01     2.000     4   5.3548
      279     0.00000     0.6324E+01     2.000     6   5.3554
      280     0.00000     0.4298E+01     2.000     5   5.3600
      281     0.00000     0.3596E+01     2.000     3   5.3624
      282     0.00000     0.3062E+01     2.000     4   5.3750
      283     0.00000     0.8141E+01     2.000     4   5.3831
      285     0.00000     0.6302E+01     2.000     6   5.3902
      286     0.00000     0.1268E+02     2.000     5   5.3913
      287     0.00000     0.3224E+01     2.000     4   5.3949
      288     0.00000     0.2976E+01     2.000     4   5.3946
      289     0.00000     0.8283E+01     2.000     4   5.4001
      291     0.00000     0.4491E+01     2.000     4   5.4110
      292     0.00000     0.4190E+01     2.000     3   5.4112
      293     0.00000     0.6550E+01     2.000     4   5.4154
      294     0.00000     0.1442E+02     2.000     5   5.4202
      295     0.00000     0.3603E+01     2.000     5   5.4229
      296     0.00000     0.3212E+01     2.000     4   5.4244
      297     0.00000     0.5281E+01     2.000     4   5.4282
      299     0.00000     0.8066E+01     2.000     4   5.4351
      300     0.00000     0.5792E+01     2.000     5   5.4347
      301     0.00000     0.3673E+01     2.000     5   5.4372
      302     0.00000     0.3811E+01     2.000     5   5.4395
      303     0.00000     0.2673E+01     1.000     4   5.4405
      304     0.00000     0.4730E+01     2.000     4   5.4411
      306     0.00000     0.1331E+02     2.000     5   5.4480
      307     0.00000     0.6392E+01     2.000     4   5.4510
      308     0.00000     0.6961E+01     2.000     3   5.4575
      309     0.00000     0.3814E+01     2.000     4   5.4594
      310     0.00000     0.8431E+01     2.000     3   5.4607
      311     0.00000     0.1473E+02     1.000     6   5.4626
      312     0.00000     0.8436E+01     2.000     3   5.4681
      313     0.00000     0.4638E+01     2.000     6   5.4709
      314     0.00000     0.1984E+02     1.000     6   5.4715
      315     0.00000     0.7689E+01     2.000     3   5.4722
      317     0.00000     0.6350E+01     2.000     5   5.4805
      318     0.00000     0.1757E+02     2.000     5   5.4810
      319     0.00000     0.1829E+02     2.000     5   5.4832
      320     0.00000     0.2917E+01     2.000     4   5.4932
      321     0.00000     0.1434E+02     1.000     6   5.5008
      322     0.00000     0.1399E+02     2.000     5   5.5033
      323     0.00000     0.6257E+01     2.000     5   5.5128
      324     0.00000     0.5393E+01     2.000     5   5.5153
      325     0.00000     0.1690E+02     1.000     6   5.5234
      326     0.00000     0.8797E+01     2.000     5   5.5248
      327     0.00000     0.1521E+02     2.000     5   5.5250
      328     0.00000     0.1708E+02     2.000     5   5.5274
      329     0.00000     0.3761E+01     2.000     5   5.5283
      330     0.00000     0.5385E+01     2.000     5   5.5308
      331     0.00000     0.5326E+01     2.000     5   5.5333
      332     0.00000     0.5836E+01     2.000     4   5.5436
      333     0.00000     0.5552E+01     2.000     5   5.5433
      334     0.00000     0.4816E+01     2.000     4   5.5462
      335     0.00000     0.7913E+01     2.000     5   5.5497
      336     0.00000     0.1200E+02     2.000     5   5.5546
      337     0.00000     0.6557E+01     2.000     5   5.5592
      338     0.00000     0.3685E+01     2.000     5   5.5591
      339     0.00000     0.1482E+02     2.000     5   5.5604
      340     0.00000     0.8596E+01     2.000     5   5.5600
      341     0.00000     0.1191E+02     2.000     5   5.5615
      342     0.00000     0.5258E+01     2.000     5   5.5619
      343     0.00000     0.1659E+02     2.000     5   5.5628
      344     0.00000     0.5857E+01     2.000     5   5.5642
      345     0.00000     0.5629E+01     2.000     5   5.5700
      346     0.00000     0.5189E+01     2.000     5   5.5765
      347     0.00000     0.1474E+02     2.000     6   5.5777
      348     0.00000     0.1196E+02     2.000     5   5.5786
      349     0.00000     0.5832E+01     2.000     4   5.5792
      350     0.00000     0.4291E+01     2.000     4   5.5804
      351     0.00000     0.4674E+01     2.000     4   5.5837
      352     0.00000     0.3997E+01     2.000     4   5.5871
      353     0.00000     0.1211E+02     2.000     5   5.5890
      354     0.00000     0.5760E+01     2.000     4   5.6030
      355     0.00000     0.1004E+02     2.000     4   5.6086
      356     0.00000     0.6222E+01     2.000     5   5.6086
      357     0.00000     0.6270E+01     2.000     5   5.6107
      358     0.00000     0.3151E+01     2.000     4   5.6153
      359     0.00000     0.1009E+02     2.000     4   5.6183
      360     0.00000     0.4449E+01     2.000     5   5.6183
      362     0.00000     0.4267E+01     2.000     4   5.6284
      363     0.00000     0.4879E+01     2.000     4   5.6291
      364     0.00000     0.3873E+01     2.000     5   5.6312
      365     0.00000     0.7195E+01     2.000     4   5.6376
      366     0.00000     0.9053E+01     2.000     4   5.6387
      367     0.00000     0.7209E+01     2.000     4   5.6431
      368     0.00000     0.1229E+02     2.000     5   5.6436
      369     0.00000     0.3981E+01     2.000     4   5.6448
      370     0.00000     0.2727E+01     2.000     5   5.6477
      371     0.00000     0.4435E+01     2.000     5   5.6482
      372     0.00000     0.4799E+01     2.000     4   5.6484
      373     0.00000     0.4201E+01     2.000     4   5.6515
      374     0.00000     0.1249E+02     2.000     6   5.6529
      376     0.00000     0.1070E+02     2.000     5   5.6558
      377     0.00000     0.5622E+01     2.000     5   5.6593
      378     0.00000     0.4751E+01     2.000     5   5.6592
      379     0.00000     0.1682E+02     2.000     6   5.6599
      380     0.00000     0.2727E+01     2.000     5   5.6603
      381     0.00000     0.5124E+01     2.000     5   5.6617
      382     0.00000     0.5022E+01     2.000     5   5.6637
      383     0.00000     0.8743E+01     2.000     5   5.6640
      384     0.00000     0.6612E+01     2.000     5   5.6648
      386     0.00000     0.3934E+01     2.000     4   5.6690
      387     0.00000     0.4472E+01     2.000     5   5.6695
      388     0.00000     0.6286E+01     2.000     5   5.6724
      389     0.00000     0.9068E+01     2.000     6   5.6743
      390     0.00000     0.6243E+01     2.000     4   5.6779
      391     0.00000     0.1263E+02     2.000     6   5.6795
      392     0.00000     0.4700E+01     2.000     4   5.6821
      393     0.00000     0.1563E+02     2.000     6   5.6861
      394     0.00000     0.7850E+01     2.000     5   5.6871
      395     0.00000     0.6806E+01     2.000     5   5.6903
      396     0.00000     0.5531E+01     2.000     5   5.6923
      397     0.00000     0.1037E+02     2.000     5   5.6932
      398     0.00000     0.5774E+01     1.000     6   5.6956
      399     0.00000     0.4900E+01     2.000     5   5.6986
      400     0.00000     0.4982E+01     2.000     5   5.6989
      401     0.00000     0.5301E+01     2.000     4   5.7004
      403     0.00000     0.8438E+01     2.000     5   5.7023
      404     0.00000     0.4651E+01     2.000     4   5.7035
      405     0.00000     0.3280E+01     1.000     6   5.7041
      406     0.00000     0.2922E+01     2.000     4   5.7046
      407     0.00000     0.1099E+02     2.000     5   5.7064
      408     0.00000     0.4195E+01     1.000     6   5.7067
      409     0.00000     0.8933E+01     2.000     6   5.7068
      410     0.00000     0.5845E+01     1.000     6   5.7089
      412     0.00000     0.8515E+01     2.000     5   5.7153
      413     0.00000     0.5554E+01     2.000     4   5.7211
      414     0.00000     0.2972E+01     2.000     5   5.7215
      416     0.00000     0.7293E+01     2.000     5   5.7233
      418     0.00000     0.3817E+01     2.000     5   5.7273
      419     0.00000     0.1085E+02     2.000     5   5.7307
      420     0.00000     0.3648E+01     2.000     5   5.7319
      423     0.00000     0.3118E+01     2.000     5   5.7485
      424     0.00000     0.7786E+01     2.000     5   5.7556
      425     0.00000     0.2963E+01     2.000     5   5.7555
      427     0.00000     0.1060E+02     2.000     5   5.7589
      428     0.00000     0.3700E+01     2.000     5   5.7698
      430     0.00000     0.1598E+02     2.000     6   5.7727
      431     0.00000     0.3546E+01     2.000     5   5.7736
      432     0.00000     0.9233E+01     2.000     5   5.7756
      433     0.00000     0.7092E+01     2.000     6   5.7768
      434     0.00000     0.7630E+01     2.000     5   5.7791
      435     0.00000     0.5470E+01     2.000     4   5.7806
      436     0.00000     0.4124E+01     2.000     6   5.7878
      437     0.00000     0.1201E+02     2.000     6   5.7888
      438     0.00000     0.3247E+01     2.000     3   5.7966
      439     0.00000     0.6093E+01     2.000     5   5.8093
      440     0.00000     0.3925E+01     2.000     4   5.8107
      441     0.00000     0.6941E+01     2.000     5   5.8107
      442     0.00000     0.5189E+01     2.000     6   5.8120
      443     0.00000     0.8952E+01     2.000     5   5.8137
      444     0.00000     0.2771E+01     2.000     5   5.8166
      445     0.00000     0.5748E+01     2.000     5   5.8204
      446     0.00000     0.4173E+01     2.000     5   5.8231
      447     0.00000     0.5450E+01     2.000     6   5.8388
      448     0.00000     0.7257E+01     2.000     6   5.8390
      449     0.00000     0.1309E+02     1.000     6   5.8412
      450     0.00000     0.6472E+01     2.000     5   5.8421
      451     0.00000     0.5440E+01     2.000     5   5.8431
      452     0.00000     0.4412E+01     2.000     5   5.8461
      453     0.00000     0.7406E+01     2.000     5   5.8519
      454     0.00000     0.4068E+01     2.000     5   5.8551
      455     0.00000     0.7447E+01     2.000     5   5.8694
      456     0.00000     0.5348E+01     2.000     5   5.8702
      457     0.00000     0.4446E+01     2.000     5   5.8719
      458     0.00000     0.7304E+01     2.000     5   5.8747
      460     0.00000     0.5305E+01     2.000     6   5.8782
      461     0.00000     0.3294E+01     2.000     6   5.8806
      462     0.00000     0.4613E+01     2.000     5   5.8838
      463     0.00000     0.3599E+01     1.000     6   5.8846
      464     0.00000     0.4501E+01     1.000     6   5.8850
      465     0.00000     0.2247E+02     2.000     6   5.8852
      466     0.00000     0.7945E+01     1.000     6   5.8876
      467     0.00000     0.3445E+01     2.000     6   5.8885
      468     0.00000     0.4693E+01     2.000     6   5.8881
      469     0.00000     0.1031E+02     2.000     6   5.8887
      470     0.00000     0.4543E+01     2.000     6   5.8910
      471     0.00000     0.4402E+01     2.000     5   5.8923
      472     0.00000     0.7978E+01     2.000     7   5.8928
      473     0.00000     0.7946E+01     2.000     7   5.8931
      474     0.00000     0.1944E+02     2.000     6   5.8934
      476     0.00000     0.1544E+02     2.000     5   5.9024
      477     0.00000     0.3486E+01     2.000     5   5.9044
      479     0.00000     0.1514E+02     2.000     6   5.9108
      480     0.00000     0.2913E+01     2.000     7   5.9142
      481     0.00000     0.2491E+02     2.000     7   5.9145
      482     0.00000     0.4296E+01     2.000     5   5.9187
      483     0.00000     0.4646E+01     2.000     6   5.9212
      484     0.00000     0.1010E+02     2.000     6   5.9222
      485     0.00000     0.3515E+01     1.000     6   5.9221
      486     0.00000     0.3355E+01     2.000     6   5.9219
      487     0.00000     0.4365E+01     1.000     6   5.9228
      488     0.00000     0.2174E+02     2.000     6   5.9232
      490     0.00000     0.3316E+02     2.000     7   5.9236
      491     0.00000     0.4413E+01     2.000     6   5.9246
      492     0.00000     0.7669E+01     1.000     6   5.9255
      493     0.00000     0.3354E+01     2.000     5   5.9273
      494     0.00000     0.5446E+01     2.000     5   5.9345
      495     0.00000     0.7610E+01     2.000     7   5.9381
      496     0.00000     0.7592E+01     2.000     7   5.9382
      497     0.00000     0.6254E+01     2.000     5   5.9392
      498     0.00000     0.2991E+01     2.000     7   5.9402
      499     0.00000     0.2485E+02     2.000     7   5.9403
      500     0.00000     0.8597E+01     2.000     3   5.9446
      501     0.00000     0.5140E+01     2.000     4   5.9452
      502     0.00000     0.2046E+02     2.000     6   5.9448
      503     0.00000     0.2086E+02     2.000     5   5.9477
      504     0.00000     0.2735E+01     2.000     7   5.9502
      505     0.00000     0.6965E+01     2.000     5   5.9511
      506     0.00000     0.2994E+02     2.000     7   5.9511
      507     0.00000     0.7384E+01     2.000     6   5.9553
      508     0.00000     0.3011E+01     2.000     6   5.9578
      509     0.00000     0.4990E+01     2.000     5   5.9693
      510     0.00000     0.5342E+01     2.000     5   5.9716
      512     0.00000     0.2761E+01     2.000     5   5.9780
      513     0.00000     0.6039E+01     2.000     6   5.9783
      514     0.00000     0.1485E+02     2.000     6   5.9792
      515     0.00000     0.3021E+01     2.000     6   5.9810
      516     0.00000     0.6819E+01     2.000     5   5.9819
      517     0.00000     0.2018E+02     2.000     5   5.9828
      518     0.00000     0.5082E+01     2.000     4   5.9857
      519     0.00000     0.5802E+01     2.000     5   5.9898
      520     0.00000     0.7163E+01     2.000     6   5.9975
      522     0.00000     0.2964E+01     2.000     6   6.0002
      523     0.00000     0.1459E+02     2.000     6   6.0023
      524     0.00000     0.8882E+01     2.000     4   6.0033
      525     0.00000     0.5742E+01     2.000     5   6.0045
      526     0.00000     0.5572E+01     1.000     6   6.0065
      527     0.00000     0.3426E+01     2.000     5   6.0070
      529     0.00000     0.4186E+01     2.000     5   6.0135
      530     0.00000     0.5528E+01     1.000     6   6.0136
      531     0.00000     0.8611E+01     2.000     5   6.0148
      532     0.00000     0.5481E+01     1.000     6   6.0167
      533     0.00000     0.5469E+01     1.000     6   6.0182
      534     0.00000     0.5002E+01     2.000     4   6.0204
      535     0.00000     0.7709E+01     2.000     7   6.0204
      536     0.00000     0.7746E+01     2.000     7   6.0213
      537     0.00000     0.2849E+01     2.000     5   6.0217
      538     0.00000     0.7965E+01     2.000     7   6.0310
      539     0.00000     0.8071E+01     2.000     7   6.0316
      540     0.00000     0.5029E+01     2.000     4   6.0335
      541     0.00000     0.5635E+01     2.000     5   6.0374
      542     0.00000     0.3352E+01     2.000     5   6.0401
      543     0.00000     0.3932E+01     2.000     5   6.0460
      544     0.00000     0.4098E+01     2.000     5   6.0488
      545     0.00000     0.4078E+01     2.000     5   6.0509
      546     0.00000     0.3334E+01     2.000     5   6.0519
      547     0.00000     0.2799E+01     2.000     5   6.0535
      548     0.00000     0.1027E+02     2.000     6   6.0643
      549     0.00000     0.9994E+01     2.000     6   6.0667
      551     0.00000     0.8925E+01     2.000     6   6.0756
      552     0.00000     0.1015E+02     2.000     6   6.0761
      553     0.00000     0.6678E+01     2.000     6   6.0818
      555     0.00000     0.3266E+01     2.000     5   6.0847
      556     0.00000     0.4232E+01     2.000     6   6.0863
      557     0.00000     0.4421E+01     2.000     6   6.0875
      558     0.00000     0.4120E+01     2.000     6   6.0877
      561     0.00000     0.3158E+01     2.000     6   6.0881
      562     0.00000     0.1019E+02     2.000     6   6.0910
      563     0.00000     0.4114E+01     2.000     6   6.0921
      564     0.00000     0.9844E+01     2.000     6   6.0934
      566     0.00000     0.3323E+01     2.000     7   6.0978
      567     0.00000     0.8097E+01     2.000     7   6.0981
      568     0.00000     0.7917E+01     2.000     7   6.1003
      569     0.00000     0.8975E+01     2.000     6   6.1018
      570     0.00000     0.2746E+01     2.000     7   6.1045
      571     0.00000     0.1067E+02     2.000     7   6.1048
      572     0.00000     0.1040E+02     2.000     6   6.1053
      573     0.00000     0.9397E+01     2.000     6   6.1075
      574     0.00000     0.8329E+01     2.000     6   6.1075
      575     0.00000     0.9532E+01     2.000     6   6.1077
      577     0.00000     0.1485E+02     2.000     7   6.1120
      578     0.00000     0.4922E+01     2.000     6   6.1123
      581     0.00000     0.1444E+02     2.000     7   6.1137
      582     0.00000     0.9967E+01     1.000     6   6.1149
      583     0.00000     0.7291E+01     2.000     6   6.1158
      584     0.00000     0.7824E+01     2.000     6   6.1158
      585     0.00000     0.6944E+01     2.000     6   6.1169
      586     0.00000     0.2790E+01     2.000     7   6.1189
      587     0.00000     0.1110E+02     2.000     7   6.1190
      588     0.00000     0.5499E+01     2.000     6   6.1245
      589     0.00000     0.4366E+01     2.000     6   6.1245
      590     0.00000     0.4087E+01     2.000     6   6.1306
      591     0.00000     0.4246E+01     2.000     6   6.1325
      592     0.00000     0.9430E+01     2.000     6   6.1327
      594     0.00000     0.3959E+01     2.000     6   6.1329
      595     0.00000     0.7469E+01     2.000     5   6.1354
      596     0.00000     0.3960E+01     2.000     6   6.1364
      599     0.00000     0.7133E+01     2.000     6   6.1419
      600     0.00000     0.7663E+01     2.000     6   6.1419
      601     0.00000     0.8542E+01     2.000     6   6.1429
      603     0.00000     0.6330E+01     2.000     6   6.1510
      604     0.00000     0.5877E+01     2.000     6   6.1510
      606     0.00000     0.7313E+01     2.000     5   6.1681
      607     0.00000     0.6166E+01     2.000     6   6.1832
      609     0.00000     0.4254E+01     2.000     6   6.1855
      610     0.00000     0.6000E+01     2.000     6   6.1860
      611     0.00000     0.4069E+01     2.000     6   6.1911
      612     0.00000     0.7496E+01     2.000     6   6.1931
      613     0.00000     0.6894E+01     2.000     6   6.1961
      614     0.00000     0.2841E+01     2.000     5   6.1988
      616     0.00000     0.7675E+01     2.000     6   6.2029
      617     0.00000     0.6900E+01     2.000     3   6.2100
      618     0.00000     0.6635E+01     2.000     6   6.2101
      619     0.00000     0.4052E+01     2.000     6   6.2128
      620     0.00000     0.4100E+01     2.000     6   6.2131
      621     0.00000     0.4261E+01     2.000     6   6.2230
      622     0.00000     0.4258E+01     2.000     6   6.2248
      623     0.00000     0.7398E+01     2.000     6   6.2275
      624     0.00000     0.6783E+01     2.000     6   6.2325
      626     0.00000     0.5024E+01     2.000     3   6.2511
      627     0.00000     0.7278E+01     2.000     6   6.2532
      628     0.00000     0.7117E+01     2.000     6   6.2548
      629     0.00000     0.4396E+01     2.000     5   6.2585
      630     0.00000     0.4721E+01     2.000     6   6.2602
      631     0.00000     0.2684E+01     1.000     6   6.2613
      632     0.00000     0.7887E+01     1.000     6   6.2627
      633     0.00000     0.2734E+01     1.000     6   6.2679
      634     0.00000     0.4970E+01     2.000     3   6.2838
      635     0.00000     0.2709E+01     2.000     6   6.2848
      636     0.00000     0.6662E+01     2.000     4   6.2876
      637     0.00000     0.4294E+01     2.000     5   6.2921
      638     0.00000     0.4620E+01     2.000     6   6.2931
      639     0.00000     0.4218E+01     2.000     6   6.2942
      640     0.00000     0.3862E+01     2.000     6   6.2949
      641     0.00000     0.7707E+01     1.000     6   6.2958
      642     0.00000     0.5744E+01     2.000     6   6.2971
      643     0.00000     0.3295E+01     2.000     6   6.3056
      644     0.00000     0.3158E+01     2.000     6   6.3072
      645     0.00000     0.1324E+02     1.000     6   6.3079
      646     0.00000     0.4444E+01     2.000     4   6.3099
      647     0.00000     0.3873E+01     2.000     6   6.3098
      648     0.00000     0.3359E+01     2.000     6   6.3115
      649     0.00000     0.7298E+01     2.000     6   6.3113
      651     0.00000     0.5722E+01     2.000     7   6.3157
      652     0.00000     0.8837E+01     2.000     7   6.3155
      653     0.00000     0.8824E+01     2.000     7   6.3157
      654     0.00000     0.7127E+01     2.000     7   6.3154
      655     0.00000     0.3258E+01     2.000     7   6.3180
      656     0.00000     0.2966E+01     2.000     6   6.3317
      657     0.00000     0.8847E+01     2.000     7   6.3365
      659     0.00000     0.1841E+02     2.000     7   6.3371
      661     0.00000     0.1828E+02     2.000     7   6.3371
      662     0.00000     0.1445E+02     2.000     7   6.3394
      663     0.00000     0.3366E+01     2.000     7   6.3414
      664     0.00000     0.7153E+01     2.000     6   6.3446
      665     0.00000     0.7264E+01     2.000     7   6.3452
      667     0.00000     0.1281E+02     1.000     6   6.3455
      668     0.00000     0.1330E+02     2.000     7   6.3455
      669     0.00000     0.1117E+02     2.000     7   6.3475
      670     0.00000     0.3498E+01     2.000     6   6.3470
      671     0.00000     0.4424E+01     2.000     7   6.3509
      673     0.00000     0.3296E+01     2.000     6   6.3530
      675     0.00000     0.7669E+01     2.000     6   6.3551
      677     0.00000     0.8491E+01     2.000     7   6.3602
      678     0.00000     0.5442E+01     2.000     7   6.3606
      679     0.00000     0.8476E+01     2.000     7   6.3606
      680     0.00000     0.6919E+01     2.000     7   6.3605
      681     0.00000     0.8859E+01     2.000     7   6.3617
      685     0.00000     0.1825E+02     2.000     7   6.3627
      686     0.00000     0.3185E+01     2.000     7   6.3629
      687     0.00000     0.1794E+02     2.000     7   6.3627
      688     0.00000     0.2862E+01     2.000     4   6.3644
      689     0.00000     0.1418E+02     2.000     7   6.3651
      691     0.00000     0.7902E+01     1.000     6   6.3662
      692     0.00000     0.4514E+01     2.000     3   6.3694
      694     0.00000     0.8153E+01     2.000     7   6.3715
      696     0.00000     0.1709E+02     2.000     7   6.3725
      697     0.00000     0.1611E+02     2.000     7   6.3725
      698     0.00000     0.4011E+01     2.000     6   6.3737
      699     0.00000     0.1231E+02     2.000     7   6.3746
      700     0.00000     0.3246E+01     2.000     7   6.3781
      701     0.00000     0.3122E+01     2.000     4   6.3804
      703     0.00000     0.2993E+01     2.000     6   6.3819
      704     0.00000     0.6186E+01     2.000     6   6.3864
      705     0.00000     0.2980E+01     2.000     6   6.3912
      706     0.00000     0.7085E+01     2.000     6   6.3913
      707     0.00000     0.4464E+01     2.000     6   6.3945
      708     0.00000     0.2762E+01     2.000     6   6.3971
      710     0.00000     0.2886E+01     2.000     6   6.3970
      711     0.00000     0.7964E+01     2.000     6   6.3994
      713     0.00000     0.3808E+01     2.000     7   6.4022
      714     0.00000     0.6137E+01     2.000     6   6.4111
      715     0.00000     0.1181E+02     2.000     7   6.4118
      716     0.00000     0.4078E+01     2.000     7   6.4116
      718     0.00000     0.3193E+01     2.000     6   6.4122
      719     0.00000     0.3877E+01     2.000     6   6.4136
      720     0.00000     0.4182E+01     2.000     7   6.4136
      721     0.00000     0.3890E+01     2.000     7   6.4138
      722     0.00000     0.8401E+01     2.000     7   6.4140
      723     0.00000     0.3508E+01     2.000     4   6.4143
      724     0.00000     0.2914E+01     2.000     6   6.4162
      725     0.00000     0.1848E+02     2.000     7   6.4160
      726     0.00000     0.6757E+01     2.000     6   6.4175
      728     0.00000     0.6026E+01     2.000     7   6.4195
      729     0.00000     0.5885E+01     2.000     7   6.4227
      730     0.00000     0.5434E+01     2.000     5   6.4232
      731     0.00000     0.2931E+01     2.000     6   6.4262
      732     0.00000     0.2810E+01     2.000     6   6.4320
      733     0.00000     0.2706E+01     2.000     6   6.4330
      735     0.00000     0.7733E+01     2.000     6   6.4353
      736     0.00000     0.3955E+01     2.000     4   6.4386
      737     0.00000     0.4832E+01     2.000     5   6.4411
      739     0.00000     0.6857E+01     2.000     7   6.4423
      740     0.00000     0.6369E+01     2.000     7   6.4421
      741     0.00000     0.6889E+01     2.000     7   6.4425
      742     0.00000     0.8585E+01     2.000     7   6.4426
      743     0.00000     0.6736E+01     2.000     7   6.4450
      744     0.00000     0.6399E+01     2.000     7   6.4453
      745     0.00000     0.2871E+01     2.000     7   6.4448
      746     0.00000     0.1155E+02     2.000     7   6.4463
      749     0.00000     0.3108E+01     2.000     6   6.4474
      750     0.00000     0.5286E+01     2.000     5   6.4501
      751     0.00000     0.8988E+01     2.000     7   6.4534
      752     0.00000     0.6186E+01     2.000     4   6.4660
      753     0.00000     0.3925E+01     2.000     4   6.4682
      754     0.00000     0.6255E+01     2.000     5   6.4685
      756     0.00000     0.1125E+02     2.000     7   6.4847
      758     0.00000     0.1213E+02     2.000     6   6.4870
      759     0.00000     0.4477E+01     2.000     4   6.4899
      761     0.00000     0.4031E+01     2.000     4   6.5013
      763     0.00000     0.4436E+01     2.000     4   6.5050
      765     0.00000     0.1192E+02     2.000     6   6.5134
      766     0.00000     0.2808E+01     2.000     7   6.5131
      767     0.00000     0.1272E+02     2.000     7   6.5137
      768     0.00000     0.4796E+01     2.000     7   6.5177
      769     0.00000     0.7016E+01     2.000     7   6.5185
      770     0.00000     0.9349E+01     2.000     7   6.5202
      771     0.00000     0.6657E+01     2.000     7   6.5274
      773     0.00000     0.6428E+01     2.000     7   6.5302
      774     0.00000     0.7074E+01     2.000     7   6.5330
      775     0.00000     0.9422E+01     2.000     6   6.5342
      776     0.00000     0.3377E+01     2.000     7   6.5339
      777     0.00000     0.5638E+01     2.000     7   6.5351
      778     0.00000     0.6078E+01     2.000     7   6.5351
      780     0.00000     0.6774E+01     2.000     7   6.5414
      781     0.00000     0.1177E+02     2.000     7   6.5415
      783     0.00000     0.3689E+01     2.000     5   6.5496
      784     0.00000     0.4532E+01     2.000     5   6.5510
      785     0.00000     0.6740E+01     2.000     5   6.5542
      786     0.00000     0.5302E+01     2.000     5   6.5614
      787     0.00000     0.4537E+01     2.000     5   6.5656
      788     0.00000     0.5803E+01     2.000     7   6.5677
      790     0.00000     0.5577E+01     2.000     7   6.5734
      791     0.00000     0.3959E+01     2.000     7   6.5739
      792     0.00000     0.3922E+01     2.000     7   6.5756
      793     0.00000     0.4054E+01     2.000     7   6.5761
      794     0.00000     0.4375E+01     2.000     7   6.5761
      795     0.00000     0.6826E+01     2.000     7   6.5766
      796     0.00000     0.3230E+01     2.000     7   6.5766
      797     0.00000     0.4295E+01     2.000     7   6.5786
      798     0.00000     0.1615E+02     2.000     7   6.5787
      799     0.00000     0.5728E+01     2.000     7   6.5814
      801     0.00000     0.4916E+01     2.000     7   6.6083
      802     0.00000     0.5053E+01     2.000     7   6.6108
      803     0.00000     0.2812E+01     2.000     7   6.6175
      804     0.00000     0.4006E+01     2.000     7   6.6181
      805     0.00000     0.7775E+01     2.000     7   6.6179
      806     0.00000     0.5987E+01     2.000     6   6.6187
      807     0.00000     0.4139E+01     2.000     7   6.6200
      808     0.00000     0.4541E+01     2.000     7   6.6204
      809     0.00000     0.4893E+01     2.000     7   6.6204
      810     0.00000     0.5773E+01     2.000     7   6.6206
      811     0.00000     0.1498E+02     2.000     7   6.6229
      813     0.00000     0.2752E+01     2.000     5   6.6267
      814     0.00000     0.4086E+01     2.000     7   6.6265
      815     0.00000     0.6602E+01     2.000     7   6.6451
      816     0.00000     0.9114E+01     2.000     7   6.6479
      817     0.00000     0.2766E+01     2.000     7   6.6524
      818     0.00000     0.7598E+01     2.000     7   6.6531
      819     0.00000     0.3914E+01     2.000     7   6.6534
      820     0.00000     0.5859E+01     2.000     6   6.6548
      821     0.00000     0.4049E+01     2.000     7   6.6551
      822     0.00000     0.1042E+02     2.000     7   6.6550
      823     0.00000     0.4418E+01     2.000     7   6.6558
      824     0.00000     0.4758E+01     2.000     7   6.6558
      825     0.00000     0.5589E+01     2.000     7   6.6562
      826     0.00000     0.1455E+02     2.000     7   6.6585
      827     0.00000     0.3966E+01     2.000     7   6.6699
      828     0.00000     0.9096E+01     2.000     7   6.6720
      829     0.00000     0.3874E+01     2.000     6   6.6762
      830     0.00000     0.3832E+01     2.000     3   6.6798
      831     0.00000     0.2813E+01     2.000     5   6.6798
      832     0.00000     0.2986E+01     2.000     5   6.6798
      833     0.00000     0.9886E+01     2.000     7   6.6825
      834     0.00000     0.8775E+01     2.000     6   6.6831
      835     0.00000     0.6549E+01     2.000     6   6.7020
      836     0.00000     0.7093E+01     2.000     6   6.7116
      838     0.00000     0.8550E+01     2.000     6   6.7158
      839     0.00000     0.3812E+01     2.000     6   6.7224
      840     0.00000     0.3156E+01     2.000     7   6.7264
      841     0.00000     0.2966E+01     2.000     7   6.7267
      842     0.00000     0.9089E+01     2.000     6   6.7311
      843     0.00000     0.8414E+01     2.000     6   6.7322
      844     0.00000     0.6857E+01     2.000     6   6.7363
      845     0.00000     0.1390E+02     2.000     7   6.7383
      846     0.00000     0.1042E+02     2.000     7   6.7392
      849     0.00000     0.4922E+01     2.000     6   6.7419
      850     0.00000     0.5863E+01     2.000     7   6.7485
      851     0.00000     0.5508E+01     2.000     7   6.7491
      852     0.00000     0.3933E+01     2.000     7   6.7526
      853     0.00000     0.5778E+01     2.000     7   6.7530
      857     0.00000     0.3371E+01     2.000     7   6.7573
      859     0.00000     0.4846E+01     2.000     7   6.7580
      860     0.00000     0.7588E+01     2.000     7   6.7583
      861     0.00000     0.7831E+01     2.000     7   6.7596
      862     0.00000     0.1999E+02     2.000     7   6.7597
      863     0.00000     0.4917E+01     2.000     7   6.7608
      864     0.00000     0.4101E+01     2.000     7   6.7629
      866     0.00000     0.3451E+01     2.000     7   6.7640
      867     0.00000     0.2936E+01     2.000     7   6.7659
      868     0.00000     0.3841E+01     2.000     7   6.7674
      869     0.00000     0.6017E+01     2.000     6   6.7712
      870     0.00000     0.3697E+01     2.000     6   6.7754
      871     0.00000     0.6555E+01     2.000     7   6.7827
      872     0.00000     0.1339E+02     2.000     7   6.7830
      873     0.00000     0.5744E+01     2.000     7   6.7855
      874     0.00000     0.1967E+02     2.000     7   6.7851
      875     0.00000     0.5363E+01     2.000     7   6.7866
      876     0.00000     0.6786E+01     2.000     6   6.7875
      877     0.00000     0.5618E+01     2.000     7   6.7918
      879     0.00000     0.6135E+01     2.000     6   6.7939
      880     0.00000     0.8889E+01     2.000     7   6.7939
      883     0.00000     0.3233E+01     2.000     7   6.7957
      884     0.00000     0.4310E+01     2.000     6   6.7970
      885     0.00000     0.3703E+01     2.000     6   6.7980
      886     0.00000     0.7555E+01     2.000     7   6.7980
      887     0.00000     0.3458E+01     2.000     7   6.7995
      888     0.00000     0.3376E+01     2.000     7   6.8005
      889     0.00000     0.9387E+01     2.000     7   6.8020
      890     0.00000     0.5211E+01     2.000     7   6.8077
      891     0.00000     0.6394E+01     2.000     7   6.8087
      893     0.00000     0.5207E+01     2.000     7   6.8127
      894     0.00000     0.5233E+01     2.000     6   6.8146
      897     0.00000     0.3118E+01     2.000     7   6.8168
      898     0.00000     0.7460E+01     2.000     6   6.8197
      899     0.00000     0.6599E+01     2.000     6   6.8229
      900     0.00000     0.3421E+01     2.000     7   6.8237
      901     0.00000     0.9279E+01     2.000     7   6.8264
      903     0.00000     0.1389E+02     2.000     7   6.8359
      904     0.00000     0.4324E+01     2.000     6   6.8383
      906     0.00000     0.7060E+01     2.000     7   6.8419
      907     0.00000     0.3135E+01     2.000     7   6.8434
      908     0.00000     0.3330E+01     2.000     7   6.8451
      909     0.00000     0.2820E+01     2.000     7   6.8507
      910     0.00000     0.6476E+01     2.000     7   6.8512
      911     0.00000     0.7245E+01     2.000     6   6.8553
      912     0.00000     0.9572E+01     2.000     7   6.8640
      914     0.00000     0.6354E+01     2.000     7   6.8749
      915     0.00000     0.7081E+01     2.000     6   6.8761
      919     0.00000     0.6756E+01     2.000     6   6.9160
      920     0.00000     0.5115E+01     2.000     6   6.9225
      922     0.00000     0.6587E+01     2.000     6   6.9509
      923     0.00000     0.3588E+01     2.000     4   6.9577
      925     0.00000     0.3423E+01     2.000     4   6.9831
      926     0.00000     0.3076E+01     2.000     5   6.9840
      927     0.00000     0.3283E+01     2.000     5   6.9880
      928     0.00000     0.7443E+01     2.000     7   6.9953
      929     0.00000     0.1418E+02     2.000     7   6.9980
      930     0.00000     0.3855E+01     2.000     5   7.0165
      931     0.00000     0.3886E+01     2.000     5   7.0165
      932     0.00000     0.4375E+01     2.000     7   7.0278
      933     0.00000     0.6068E+01     2.000     7   7.0307
      934     0.00000     0.5825E+01     2.000     7   7.0327
      935     0.00000     0.8154E+01     2.000     5   7.0400
      936     0.00000     0.6158E+01     2.000     6   7.0408
      937     0.00000     0.1030E+02     2.000     7   7.0407
      938     0.00000     0.1224E+02     2.000     7   7.0409
      939     0.00000     0.1563E+02     2.000     7   7.0433
      940     0.00000     0.3779E+01     2.000     3   7.0451
      941     0.00000     0.5710E+01     2.000     7   7.0467
      942     0.00000     0.3563E+01     2.000     7   7.0492
      943     0.00000     0.4272E+01     2.000     7   7.0650
      944     0.00000     0.3107E+01     2.000     7   7.0706
      945     0.00000     0.7082E+01     2.000     7   7.0705
      946     0.00000     0.3122E+01     2.000     7   7.0734
      947     0.00000     0.1183E+02     2.000     7   7.0762
      948     0.00000     0.1003E+02     2.000     7   7.0758
      949     0.00000     0.5620E+01     2.000     7   7.0776
      950     0.00000     0.1520E+02     2.000     7   7.0786
      951     0.00000     0.5471E+01     2.000     6   7.0813
      952     0.00000     0.4975E+01     2.000     7   7.0833
      953     0.00000     0.4603E+01     2.000     6   7.0843
      954     0.00000     0.3441E+01     2.000     7   7.0923
      955     0.00000     0.6966E+01     2.000     7   7.0944
      956     0.00000     0.9278E+01     2.000     6   7.0988
      957     0.00000     0.4199E+01     2.000     7   7.1039
      958     0.00000     0.5392E+01     2.000     6   7.1162
      959     0.00000     0.5058E+01     2.000     6   7.1243
      960     0.00000     0.4328E+01     2.000     6   7.1269
      961     0.00000     0.4146E+01     2.000     6   7.1305
      962     0.00000     0.5341E+01     2.000     7   7.1336
      963     0.00000     0.5163E+01     2.000     6   7.1342
      964     0.00000     0.9906E+01     2.000     7   7.1454
      965     0.00000     0.2863E+01     2.000     6   7.1590
      966     0.00000     0.1298E+02     2.000     7   7.1717
      967     0.00000     0.5812E+01     2.000     7   7.1776
      968     0.00000     0.7797E+01     2.000     7   7.1799
      970     0.00000     0.2690E+01     2.000     4   7.1945
      971     0.00000     0.1257E+02     2.000     7   7.2089
      972     0.00000     0.5632E+01     2.000     7   7.2147
      973     0.00000     0.7537E+01     2.000     7   7.2181
      974     0.00000     0.4580E+01     2.000     6   7.2590
      975     0.00000     0.3079E+01     2.000     5   7.2737
      977     0.00000     0.2788E+01     2.000     5   7.2831
      978     0.00000     0.2799E+01     2.000     5   7.2831
      979     0.00000     0.5565E+01     2.000     5   7.3056
      980     0.00000     0.8835E+01     2.000     7   7.3080
      981     0.00000     0.4043E+01     2.000     6   7.3154
      982     0.00000     0.8120E+01     2.000     7   7.3282
      983     0.00000     0.4770E+01     2.000     7   7.3379
      984     0.00000     0.4689E+01     2.000     5   7.3467
      985     0.00000     0.7960E+01     2.000     7   7.3541
      986     0.00000     0.2981E+01     2.000     7   7.3579
      987     0.00000     0.3088E+01     2.000     7   7.3579
      988     0.00000     0.4593E+01     2.000     5   7.3795
      989     0.00000     0.2893E+01     2.000     5   7.3805
      990     0.00000     0.6600E+01     2.000     6   7.3832
      991     0.00000     0.7849E+01     2.000     7   7.3879
      992     0.00000     0.6025E+01     2.000     6   7.4054
      993     0.00000     0.4110E+01     2.000     7   7.4061
      994     0.00000     0.3856E+01     2.000     7   7.4504
      995     0.00000     0.4759E+01     2.000     6   7.4517
      996     0.00000     0.4080E+01     2.000     5   7.4629
      997     0.00000     0.2769E+02     2.000     7   7.4636
      998     0.00000     0.7102E+01     2.000     7   7.4685
      999     0.00000     0.3734E+01     2.000     7   7.4873
     1000     0.00000     0.5694E+01     2.000     6   7.4967
     1001     0.00000     0.2679E+02     2.000     7   7.4986
     1002     0.00000     0.5402E+01     2.000     7   7.5120
     1003     0.00000     0.3545E+01     2.000     7   7.5268
     1004     0.00000     0.6161E+01     2.000     7   7.5332
     1005     0.00000     0.3984E+01     2.000     6   7.5341
     1006     0.00000     0.3934E+01     2.000     6   7.5473
     1007     0.00000     0.6104E+01     2.000     7   7.5557
     1008     0.00000     0.5792E+01     2.000     6   7.5594
     1009     0.00000     0.3941E+01     2.000     6   7.5639
     1010     0.00000     0.3727E+01     2.000     7   7.5644
     1011     0.00000     0.4826E+01     2.000     6   7.5857
     1012     0.00000     0.4512E+01     2.000     6   7.5969
     1013     0.00000     0.5418E+01     2.000     6   7.6006
     1014     0.00000     0.4795E+01     2.000     6   7.6041
     1015     0.00000     0.3492E+01     2.000     6   7.6341
     1016     0.00000     0.3271E+01     2.000     6   7.6441
     1017     0.00000     0.3415E+01     2.000     6   7.6461
     1018     0.00000     0.5931E+01     2.000     7   7.6476
     1019     0.00000     0.8598E+01     2.000     7   7.6747
     1020     0.00000     0.2861E+01     2.000     7   7.6895
     1022     0.00000     0.6770E+01     2.000     7   7.8573
     1023     0.00000     0.6851E+01     2.000     7   7.8677
     1024     0.00000     0.6474E+01     2.000     7   7.8696
     1025     0.00000     0.2684E+01     2.000     7   7.8806
     1026     0.00000     0.3423E+01     2.000     7   8.0572
     1027     0.00000     0.3274E+01     2.000     7   8.0907
     1028     0.00000     0.7028E+01     2.000     7   8.1355
     1029     0.00000     0.3626E+01     2.000     5   8.1386
     1030     0.00000     0.4671E+01     2.000     7   8.3879
     1031     0.00000     0.4284E+01     2.000     7   8.5564
     1032     0.00000     0.3187E+01     2.000     7   8.8685
