# PATH  Rmax= 9.000,  Keep_limit= 0.00, Heap_limit 0.00  Pwcrit= 2.50%
 -----------------------------------------------------------------------
  pathindex     sig2   amp ratio    deg    nlegs  r effective
        1     0.00000     0.1000E+03     1.000     2   2.2792
        2     0.00000     0.9993E+02     1.000     2   2.2798
        3     0.00000     0.8725E+02     1.000     2   2.4002
        4     0.00000     0.8620E+02     1.000     2   2.4113
        5     0.00000     0.1233E+02     1.000     2   2.9743
        6     0.00000     0.1181E+02     1.000     2   3.0225
        7     0.00000     0.1049E+02     1.000     2   3.1609
        8     0.00000     0.3943E+02     1.000     2   3.1751
        9     0.00000     0.1001E+02     1.000     2   3.2170
       10     0.00000     0.9954E+01     1.000     2   3.2238
       11     0.00000     0.3780E+02     1.000     2   3.2251
       12     0.00000     0.9916E+01     1.000     2   3.2284
       13     0.00000     0.3478E+02     1.000     2   3.3257
       14     0.00000     0.3439E+02     1.000     2   3.3393
       15     0.00000     0.7838E+01     1.000     2   3.5228
       16     0.00000     0.2947E+02     1.000     2   3.5340
       17     0.00000     0.4375E+02     2.000     3   3.6407
       18     0.00000     0.4335E+02     2.000     3   3.6652
       19     0.00000     0.2639E+02     1.000     2   3.6780
       20     0.00000     0.1490E+02     2.000     3   3.7202
       21     0.00000     0.9513E+01     2.000     3   3.7455
       22     0.00000     0.3857E+02     2.000     3   3.7695
       23     0.00000     0.9642E+01     2.000     3   3.7729
       24     0.00000     0.3814E+02     2.000     3   3.7813
       25     0.00000     0.1884E+02     2.000     3   3.8009
       26     0.00000     0.1064E+02     2.000     3   3.8239
       27     0.00000     0.6123E+01     1.000     2   3.8548
       28     0.00000     0.1135E+02     2.000     3   3.8682
       29     0.00000     0.7053E+01     2.000     3   3.9572
       30     0.00000     0.7065E+01     2.000     3   3.9577
       31     0.00000     0.1556E+02     2.000     3   3.9659
       32     0.00000     0.5631E+01     1.000     2   3.9728
       33     0.00000     0.7372E+01     2.000     3   3.9774
       34     0.00000     0.6472E+01     2.000     3   4.0085
       35     0.00000     0.8139E+01     1.000     4   4.0677
       36     0.00000     0.1567E+02     1.000     4   4.1052
       37     0.00000     0.1646E+02     1.000     4   4.1062
       38     0.00000     0.2045E+02     2.000     3   4.1118
       39     0.00000     0.7488E+01     1.000     4   4.1146
       40     0.00000     0.1060E+02     2.000     3   4.1372
       41     0.00000     0.5018E+01     1.000     2   4.1398
       42     0.00000     0.5974E+01     2.000     3   4.1559
       43     0.00000     0.4938E+01     1.000     2   4.1635
       44     0.00000     0.3510E+01     2.000     4   4.1640
       45     0.00000     0.4836E+01     1.000     2   4.1943
       46     0.00000     0.1824E+02     2.000     3   4.2086
       47     0.00000     0.2702E+01     2.000     4   4.2111
       48     0.00000     0.1299E+02     1.000     4   4.2133
       50     0.00000     0.2116E+02     2.000     3   4.2157
       51     0.00000     0.1271E+02     1.000     4   4.2233
       52     0.00000     0.1301E+02     2.000     3   4.2335
       53     0.00000     0.3174E+01     2.000     3   4.2449
       54     0.00000     0.6888E+01     1.000     4   4.2538
       55     0.00000     0.1999E+02     2.000     3   4.2561
       56     0.00000     0.9660E+01     2.000     3   4.2632
       58     0.00000     0.2477E+02     1.000     4   4.2679
       59     0.00000     0.9729E+01     2.000     3   4.2828
       60     0.00000     0.8132E+01     2.000     3   4.2997
       61     0.00000     0.1525E+02     2.000     3   4.3070
       62     0.00000     0.5952E+01     2.000     3   4.3088
       63     0.00000     0.6166E+01     1.000     4   4.3085
       64     0.00000     0.3195E+01     2.000     3   4.3147
       65     0.00000     0.5948E+01     1.000     4   4.3160
       66     0.00000     0.2261E+02     1.000     4   4.3179
       67     0.00000     0.5968E+01     1.000     4   4.3207
       68     0.00000     0.1147E+02     2.000     3   4.3398
       69     0.00000     0.1135E+02     2.000     3   4.3491
       70     0.00000     0.3165E+01     2.000     3   4.3570
       71     0.00000     0.4524E+01     2.000     4   4.3786
       72     0.00000     0.1521E+02     2.000     3   4.3814
       73     0.00000     0.8737E+01     2.000     3   4.4117
       74     0.00000     0.5180E+01     1.000     4   4.4197
       75     0.00000     0.3274E+01     2.000     4   4.4194
       76     0.00000     0.9120E+01     2.000     3   4.4262
       77     0.00000     0.7694E+01     2.000     3   4.4552
       78     0.00000     0.3635E+01     2.000     4   4.4620
       79     0.00000     0.2057E+02     2.000     4   4.4640
       80     0.00000     0.4031E+01     1.000     2   4.4720
       81     0.00000     0.2064E+02     2.000     4   4.4880
       82     0.00000     0.4558E+01     2.000     4   4.4965
       83     0.00000     0.3883E+01     1.000     2   4.5307
       84     0.00000     0.3632E+01     2.000     4   4.5317
       85     0.00000     0.1567E+02     2.000     3   4.5505
       86     0.00000     0.1436E+02     1.000     2   4.5523
       87     0.00000     0.9386E+01     1.000     4   4.5583
       88     0.00000     0.7322E+01     2.000     4   4.5589
       89     0.00000     0.9373E+01     1.000     4   4.5595
       90     0.00000     0.3871E+01     2.000     4   4.5666
       91     0.00000     0.7198E+01     2.000     4   4.5811
       92     0.00000     0.5412E+01     2.000     4   4.5912
       93     0.00000     0.3153E+01     2.000     4   4.5971
       94     0.00000     0.3702E+01     1.000     2   4.6061
       95     0.00000     0.2938E+01     2.000     3   4.6091
       96     0.00000     0.6394E+01     2.000     4   4.6255
       97     0.00000     0.3394E+01     1.000     4   4.6267
       98     0.00000     0.1670E+02     1.000     4   4.6290
       99     0.00000     0.8415E+01     2.000     4   4.6487
      100     0.00000     0.6123E+01     2.000     4   4.6528
      101     0.00000     0.3123E+01     2.000     3   4.6546
      102     0.00000     0.4649E+01     1.000     4   4.6582
      103     0.00000     0.4129E+01     1.000     4   4.6600
      104     0.00000     0.3769E+01     2.000     4   4.6794
      105     0.00000     0.6171E+01     2.000     4   4.6800
      106     0.00000     0.1372E+02     2.000     4   4.6812
      108     0.00000     0.6222E+01     2.000     4   4.6877
      109     0.00000     0.1409E+02     2.000     3   4.6896
      110     0.00000     0.6081E+01     2.000     4   4.6905
      111     0.00000     0.3945E+01     2.000     4   4.6911
      112     0.00000     0.2920E+02     2.000     3   4.6958
      113     0.00000     0.1390E+02     2.000     4   4.6962
      114     0.00000     0.3522E+02     2.000     5   4.7335
      115     0.00000     0.4506E+01     1.000     4   4.7392
      116     0.00000     0.3403E+01     2.000     4   4.7431
      117     0.00000     0.1269E+02     1.000     2   4.7465
      118     0.00000     0.3446E+02     2.000     5   4.7580
      119     0.00000     0.3143E+01     2.000     3   4.7631
      120     0.00000     0.3410E+01     1.000     4   4.7706
      121     0.00000     0.1471E+02     1.000     4   4.7731
      122     0.00000     0.3053E+01     2.000     4   4.7861
      123     0.00000     0.3961E+02     2.000     3   4.7999
      124     0.00000     0.7130E+01     1.000     4   4.8004
      125     0.00000     0.3034E+01     2.000     4   4.8039
      126     0.00000     0.4397E+01     2.000     5   4.8141
      127     0.00000     0.3525E+01     2.000     4   4.8173
      128     0.00000     0.6960E+01     1.000     4   4.8226
      129     0.00000     0.8159E+01     2.000     5   4.8384
      130     0.00000     0.2457E+02     1.000     4   4.8393
      131     0.00000     0.4930E+01     2.000     5   4.8442
      133     0.00000     0.5378E+01     2.000     4   4.8520
      134     0.00000     0.3883E+02     1.000     4   4.8533
      135     0.00000     0.7736E+01     2.000     5   4.8635
      136     0.00000     0.7848E+01     2.000     5   4.8657
      137     0.00000     0.1647E+02     2.000     3   4.8663
      138     0.00000     0.6120E+01     2.000     3   4.8709
      140     0.00000     0.4891E+01     2.000     4   4.8775
      141     0.00000     0.4006E+01     2.000     5   4.8935
      142     0.00000     0.1099E+02     2.000     5   4.8944
      143     0.00000     0.8556E+01     2.000     5   4.8958
      144     0.00000     0.4091E+01     2.000     3   4.9042
      145     0.00000     0.1574E+02     2.000     5   4.9281
      146     0.00000     0.1467E+02     2.000     5   4.9295
      147     0.00000     0.4987E+01     2.000     5   4.9366
      149     0.00000     0.2088E+02     2.000     3   4.9635
      150     0.00000     0.3662E+01     2.000     3   4.9694
      151     0.00000     0.5495E+01     2.000     4   4.9777
      152     0.00000     0.3085E+01     2.000     4   4.9775
      154     0.00000     0.8951E+01     2.000     4   4.9827
      155     0.00000     0.4833E+01     2.000     4   4.9858
      156     0.00000     0.2937E+01     1.000     2   4.9865
      157     0.00000     0.4232E+01     2.000     3   4.9955
      158     0.00000     0.6073E+01     1.000     4   5.0021
      159     0.00000     0.3536E+01     2.000     3   5.0081
      160     0.00000     0.2100E+02     2.000     4   5.0097
      161     0.00000     0.9776E+01     2.000     4   5.0143
      162     0.00000     0.3552E+02     2.000     4   5.0169
      163     0.00000     0.2951E+01     2.000     5   5.0344
      164     0.00000     0.3355E+01     2.000     5   5.0351
      165     0.00000     0.3075E+01     2.000     5   5.0359
      167     0.00000     0.6037E+01     1.000     4   5.0505
      169     0.00000     0.3679E+01     2.000     5   5.0585
      170     0.00000     0.7346E+01     2.000     5   5.0610
      171     0.00000     0.5341E+01     2.000     3   5.0625
      172     0.00000     0.4732E+01     2.000     4   5.0738
      173     0.00000     0.2782E+01     2.000     4   5.0785
      174     0.00000     0.9061E+01     2.000     4   5.0790
      175     0.00000     0.6972E+01     2.000     4   5.0903
      176     0.00000     0.1119E+02     2.000     4   5.1159
      177     0.00000     0.8238E+01     2.000     4   5.1282
      178     0.00000     0.5460E+01     1.000     4   5.1389
      179     0.00000     0.1903E+02     2.000     4   5.1396
      180     0.00000     0.5409E+01     1.000     4   5.1513
      181     0.00000     0.2776E+01     2.000     4   5.1531
      182     0.00000     0.6030E+01     2.000     5   5.1551
      183     0.00000     0.4438E+01     2.000     3   5.1575
      184     0.00000     0.3035E+01     2.000     4   5.1737
      185     0.00000     0.5252E+01     2.000     5   5.1793
      186     0.00000     0.5520E+01     1.000     4   5.1802
      187     0.00000     0.1073E+02     1.000     4   5.1806
      188     0.00000     0.3886E+01     2.000     4   5.1877
      189     0.00000     0.5821E+01     2.000     3   5.1936
      192     0.00000     0.1466E+02     1.000     6   5.1981
      193     0.00000     0.4435E+01     2.000     5   5.2044
      194     0.00000     0.2017E+02     2.000     5   5.2046
      195     0.00000     0.1987E+02     2.000     5   5.2067
      196     0.00000     0.3960E+01     2.000     3   5.2166
      197     0.00000     0.7895E+01     2.000     4   5.2202
      198     0.00000     0.6743E+01     2.000     4   5.2310
      199     0.00000     0.7313E+01     2.000     5   5.2312
      200     0.00000     0.1332E+02     2.000     5   5.2338
      201     0.00000     0.2589E+02     2.000     4   5.2419
      202     0.00000     0.4758E+01     2.000     3   5.2436
      203     0.00000     0.7303E+01     2.000     5   5.2446
      204     0.00000     0.6669E+01     2.000     5   5.2463
      205     0.00000     0.2919E+01     2.000     4   5.2475
      206     0.00000     0.7270E+01     2.000     3   5.2515
      207     0.00000     0.4038E+01     2.000     5   5.2599
      208     0.00000     0.1001E+02     2.000     4   5.2700
      209     0.00000     0.4057E+01     2.000     3   5.2742
      210     0.00000     0.3666E+02     2.000     5   5.2831
      211     0.00000     0.6626E+01     2.000     4   5.2845
      212     0.00000     0.3478E+01     2.000     3   5.2862
      213     0.00000     0.4299E+01     2.000     5   5.2871
      214     0.00000     0.7863E+01     2.000     3   5.2884
      215     0.00000     0.5402E+02     2.000     5   5.2953
      216     0.00000     0.4713E+01     2.000     5   5.3012
      217     0.00000     0.1812E+02     2.000     5   5.3015
      218     0.00000     0.4978E+01     2.000     4   5.3023
      219     0.00000     0.1859E+02     2.000     5   5.3037
      220     0.00000     0.5306E+01     2.000     3   5.3050
      221     0.00000     0.3998E+01     1.000     6   5.3055
      222     0.00000     0.1341E+02     2.000     5   5.3085
      225     0.00000     0.1521E+02     2.000     5   5.3379
      226     0.00000     0.3453E+01     2.000     4   5.3428
      228     0.00000     0.5440E+01     2.000     3   5.3461
      229     0.00000     0.1272E+02     2.000     5   5.3490
      230     0.00000     0.5370E+01     2.000     5   5.3521
      231     0.00000     0.2851E+01     2.000     3   5.3571
      232     0.00000     0.4300E+01     2.000     6   5.3601
      233     0.00000     0.1820E+02     1.000     6   5.3608
      234     0.00000     0.6611E+01     2.000     5   5.3617
      235     0.00000     0.5956E+01     2.000     5   5.3661
      236     0.00000     0.3661E+01     2.000     4   5.3745
      237     0.00000     0.5525E+01     1.000     4   5.3794
      238     0.00000     0.5460E+01     2.000     3   5.3840
      239     0.00000     0.6543E+01     1.000     4   5.3864
      240     0.00000     0.9778E+01     2.000     3   5.3912
      241     0.00000     0.5715E+01     2.000     5   5.3924
      242     0.00000     0.6073E+01     2.000     3   5.3938
      243     0.00000     0.5092E+01     2.000     5   5.3947
      244     0.00000     0.3401E+01     1.000     4   5.4008
      245     0.00000     0.1356E+02     2.000     5   5.4019
      246     0.00000     0.3948E+01     2.000     5   5.4042
      247     0.00000     0.4144E+01     2.000     6   5.4102
      248     0.00000     0.1669E+02     1.000     6   5.4107
      249     0.00000     0.2963E+01     2.000     3   5.4126
      250     0.00000     0.4483E+01     2.000     4   5.4126
      252     0.00000     0.7532E+01     2.000     4   5.4270
      253     0.00000     0.7607E+01     2.000     3   5.4302
      254     0.00000     0.7383E+01     2.000     4   5.4329
      255     0.00000     0.3821E+01     2.000     3   5.4343
      256     0.00000     0.3366E+01     2.000     3   5.4381
      257     0.00000     0.5848E+01     2.000     4   5.4381
      258     0.00000     0.4837E+01     2.000     4   5.4400
      259     0.00000     0.8290E+01     2.000     4   5.4440
      260     0.00000     0.7706E+01     2.000     5   5.4482
      261     0.00000     0.9006E+01     2.000     3   5.4486
      262     0.00000     0.5178E+01     2.000     4   5.4507
      263     0.00000     0.1613E+02     2.000     5   5.4536
      264     0.00000     0.5069E+01     2.000     4   5.4543
      265     0.00000     0.2704E+02     2.000     5   5.4590
      266     0.00000     0.7073E+01     2.000     4   5.4660
      267     0.00000     0.1143E+02     2.000     5   5.4677
      268     0.00000     0.1322E+02     2.000     6   5.4715
      269     0.00000     0.1283E+02     2.000     5   5.4764
      270     0.00000     0.6869E+01     2.000     3   5.4772
      271     0.00000     0.6670E+01     2.000     3   5.4798
      272     0.00000     0.4211E+01     1.000     4   5.4794
      273     0.00000     0.3056E+01     1.000     4   5.4864
      274     0.00000     0.1161E+02     2.000     5   5.4906
      275     0.00000     0.9112E+01     2.000     3   5.4918
      276     0.00000     0.5313E+01     1.000     4   5.4917
      277     0.00000     0.1431E+02     2.000     5   5.4915
      278     0.00000     0.3783E+01     2.000     4   5.4968
      279     0.00000     0.3292E+01     1.000     4   5.5017
      280     0.00000     0.4555E+01     2.000     5   5.5015
      281     0.00000     0.9269E+01     2.000     4   5.5042
      282     0.00000     0.5593E+01     2.000     5   5.5046
      283     0.00000     0.4933E+01     2.000     4   5.5048
      284     0.00000     0.5324E+01     2.000     4   5.5074
      286     0.00000     0.8046E+01     2.000     4   5.5120
      287     0.00000     0.4068E+01     2.000     3   5.5146
      288     0.00000     0.3583E+01     2.000     5   5.5146
      289     0.00000     0.5822E+01     2.000     5   5.5191
      290     0.00000     0.7623E+01     2.000     5   5.5191
      291     0.00000     0.6650E+01     2.000     4   5.5275
      292     0.00000     0.4737E+01     2.000     5   5.5333
      294     0.00000     0.5361E+01     2.000     5   5.5478
      295     0.00000     0.2992E+01     2.000     3   5.5496
      296     0.00000     0.4503E+01     2.000     5   5.5503
      298     0.00000     0.6036E+01     2.000     5   5.5554
      299     0.00000     0.1504E+02     2.000     6   5.5568
      300     0.00000     0.9467E+01     2.000     4   5.5628
      301     0.00000     0.6025E+01     2.000     4   5.5655
      302     0.00000     0.7002E+01     2.000     4   5.5680
      303     0.00000     0.4169E+01     2.000     5   5.5726
      304     0.00000     0.8164E+01     2.000     4   5.5753
      305     0.00000     0.1505E+02     2.000     6   5.5809
      306     0.00000     0.1041E+02     2.000     5   5.5827
      307     0.00000     0.1190E+02     2.000     6   5.5894
      308     0.00000     0.1033E+02     2.000     5   5.5933
      309     0.00000     0.4193E+01     2.000     5   5.5984
      310     0.00000     0.6630E+01     2.000     5   5.6044
      311     0.00000     0.8537E+01     2.000     4   5.6055
      312     0.00000     0.6281E+01     2.000     5   5.6096
      313     0.00000     0.6606E+01     2.000     4   5.6126
      315     0.00000     0.8345E+01     2.000     4   5.6189
      316     0.00000     0.6253E+01     2.000     4   5.6191
      317     0.00000     0.3196E+01     1.000     6   5.6194
      318     0.00000     0.3153E+01     2.000     4   5.6197
      319     0.00000     0.7514E+01     2.000     4   5.6206
      320     0.00000     0.2801E+01     1.000     6   5.6206
      322     0.00000     0.3160E+01     2.000     4   5.6240
      323     0.00000     0.9235E+01     2.000     4   5.6247
      325     0.00000     0.3310E+01     2.000     4   5.6296
      326     0.00000     0.4110E+01     2.000     5   5.6359
      329     0.00000     0.3092E+01     1.000     4   5.6446
      330     0.00000     0.9928E+01     2.000     5   5.6454
      331     0.00000     0.5337E+01     1.000     4   5.6462
      332     0.00000     0.1166E+02     2.000     5   5.6508
      333     0.00000     0.6879E+01     2.000     4   5.6528
      334     0.00000     0.5933E+01     2.000     3   5.6541
      335     0.00000     0.8809E+01     2.000     5   5.6555
      336     0.00000     0.4859E+01     2.000     5   5.6551
      337     0.00000     0.3347E+01     2.000     5   5.6582
      338     0.00000     0.9642E+01     2.000     4   5.6660
      339     0.00000     0.1057E+02     2.000     5   5.6660
      340     0.00000     0.5373E+01     2.000     4   5.6685
      342     0.00000     0.4493E+01     2.000     5   5.6697
      343     0.00000     0.4742E+01     2.000     4   5.6702
      345     0.00000     0.1545E+02     2.000     6   5.6723
      346     0.00000     0.8319E+01     2.000     5   5.6731
      347     0.00000     0.5114E+01     2.000     5   5.6748
      348     0.00000     0.1115E+02     2.000     6   5.6776
      349     0.00000     0.5718E+01     2.000     5   5.6964
      351     0.00000     0.1131E+02     2.000     5   5.7063
      352     0.00000     0.7854E+01     2.000     4   5.7075
      353     0.00000     0.4727E+01     2.000     5   5.7084
      354     0.00000     0.8500E+01     2.000     5   5.7090
      355     0.00000     0.7959E+01     2.000     4   5.7092
      356     0.00000     0.8096E+01     2.000     5   5.7095
      357     0.00000     0.1360E+02     2.000     5   5.7195
      358     0.00000     0.4977E+01     2.000     6   5.7216
      359     0.00000     0.6689E+01     2.000     6   5.7225
      360     0.00000     0.7994E+01     2.000     5   5.7231
      361     0.00000     0.9615E+01     2.000     5   5.7236
      362     0.00000     0.1226E+02     1.000     6   5.7239
      363     0.00000     0.5319E+01     2.000     5   5.7245
      364     0.00000     0.4618E+01     2.000     6   5.7255
      365     0.00000     0.4080E+01     2.000     4   5.7259
      366     0.00000     0.1471E+02     1.000     6   5.7270
      367     0.00000     0.5326E+01     2.000     6   5.7271
      368     0.00000     0.4862E+01     2.000     4   5.7316
      369     0.00000     0.2138E+02     1.000     6   5.7373
      371     0.00000     0.1484E+02     2.000     6   5.7438
      372     0.00000     0.4002E+01     2.000     4   5.7506
      373     0.00000     0.5180E+01     2.000     4   5.7668
      374     0.00000     0.6201E+01     2.000     5   5.7703
      375     0.00000     0.4609E+01     2.000     6   5.7748
      376     0.00000     0.2955E+01     2.000     6   5.7772
      377     0.00000     0.1176E+02     2.000     6   5.7799
      378     0.00000     0.4116E+01     2.000     5   5.7823
      379     0.00000     0.1778E+02     2.000     6   5.7823
      380     0.00000     0.8945E+01     2.000     5   5.7847
      381     0.00000     0.2837E+01     2.000     5   5.7878
      382     0.00000     0.8928E+01     2.000     5   5.7880
      383     0.00000     0.5865E+01     2.000     5   5.7898
      384     0.00000     0.1351E+02     2.000     5   5.7897
      385     0.00000     0.5918E+01     2.000     4   5.7911
      386     0.00000     0.5194E+01     2.000     5   5.7913
      388     0.00000     0.3261E+01     2.000     4   5.8131
      389     0.00000     0.4349E+01     2.000     4   5.8203
      390     0.00000     0.4520E+01     2.000     5   5.8213
      392     0.00000     0.6011E+01     2.000     5   5.8255
      393     0.00000     0.7922E+01     2.000     5   5.8259
      395     0.00000     0.2921E+02     2.000     7   5.8263
      396     0.00000     0.8525E+01     2.000     5   5.8296
      398     0.00000     0.1780E+02     2.000     6   5.8321
      399     0.00000     0.7548E+01     2.000     3   5.8360
      400     0.00000     0.4289E+01     2.000     5   5.8367
      401     0.00000     0.4346E+01     1.000     4   5.8404
      402     0.00000     0.4739E+01     2.000     6   5.8491
      404     0.00000     0.2847E+02     2.000     7   5.8508
      405     0.00000     0.2795E+01     2.000     6   5.8515
      406     0.00000     0.4639E+01     2.000     6   5.8657
      407     0.00000     0.1082E+02     1.000     6   5.8681
      408     0.00000     0.7306E+01     2.000     4   5.8712
      409     0.00000     0.5780E+01     2.000     5   5.8734
      410     0.00000     0.8818E+01     2.000     5   5.8767
      411     0.00000     0.5431E+01     2.000     5   5.8794
      412     0.00000     0.3051E+01     2.000     5   5.8809
      413     0.00000     0.1250E+02     2.000     5   5.8831
      414     0.00000     0.3217E+01     2.000     5   5.8840
      415     0.00000     0.3361E+01     2.000     5   5.8867
      416     0.00000     0.5657E+01     2.000     5   5.8873
      417     0.00000     0.4831E+01     2.000     5   5.8921
      418     0.00000     0.7506E+01     2.000     5   5.8922
      419     0.00000     0.1346E+02     2.000     5   5.8938
      420     0.00000     0.3601E+01     2.000     4   5.8965
      421     0.00000     0.4952E+01     2.000     5   5.9080
      422     0.00000     0.6473E+01     2.000     5   5.9232
      423     0.00000     0.3022E+01     2.000     5   5.9286
      424     0.00000     0.5313E+01     1.000     6   5.9307
      425     0.00000     0.7006E+01     2.000     7   5.9305
      426     0.00000     0.8837E+01     2.000     6   5.9314
      427     0.00000     0.5528E+01     1.000     6   5.9313
      428     0.00000     0.6926E+01     1.000     6   5.9315
      429     0.00000     0.7108E+01     2.000     7   5.9312
      430     0.00000     0.1381E+02     2.000     6   5.9333
      431     0.00000     0.8807E+01     1.000     6   5.9332
      432     0.00000     0.1113E+02     2.000     6   5.9335
      433     0.00000     0.7851E+01     2.000     5   5.9337
      434     0.00000     0.6987E+01     2.000     4   5.9342
      435     0.00000     0.8908E+01     2.000     3   5.9402
      436     0.00000     0.8429E+01     2.000     6   5.9448
      437     0.00000     0.8235E+01     1.000     6   5.9456
      438     0.00000     0.7608E+01     1.000     6   5.9455
      439     0.00000     0.7888E+01     2.000     6   5.9460
      440     0.00000     0.1042E+02     1.000     6   5.9472
      442     0.00000     0.1007E+02     2.000     4   5.9572
      443     0.00000     0.6272E+01     2.000     7   5.9575
      444     0.00000     0.6737E+01     2.000     7   5.9580
      445     0.00000     0.6048E+01     2.000     5   5.9585
      446     0.00000     0.6819E+01     2.000     7   5.9586
      447     0.00000     0.9840E+01     2.000     5   5.9601
      448     0.00000     0.2950E+01     2.000     5   5.9600
      449     0.00000     0.3065E+01     2.000     5   5.9631
      450     0.00000     0.2855E+01     2.000     6   5.9703
      451     0.00000     0.3555E+01     2.000     5   5.9713
      452     0.00000     0.5780E+01     2.000     6   5.9784
      453     0.00000     0.2841E+01     2.000     5   5.9863
      454     0.00000     0.3098E+01     2.000     5   5.9862
      455     0.00000     0.2977E+01     2.000     7   5.9885
      456     0.00000     0.7181E+01     2.000     7   5.9893
      457     0.00000     0.7060E+01     2.000     7   5.9908
      458     0.00000     0.3962E+01     2.000     4   5.9947
      460     0.00000     0.6579E+01     2.000     6   6.0022
      461     0.00000     0.7053E+01     2.000     5   6.0066
      462     0.00000     0.4446E+01     2.000     5   6.0100
      463     0.00000     0.5262E+01     2.000     4   6.0188
      465     0.00000     0.6143E+01     2.000     6   6.0210
      466     0.00000     0.1342E+02     2.000     7   6.0210
      468     0.00000     0.1265E+02     2.000     7   6.0223
      469     0.00000     0.4201E+01     2.000     6   6.0260
      470     0.00000     0.4814E+01     2.000     5   6.0399
      471     0.00000     0.6865E+01     2.000     6   6.0445
      472     0.00000     0.6301E+01     2.000     5   6.0481
      473     0.00000     0.5452E+01     2.000     6   6.0497
      474     0.00000     0.4618E+01     2.000     6   6.0497
      475     0.00000     0.4792E+01     2.000     5   6.0558
      476     0.00000     0.1149E+02     2.000     5   6.0574
      477     0.00000     0.8389E+01     2.000     5   6.0590
      478     0.00000     0.8634E+01     1.000     4   6.0660
      479     0.00000     0.5598E+01     2.000     6   6.0712
      480     0.00000     0.5479E+01     2.000     6   6.0729
      481     0.00000     0.3905E+01     2.000     6   6.0727
      482     0.00000     0.3783E+01     2.000     6   6.0755
      483     0.00000     0.6893E+01     2.000     6   6.0776
      485     0.00000     0.6918E+01     2.000     6   6.0950
      486     0.00000     0.9389E+01     2.000     6   6.0947
      487     0.00000     0.5483E+01     2.000     6   6.0993
      489     0.00000     0.2838E+01     2.000     6   6.1017
      490     0.00000     0.7581E+01     2.000     6   6.1020
      491     0.00000     0.3534E+01     2.000     5   6.1036
      492     0.00000     0.1423E+02     2.000     6   6.1036
      493     0.00000     0.4711E+01     2.000     6   6.1034
      494     0.00000     0.5935E+01     2.000     6   6.1034
      495     0.00000     0.5330E+01     2.000     6   6.1037
      496     0.00000     0.7515E+01     2.000     6   6.1048
      497     0.00000     0.5026E+01     2.000     6   6.1065
      498     0.00000     0.7182E+01     2.000     5   6.1081
      499     0.00000     0.7717E+01     2.000     6   6.1080
      500     0.00000     0.6457E+01     2.000     6   6.1091
      501     0.00000     0.8570E+01     2.000     6   6.1092
      502     0.00000     0.1950E+02     2.000     6   6.1108
      503     0.00000     0.4258E+01     2.000     6   6.1135
      504     0.00000     0.6933E+01     2.000     6   6.1151
      505     0.00000     0.6479E+01     2.000     6   6.1245
      507     0.00000     0.6657E+01     2.000     6   6.1434
      508     0.00000     0.9348E+01     2.000     6   6.1501
      509     0.00000     0.1151E+02     2.000     6   6.1501
      510     0.00000     0.3859E+01     2.000     6   6.1522
      511     0.00000     0.4118E+01     2.000     6   6.1528
      513     0.00000     0.6188E+01     2.000     7   6.1540
      514     0.00000     0.2708E+01     2.000     6   6.1558
      515     0.00000     0.6079E+01     2.000     7   6.1560
      516     0.00000     0.1414E+02     2.000     6   6.1615
      517     0.00000     0.1119E+02     2.000     6   6.1615
      519     0.00000     0.6195E+01     2.000     6   6.1651
      520     0.00000     0.5671E+01     2.000     6   6.1651
      521     0.00000     0.5719E+01     2.000     6   6.1657
      522     0.00000     0.7182E+01     2.000     6   6.1657
      523     0.00000     0.2972E+01     2.000     6   6.1665
      525     0.00000     0.3542E+01     2.000     6   6.1688
      526     0.00000     0.3410E+01     2.000     6   6.1718
      527     0.00000     0.6930E+01     2.000     6   6.1740
      529     0.00000     0.5861E+01     2.000     6   6.1825
      531     0.00000     0.2988E+01     2.000     5   6.1951
      532     0.00000     0.3876E+01     2.000     6   6.1956
      534     0.00000     0.4585E+01     2.000     6   6.2082
      535     0.00000     0.5003E+01     2.000     6   6.2082
      536     0.00000     0.5612E+01     2.000     6   6.2082
      537     0.00000     0.3159E+02     2.000     5   6.2094
      538     0.00000     0.4031E+01     2.000     5   6.2104
      539     0.00000     0.4371E+01     2.000     6   6.2104
      540     0.00000     0.6622E+01     2.000     5   6.2117
      541     0.00000     0.3972E+01     2.000     6   6.2135
      543     0.00000     0.3081E+01     2.000     6   6.2224
      545     0.00000     0.4774E+01     2.000     6   6.2319
      546     0.00000     0.1296E+02     2.000     6   6.2335
      547     0.00000     0.4311E+01     2.000     4   6.2356
      548     0.00000     0.3934E+01     2.000     7   6.2400
      550     0.00000     0.1211E+02     2.000     7   6.2479
      551     0.00000     0.4473E+01     2.000     5   6.2503
      552     0.00000     0.8920E+01     1.000     4   6.2606
      553     0.00000     0.3260E+01     2.000     5   6.2623
      554     0.00000     0.6628E+01     2.000     7   6.2723
      556     0.00000     0.1307E+02     2.000     7   6.2722
      557     0.00000     0.6229E+01     1.000     6   6.2740
      558     0.00000     0.1073E+02     2.000     7   6.2744
      559     0.00000     0.1076E+02     1.000     6   6.2744
      560     0.00000     0.9742E+01     2.000     5   6.2753
      561     0.00000     0.4145E+01     2.000     3   6.2767
      562     0.00000     0.3618E+01     2.000     7   6.2901
      563     0.00000     0.6617E+01     2.000     6   6.2910
      564     0.00000     0.3527E+01     2.000     7   6.2972
      565     0.00000     0.1055E+02     2.000     7   6.2981
      566     0.00000     0.3750E+01     2.000     7   6.2994
      567     0.00000     0.7456E+01     2.000     7   6.2996
      568     0.00000     0.3326E+01     2.000     7   6.3002
      569     0.00000     0.1692E+02     2.000     7   6.3017
      571     0.00000     0.6521E+01     2.000     6   6.3135
      572     0.00000     0.3864E+02     2.000     5   6.3140
      573     0.00000     0.7084E+01     2.000     6   6.3205
      574     0.00000     0.2791E+01     2.000     6   6.3232
      575     0.00000     0.4770E+01     2.000     6   6.3229
      576     0.00000     0.3263E+01     2.000     6   6.3248
      577     0.00000     0.1035E+02     2.000     6   6.3251
      578     0.00000     0.9917E+01     2.000     7   6.3260
      579     0.00000     0.1110E+02     2.000     7   6.3259
      580     0.00000     0.2738E+01     2.000     7   6.3257
      581     0.00000     0.3195E+01     2.000     7   6.3276
      582     0.00000     0.4479E+01     2.000     7   6.3277
      583     0.00000     0.5929E+01     2.000     7   6.3277
      585     0.00000     0.5052E+01     2.000     6   6.3342
      586     0.00000     0.4255E+01     2.000     4   6.3351
      589     0.00000     0.1337E+02     2.000     6   6.3358
      590     0.00000     0.6005E+01     2.000     7   6.3374
      591     0.00000     0.5958E+01     2.000     7   6.3380
      592     0.00000     0.5881E+01     2.000     7   6.3398
      593     0.00000     0.3778E+01     2.000     4   6.3490
      594     0.00000     0.8132E+01     2.000     7   6.3528
      595     0.00000     0.3237E+02     1.000     6   6.3529
      597     0.00000     0.3872E+01     2.000     6   6.3612
      598     0.00000     0.4191E+01     2.000     6   6.3621
      599     0.00000     0.4607E+02     1.000     6   6.3674
      600     0.00000     0.5362E+01     2.000     7   6.3752
      601     0.00000     0.9642E+01     2.000     7   6.3751
      602     0.00000     0.6688E+01     2.000     7   6.3753
      603     0.00000     0.1906E+02     2.000     7   6.3770
      604     0.00000     0.1169E+02     2.000     7   6.3771
      605     0.00000     0.1184E+02     2.000     7   6.3771
      606     0.00000     0.5580E+01     2.000     4   6.3788
      608     0.00000     0.6564E+01     2.000     5   6.3791
      609     0.00000     0.1326E+02     2.000     5   6.3799
      610     0.00000     0.7774E+01     2.000     7   6.3799
      611     0.00000     0.4951E+01     2.000     5   6.3807
      612     0.00000     0.7823E+01     2.000     5   6.3869
      613     0.00000     0.4377E+01     2.000     7   6.3868
      614     0.00000     0.1081E+02     2.000     7   6.3875
      615     0.00000     0.9827E+01     2.000     7   6.3876
      616     0.00000     0.5208E+01     2.000     7   6.3880
      617     0.00000     0.2349E+02     2.000     7   6.3892
      618     0.00000     0.3399E+01     2.000     7   6.3941
      619     0.00000     0.3700E+01     2.000     7   6.3963
      620     0.00000     0.3275E+01     2.000     7   6.3967
      621     0.00000     0.6709E+01     2.000     7   6.3965
      622     0.00000     0.1578E+02     2.000     7   6.3987
      624     0.00000     0.1131E+02     2.000     7   6.4014
      625     0.00000     0.8437E+01     2.000     7   6.4102
      626     0.00000     0.3577E+01     2.000     4   6.4130
      628     0.00000     0.1259E+02     2.000     7   6.4294
      629     0.00000     0.9791E+01     2.000     7   6.4302
      630     0.00000     0.2819E+01     2.000     7   6.4301
      631     0.00000     0.5691E+01     2.000     7   6.4306
      632     0.00000     0.3113E+01     2.000     7   6.4318
      633     0.00000     0.6050E+01     2.000     5   6.4418
      634     0.00000     0.1073E+02     2.000     7   6.4418
      635     0.00000     0.3760E+01     2.000     7   6.4423
      636     0.00000     0.2963E+01     2.000     7   6.4439
      637     0.00000     0.6531E+01     2.000     7   6.4452
      638     0.00000     0.6047E+01     2.000     7   6.4471
      639     0.00000     0.6512E+01     2.000     5   6.4480
      640     0.00000     0.1692E+02     2.000     5   6.4776
      641     0.00000     0.4439E+01     2.000     6   6.4838
      642     0.00000     0.7296E+01     2.000     5   6.4840
      643     0.00000     0.3006E+01     2.000     6   6.4858
      644     0.00000     0.6192E+01     2.000     6   6.4901
      645     0.00000     0.3373E+01     2.000     7   6.4897
      646     0.00000     0.3346E+01     2.000     7   6.4915
      650     0.00000     0.4501E+01     2.000     5   6.5090
      651     0.00000     0.3891E+01     2.000     5   6.5127
      652     0.00000     0.3888E+01     2.000     5   6.5133
      653     0.00000     0.3187E+01     2.000     6   6.5190
      654     0.00000     0.2982E+01     2.000     6   6.5199
      656     0.00000     0.2654E+02     2.000     6   6.5233
      657     0.00000     0.5319E+01     2.000     6   6.5251
      658     0.00000     0.1193E+02     2.000     6   6.5279
      659     0.00000     0.3870E+02     2.000     6   6.5310
      661     0.00000     0.3157E+01     2.000     6   6.5321
      662     0.00000     0.3411E+01     2.000     5   6.5353
      663     0.00000     0.3556E+01     2.000     5   6.5353
      664     0.00000     0.5850E+01     2.000     6   6.5363
      666     0.00000     0.7012E+01     2.000     5   6.5414
      667     0.00000     0.4669E+01     2.000     7   6.5458
      668     0.00000     0.2824E+01     2.000     7   6.5455
      669     0.00000     0.3378E+01     2.000     7   6.5457
      670     0.00000     0.4889E+01     2.000     6   6.5471
      671     0.00000     0.1426E+02     2.000     7   6.5474
      672     0.00000     0.4282E+01     2.000     7   6.5475
      673     0.00000     0.5811E+01     2.000     7   6.5487
      675     0.00000     0.4967E+01     2.000     5   6.5506
      676     0.00000     0.3165E+01     2.000     7   6.5504
      677     0.00000     0.5537E+01     2.000     7   6.5511
      678     0.00000     0.6359E+01     2.000     7   6.5512
      679     0.00000     0.3349E+01     2.000     6   6.5518
      681     0.00000     0.2109E+02     2.000     7   6.5528
      683     0.00000     0.5215E+01     2.000     6   6.5581
      684     0.00000     0.3081E+01     2.000     6   6.5599
      685     0.00000     0.9075E+01     2.000     7   6.5605
      687     0.00000     0.7356E+01     2.000     7   6.5752
      689     0.00000     0.4584E+01     2.000     7   6.5829
      690     0.00000     0.8257E+01     2.000     7   6.5836
      692     0.00000     0.8965E+01     2.000     7   6.5835
      693     0.00000     0.1190E+02     2.000     7   6.5841
      694     0.00000     0.2815E+01     2.000     7   6.5853
      696     0.00000     0.2824E+01     2.000     6   6.5898
      699     0.00000     0.8882E+01     2.000     7   6.5939
      701     0.00000     0.1020E+02     2.000     6   6.5971
      702     0.00000     0.4602E+01     2.000     6   6.5977
      703     0.00000     0.1108E+02     2.000     7   6.6035
      704     0.00000     0.2869E+01     2.000     6   6.6036
      705     0.00000     0.8849E+01     2.000     6   6.6039
      706     0.00000     0.2716E+01     2.000     6   6.6040
      707     0.00000     0.5751E+01     2.000     6   6.6042
      708     0.00000     0.2818E+01     2.000     6   6.6059
      710     0.00000     0.2735E+01     2.000     6   6.6094
      711     0.00000     0.2851E+01     2.000     7   6.6092
      712     0.00000     0.2701E+01     2.000     7   6.6096
      713     0.00000     0.4620E+01     2.000     5   6.6119
      714     0.00000     0.6042E+01     2.000     7   6.6141
      715     0.00000     0.3045E+01     2.000     5   6.6159
      716     0.00000     0.3175E+01     2.000     5   6.6159
      717     0.00000     0.3760E+01     2.000     3   6.6164
      719     0.00000     0.3447E+01     2.000     5   6.6196
      720     0.00000     0.5148E+01     2.000     6   6.6197
      721     0.00000     0.2747E+01     2.000     6   6.6214
      722     0.00000     0.3414E+01     2.000     5   6.6282
      723     0.00000     0.1293E+02     2.000     6   6.6300
      724     0.00000     0.6960E+01     2.000     7   6.6483
      725     0.00000     0.4228E+01     2.000     7   6.6489
      726     0.00000     0.4302E+01     2.000     7   6.6507
      727     0.00000     0.9578E+01     2.000     6   6.6525
      728     0.00000     0.2427E+02     2.000     6   6.6533
      731     0.00000     0.7023E+01     2.000     6   6.6567
      732     0.00000     0.2696E+01     2.000     6   6.6594
      734     0.00000     0.5364E+01     2.000     6   6.6603
      735     0.00000     0.2907E+01     2.000     6   6.6619
      736     0.00000     0.1131E+02     2.000     6   6.6653
      737     0.00000     0.3527E+01     2.000     7   6.6654
      738     0.00000     0.9391E+01     2.000     6   6.6681
      740     0.00000     0.2762E+01     2.000     6   6.6744
      741     0.00000     0.2781E+01     2.000     6   6.6792
      742     0.00000     0.3371E+01     2.000     7   6.6912
      743     0.00000     0.4359E+01     2.000     7   6.6935
      744     0.00000     0.7778E+01     1.000     6   6.6946
      745     0.00000     0.4260E+01     2.000     7   6.6974
      746     0.00000     0.6351E+01     2.000     7   6.6972
      747     0.00000     0.2715E+01     2.000     6   6.6994
      748     0.00000     0.4288E+01     2.000     7   6.7018
      750     0.00000     0.2875E+01     2.000     6   6.7065
      751     0.00000     0.8029E+01     2.000     6   6.7117
      753     0.00000     0.2696E+01     2.000     6   6.7122
      756     0.00000     0.4265E+01     2.000     3   6.7148
      757     0.00000     0.5758E+01     2.000     6   6.7145
      758     0.00000     0.3838E+01     2.000     6   6.7154
      759     0.00000     0.8374E+01     2.000     6   6.7175
      760     0.00000     0.1262E+02     2.000     7   6.7211
      761     0.00000     0.2938E+01     2.000     6   6.7231
      762     0.00000     0.3035E+01     2.000     6   6.7235
      764     0.00000     0.3247E+01     2.000     7   6.7429
      765     0.00000     0.6334E+01     2.000     7   6.7428
      767     0.00000     0.8136E+01     2.000     6   6.7446
      769     0.00000     0.9822E+01     2.000     7   6.7448
      770     0.00000     0.2976E+01     2.000     7   6.7474
      771     0.00000     0.1990E+02     2.000     7   6.7474
      772     0.00000     0.7097E+01     2.000     7   6.7477
      774     0.00000     0.4217E+01     2.000     7   6.7493
      776     0.00000     0.2758E+01     2.000     7   6.7536
      778     0.00000     0.3046E+02     2.000     6   6.7560
      779     0.00000     0.3460E+01     2.000     7   6.7581
      780     0.00000     0.8331E+01     2.000     7   6.7583
      781     0.00000     0.7095E+01     2.000     6   6.7599
      782     0.00000     0.4919E+01     2.000     7   6.7599
      783     0.00000     0.6632E+01     2.000     6   6.7634
      786     0.00000     0.6636E+01     2.000     7   6.7653
      787     0.00000     0.2901E+01     2.000     7   6.7654
      788     0.00000     0.4004E+01     2.000     7   6.7670
      789     0.00000     0.3111E+01     2.000     6   6.7672
      790     0.00000     0.4039E+01     2.000     6   6.7672
      794     0.00000     0.1129E+02     2.000     6   6.7840
      795     0.00000     0.3029E+01     2.000     3   6.7892
      797     0.00000     0.5313E+02     2.000     7   6.7967
      798     0.00000     0.8087E+01     2.000     6   6.7986
      799     0.00000     0.3717E+01     2.000     7   6.7985
      800     0.00000     0.3409E+01     2.000     7   6.7982
      804     0.00000     0.9585E+01     2.000     7   6.8002
      805     0.00000     0.2922E+01     2.000     7   6.8009
      806     0.00000     0.5991E+01     2.000     6   6.8014
      807     0.00000     0.3990E+01     2.000     7   6.8014
      808     0.00000     0.7314E+01     2.000     7   6.8012
      809     0.00000     0.3718E+01     2.000     7   6.8024
      813     0.00000     0.3708E+01     2.000     7   6.8028
      814     0.00000     0.5292E+01     2.000     4   6.8059
      815     0.00000     0.7520E+02     2.000     7   6.8094
      816     0.00000     0.4788E+01     2.000     6   6.8097
      817     0.00000     0.4388E+01     2.000     7   6.8117
      818     0.00000     0.4233E+01     2.000     7   6.8116
      819     0.00000     0.1138E+02     2.000     7   6.8133
      820     0.00000     0.2863E+01     2.000     7   6.8150
      821     0.00000     0.6742E+01     2.000     7   6.8153
      822     0.00000     0.3088E+01     2.000     7   6.8154
      824     0.00000     0.3435E+01     2.000     7   6.8158
      825     0.00000     0.8166E+01     2.000     7   6.8159
      826     0.00000     0.2812E+01     2.000     7   6.8167
      827     0.00000     0.3573E+01     2.000     7   6.8170
      828     0.00000     0.4122E+01     2.000     7   6.8175
      829     0.00000     0.3240E+01     2.000     7   6.8176
      830     0.00000     0.3663E+01     2.000     7   6.8178
      831     0.00000     0.1240E+02     2.000     7   6.8179
      833     0.00000     0.2978E+01     2.000     6   6.8255
      834     0.00000     0.3538E+01     2.000     6   6.8282
      835     0.00000     0.5770E+01     2.000     6   6.8290
      836     0.00000     0.8848E+01     2.000     6   6.8290
      837     0.00000     0.3575E+01     2.000     7   6.8296
      838     0.00000     0.4251E+01     2.000     7   6.8314
      839     0.00000     0.4059E+01     2.000     7   6.8318
      840     0.00000     0.3641E+01     2.000     4   6.8321
      841     0.00000     0.4809E+01     2.000     4   6.8351
      842     0.00000     0.5320E+01     2.000     4   6.8426
      843     0.00000     0.2125E+02     2.000     7   6.8520
      844     0.00000     0.3308E+01     2.000     4   6.8524
      845     0.00000     0.5040E+01     2.000     4   6.8583
      846     0.00000     0.6239E+01     2.000     6   6.8618
      847     0.00000     0.5050E+01     2.000     4   6.8619
      849     0.00000     0.2754E+01     2.000     7   6.8800
      850     0.00000     0.7420E+01     2.000     7   6.8802
      851     0.00000     0.3633E+01     2.000     7   6.8816
      852     0.00000     0.3661E+01     2.000     7   6.8819
      853     0.00000     0.4175E+01     2.000     7   6.8819
      855     0.00000     0.1114E+02     2.000     7   6.8836
      857     0.00000     0.7775E+01     2.000     5   6.8885
      858     0.00000     0.3726E+01     2.000     6   6.8904
      859     0.00000     0.4705E+01     2.000     4   6.8908
      860     0.00000     0.2979E+01     2.000     4   6.8925
      861     0.00000     0.3683E+01     2.000     6   6.8925
      862     0.00000     0.4603E+01     2.000     6   6.9044
      863     0.00000     0.5498E+01     2.000     7   6.9091
      865     0.00000     0.5211E+01     2.000     7   6.9183
      866     0.00000     0.4182E+01     2.000     7   6.9198
      867     0.00000     0.5688E+01     2.000     7   6.9235
      868     0.00000     0.7360E+01     2.000     5   6.9309
      869     0.00000     0.4469E+01     2.000     7   6.9306
      871     0.00000     0.1160E+02     2.000     5   6.9442
      872     0.00000     0.6721E+01     2.000     6   6.9465
      873     0.00000     0.6671E+01     2.000     5   6.9494
      874     0.00000     0.3117E+01     2.000     5   6.9507
      875     0.00000     0.3177E+01     2.000     5   6.9507
      876     0.00000     0.3303E+01     2.000     4   6.9518
      877     0.00000     0.5102E+01     2.000     6   6.9528
      878     0.00000     0.8630E+01     2.000     6   6.9581
      879     0.00000     0.3366E+01     2.000     4   6.9602
      880     0.00000     0.6764E+01     2.000     6   6.9648
      881     0.00000     0.5158E+01     2.000     6   6.9650
      882     0.00000     0.4793E+01     2.000     7   6.9663
      883     0.00000     0.2092E+02     2.000     7   6.9672
      884     0.00000     0.3891E+01     2.000     5   6.9688
      885     0.00000     0.3898E+01     2.000     5   6.9688
      886     0.00000     0.7178E+01     2.000     7   6.9706
      887     0.00000     0.3149E+02     2.000     7   6.9730
      888     0.00000     0.3081E+01     2.000     7   6.9733
      889     0.00000     0.5021E+01     2.000     5   6.9756
      890     0.00000     0.5066E+01     2.000     5   6.9756
      891     0.00000     0.9781E+01     2.000     7   6.9770
      892     0.00000     0.9061E+01     2.000     6   6.9800
      893     0.00000     0.3267E+01     2.000     7   6.9806
      894     0.00000     0.3848E+01     2.000     7   6.9811
      897     0.00000     0.3786E+01     2.000     7   6.9843
      898     0.00000     0.6110E+01     2.000     7   6.9845
      900     0.00000     0.3853E+01     2.000     7   6.9860
      901     0.00000     0.3022E+01     2.000     7   6.9861
      902     0.00000     0.4042E+01     2.000     7   6.9861
      904     0.00000     0.1095E+02     2.000     7   6.9877
      905     0.00000     0.2694E+01     2.000     7   6.9883
      906     0.00000     0.4203E+01     2.000     6   6.9926
      907     0.00000     0.7071E+01     2.000     6   6.9930
      908     0.00000     0.3529E+01     2.000     7   6.9950
      909     0.00000     0.3414E+01     2.000     7   6.9954
      910     0.00000     0.1034E+02     2.000     5   7.0054
      911     0.00000     0.9272E+01     2.000     6   7.0057
      912     0.00000     0.1880E+02     2.000     7   7.0055
      913     0.00000     0.6359E+01     2.000     6   7.0147
      914     0.00000     0.4982E+01     2.000     7   7.0143
      915     0.00000     0.7467E+01     2.000     6   7.0157
      916     0.00000     0.5264E+01     2.000     6   7.0256
      917     0.00000     0.7421E+01     2.000     6   7.0292
      918     0.00000     0.9065E+01     2.000     7   7.0338
      919     0.00000     0.7558E+01     2.000     5   7.0353
      920     0.00000     0.7920E+01     2.000     6   7.0411
      921     0.00000     0.5630E+01     2.000     7   7.0469
      923     0.00000     0.9329E+01     2.000     6   7.0523
      924     0.00000     0.3395E+01     2.000     7   7.0523
      925     0.00000     0.5388E+01     2.000     6   7.0539
      926     0.00000     0.8231E+01     2.000     7   7.0540
      927     0.00000     0.4887E+01     2.000     7   7.0644
      928     0.00000     0.5136E+01     2.000     6   7.0764
      929     0.00000     0.8240E+01     2.000     6   7.0764
      930     0.00000     0.5561E+01     2.000     5   7.0793
      931     0.00000     0.4618E+01     2.000     5   7.0797
      932     0.00000     0.4692E+01     2.000     5   7.0797
      933     0.00000     0.8987E+01     2.000     6   7.0821
      934     0.00000     0.1224E+02     2.000     7   7.0963
      935     0.00000     0.1486E+02     2.000     7   7.1073
      936     0.00000     0.1135E+02     2.000     6   7.1191
      937     0.00000     0.6108E+01     2.000     6   7.1266
      938     0.00000     0.8660E+01     2.000     7   7.1292
      939     0.00000     0.1265E+02     2.000     6   7.1331
      940     0.00000     0.7750E+01     2.000     6   7.1342
      943     0.00000     0.6051E+01     2.000     7   7.1499
      944     0.00000     0.3171E+01     2.000     7   7.1497
      945     0.00000     0.9413E+01     2.000     7   7.1513
      946     0.00000     0.4411E+01     2.000     7   7.1576
      947     0.00000     0.6217E+01     2.000     6   7.1598
      949     0.00000     0.1416E+02     2.000     7   7.1644
      950     0.00000     0.1172E+02     2.000     6   7.1669
      951     0.00000     0.1150E+02     2.000     7   7.1691
      952     0.00000     0.5826E+01     2.000     6   7.1801
      953     0.00000     0.8927E+01     2.000     6   7.1801
      954     0.00000     0.1429E+02     2.000     7   7.1800
      955     0.00000     0.5347E+01     2.000     7   7.1833
      956     0.00000     0.5031E+01     2.000     6   7.1843
      957     0.00000     0.1110E+02     2.000     7   7.1872
      958     0.00000     0.1063E+02     2.000     7   7.2199
      959     0.00000     0.1278E+02     2.000     7   7.2199
      960     0.00000     0.8692E+01     2.000     6   7.2216
      961     0.00000     0.8520E+01     2.000     7   7.2220
      962     0.00000     0.5812E+01     2.000     7   7.2220
      963     0.00000     0.1049E+02     2.000     6   7.2228
      964     0.00000     0.9266E+01     2.000     7   7.2226
      965     0.00000     0.1088E+02     2.000     7   7.2226
      966     0.00000     0.1055E+02     2.000     7   7.2231
      967     0.00000     0.7249E+01     2.000     7   7.2256
      968     0.00000     0.1624E+02     2.000     7   7.2335
      969     0.00000     0.1356E+02     2.000     7   7.2335
      970     0.00000     0.1120E+02     2.000     7   7.2368
      971     0.00000     0.1145E+02     2.000     7   7.2371
      972     0.00000     0.1070E+02     2.000     7   7.2371
      973     0.00000     0.1185E+02     2.000     7   7.2377
      974     0.00000     0.1294E+02     2.000     7   7.2377
      975     0.00000     0.1264E+02     2.000     7   7.2386
      976     0.00000     0.4590E+01     2.000     6   7.2395
      977     0.00000     0.3056E+01     2.000     5   7.2451
      978     0.00000     0.6557E+01     2.000     6   7.2646
      979     0.00000     0.4665E+01     2.000     7   7.2667
      980     0.00000     0.3799E+01     2.000     6   7.2696
      981     0.00000     0.5990E+01     2.000     7   7.2710
      982     0.00000     0.6792E+01     2.000     7   7.3014
      983     0.00000     0.1163E+02     2.000     7   7.3016
      984     0.00000     0.5757E+01     2.000     7   7.3015
      985     0.00000     0.7556E+01     2.000     7   7.3016
      986     0.00000     0.5203E+01     2.000     7   7.3035
      987     0.00000     0.9870E+01     2.000     7   7.3034
      988     0.00000     0.8385E+01     2.000     7   7.3033
      989     0.00000     0.1533E+02     2.000     7   7.3033
      990     0.00000     0.5455E+01     2.000     7   7.3056
      991     0.00000     0.6069E+01     2.000     7   7.3395
      992     0.00000     0.7681E+01     2.000     7   7.3436
      993     0.00000     0.5596E+01     2.000     7   7.3508
      994     0.00000     0.5800E+01     2.000     6   7.3545
      995     0.00000     0.2793E+01     2.000     6   7.3581
      996     0.00000     0.2946E+01     2.000     6   7.3581
      997     0.00000     0.3929E+01     2.000     5   7.3696
      998     0.00000     0.4431E+01     2.000     6   7.3860
      999     0.00000     0.8378E+01     2.000     7   7.3903
     1000     0.00000     0.5003E+01     2.000     7   7.3971
     1001     0.00000     0.1242E+02     2.000     7   7.3971
     1002     0.00000     0.3874E+01     2.000     6   7.3998
     1003     0.00000     0.7941E+01     2.000     7   7.4054
     1004     0.00000     0.6896E+01     2.000     7   7.4061
     1005     0.00000     0.1048E+02     2.000     7   7.4062
     1006     0.00000     0.8185E+01     2.000     7   7.4061
     1007     0.00000     0.8494E+01     2.000     7   7.4062
     1008     0.00000     0.9450E+01     2.000     7   7.4067
     1009     0.00000     0.9301E+01     2.000     7   7.4079
     1010     0.00000     0.1625E+02     2.000     7   7.4079
     1011     0.00000     0.3794E+01     2.000     6   7.4298
     1012     0.00000     0.5503E+01     2.000     6   7.4302
     1013     0.00000     0.4132E+01     2.000     6   7.4322
     1014     0.00000     0.3751E+01     2.000     7   7.4640
     1015     0.00000     0.5406E+01     2.000     6   7.4698
     1016     0.00000     0.5244E+01     2.000     6   7.4717
     1017     0.00000     0.4173E+01     2.000     6   7.4728
     1018     0.00000     0.6263E+01     2.000     7   7.4737
     1019     0.00000     0.5407E+01     2.000     7   7.4808
     1020     0.00000     0.3929E+01     2.000     7   7.5135
     1021     0.00000     0.4215E+01     2.000     7   7.5135
     1022     0.00000     0.6035E+01     2.000     6   7.5324
     1023     0.00000     0.4936E+01     2.000     7   7.5607
     1024     0.00000     0.7250E+01     2.000     7   7.5621
     1025     0.00000     0.8048E+01     2.000     7   7.5715
     1026     0.00000     0.4836E+01     2.000     7   7.5715
     1027     0.00000     0.6196E+01     2.000     7   7.5769
     1028     0.00000     0.2842E+01     2.000     7   7.5841
     1029     0.00000     0.3056E+01     2.000     6   7.5919
     1030     0.00000     0.3685E+01     2.000     7   7.6177
     1031     0.00000     0.4023E+01     2.000     7   7.6177
     1032     0.00000     0.5929E+01     2.000     7   7.6343
     1033     0.00000     0.4728E+01     2.000     7   7.6444
     1034     0.00000     0.6705E+01     2.000     7   7.6563
     1035     0.00000     0.7609E+01     2.000     7   7.6975
     1036     0.00000     0.3725E+01     2.000     6   7.7029
     1037     0.00000     0.3616E+01     2.000     5   7.7093
     1038     0.00000     0.4133E+02     2.000     7   7.7230
     1039     0.00000     0.4119E+01     2.000     6   7.7492
     1040     0.00000     0.3791E+01     2.000     6   7.7546
     1041     0.00000     0.4697E+01     2.000     6   7.7862
     1042     0.00000     0.2990E+01     2.000     5   7.8087
     1043     0.00000     0.3729E+01     2.000     6   7.8164
     1044     0.00000     0.5038E+02     2.000     7   7.8280
     1045     0.00000     0.4942E+01     2.000     6   7.8476
     1046     0.00000     0.3544E+01     2.000     7   7.8661
     1047     0.00000     0.4497E+01     2.000     6   7.8924
     1048     0.00000     0.6082E+01     2.000     7   7.8927
     1049     0.00000     0.4406E+01     2.000     6   7.8998
     1050     0.00000     0.9318E+01     2.000     7   7.9010
     1051     0.00000     0.3569E+01     2.000     6   7.9290
     1052     0.00000     0.2893E+01     2.000     6   7.9365
     1053     0.00000     0.3579E+01     2.000     6   7.9522
     1054     0.00000     0.3193E+01     2.000     6   7.9558
     1055     0.00000     0.4923E+01     2.000     7   7.9824
     1056     0.00000     0.2831E+01     2.000     7   7.9861
     1057     0.00000     0.2859E+01     2.000     7   7.9861
     1058     0.00000     0.2074E+02     2.000     7   7.9916
     1059     0.00000     0.4361E+01     2.000     7   8.0226
     1060     0.00000     0.6039E+01     2.000     7   8.0259
     1062     0.00000     0.3432E+01     2.000     7   8.0365
     1063     0.00000     0.3443E+01     2.000     7   8.0381
     1064     0.00000     0.5271E+01     2.000     7   8.0433
     1065     0.00000     0.4328E+01     2.000     7   8.0631
     1066     0.00000     0.6710E+01     2.000     7   8.0646
     1067     0.00000     0.3553E+01     2.000     7   8.0695
     1068     0.00000     0.3556E+01     2.000     7   8.0695
     1070     0.00000     0.3421E+01     2.000     7   8.0976
     1071     0.00000     0.3895E+01     2.000     7   8.0992
     1072     0.00000     0.3749E+01     2.000     7   8.1029
     1073     0.00000     0.5221E+01     2.000     7   8.1113
     1074     0.00000     0.5687E+01     2.000     7   8.1260
     1075     0.00000     0.6274E+01     2.000     7   8.1303
     1078     0.00000     0.4989E+01     2.000     6   8.3452
     1079     0.00000     0.1033E+02     2.000     7   8.4025
     1080     0.00000     0.1588E+02     2.000     7   8.4583
     1081     0.00000     0.1503E+02     2.000     7   8.5190
     1082     0.00000     0.3838E+01     2.000     7   8.7119
     1083     0.00000     0.4508E+01     2.000     7   8.7210
     1084     0.00000     0.4435E+01     2.000     7   8.8043
     1085     0.00000     0.5131E+01     2.000     7   8.8832
