# # Once                                                         FEFF 10.0.0 
# # POT  SCF 100  9.0000   0, core-hole, FOLP (folp(0)= 1.150)
# # Abs   Z=30 Rmt= 1.362 Rnm= 1.511 K  shell
# #   RGRID 0.0100
# # Pot 1 Z= 6 Rmt= 0.898 Rnm= 1.122
# # Pot 2 Z= 6 Rmt= 0.922 Rnm= 1.164
# # Pot 3 Z= 1 Rmt= 0.540 Rnm= 0.960
# # Pot 4 Z=16 Rmt= 1.240 Rnm= 1.463
# # Gam_ch=1.897E+00 H-L exch Vi= 0.000E+00 Vr= 0.000E+00
# # Mu=-6.829E+00eV kf=1.986E+00 Vint=-1.290E+01eV Rs_int= 1.826
# # PATH  Rmax= 9.000,  Keep_limit= 0.00, Heap_limit 0.00  Pwcrit= 2.50%
#  S02=1.000  Temp=  10.00  Debye_temp= 315.00  Global_sig2= 0.00000
#  Energy zero shift, vr, vi    0.00000E+00   0.00000E+00
#  Curved wave amplitude ratio filter   4.000%
#     file         sig2 tot  cw amp ratio   deg  nlegs   reff  inp sig2
#           1       0.00248    100.00      1.00     2   2.2792
#           2       0.00250     99.93      1.00     2   2.2798
#           3       0.00345     87.25      1.00     2   2.4002
#           4       0.00360     86.20      1.00     2   2.4113
#           5       0.02877     12.33      1.00     2   2.9743
#           6       0.02206     11.81      1.00     2   3.0225
#           7       0.02907     10.49      1.00     2   3.1609
#           8       0.00562     39.43      1.00     2   3.1751
#           9       0.02352     10.01      1.00     2   3.2170
#          10       0.02923      9.95      1.00     2   3.2238
#          11       0.00542     37.80      1.00     2   3.2251
#          12       0.02813      9.92      1.00     2   3.2284
#          13       0.00602     34.78      1.00     2   3.3257
#          14       0.00606     34.39      1.00     2   3.3393
#          15       0.02462      7.84      1.00     2   3.5228
#          16       0.00903     29.47      1.00     2   3.5340
#          17       0.00378     43.75      2.00     3   3.6407
#          18       0.00375     43.35      2.00     3   3.6652
#          19       0.00897     26.39      1.00     2   3.6780
#          20       0.01117     14.90      2.00     3   3.7202
#          21       0.01414      9.51      2.00     3   3.7455
#          22       0.00437     38.57      2.00     3   3.7695
#          23       0.01353      9.64      2.00     3   3.7729
#          24       0.00447     38.14      2.00     3   3.7813
#          25       0.01505     18.84      2.00     3   3.8009
#          26       0.01165     10.64      2.00     3   3.8239
#          27       0.02146      6.12      1.00     2   3.8548
#          28       0.00370     11.35      2.00     3   3.8682
#          29       0.01633      7.05      2.00     3   3.9572
#          30       0.01614      7.07      2.00     3   3.9577
#          31       0.01529     15.56      2.00     3   3.9659
#          32       0.03544      5.63      1.00     2   3.9728
#          33       0.01287      7.37      2.00     3   3.9774
#          34       0.01509      6.47      2.00     3   4.0085
#          35       0.02717      8.14      1.00     4   4.0677
#          36       0.00410     15.67      1.00     4   4.1052
#          37       0.00404     16.46      1.00     4   4.1062
#          38       0.00577     20.45      2.00     3   4.1118
#          39       0.01900      7.49      1.00     4   4.1146
#          40       0.01286     10.60      2.00     3   4.1372
#          41       0.03463      5.02      1.00     2   4.1398
#          42       0.01510      5.97      2.00     3   4.1559
#          43       0.01112      4.94      1.00     2   4.1635
#          45       0.01138      4.84      1.00     2   4.1943
#          46       0.00559     18.24      2.00     3   4.2086
#          48       0.00468     12.99      1.00     4   4.2133
#          50       0.01028     21.16      2.00     3   4.2157
#          51       0.00489     12.71      1.00     4   4.2233
#          52       0.00385     13.01      2.00     3   4.2335
#          54       0.02765      6.89      1.00     4   4.2538
#          55       0.01022     19.99      2.00     3   4.2561
#          56       0.00429      9.66      2.00     3   4.2632
#          58       0.01093     24.77      1.00     4   4.2679
#          59       0.00429      9.73      2.00     3   4.2828
#          60       0.01870      8.13      2.00     3   4.2997
#          61       0.00518     15.25      2.00     3   4.3070
#          62       0.01431      5.95      2.00     3   4.3088
#          63       0.01820      6.17      1.00     4   4.3085
#          65       0.02666      5.95      1.00     4   4.3160
#          66       0.01064     22.61      1.00     4   4.3179
#          67       0.02477      5.97      1.00     4   4.3207
#          68       0.00440     11.47      2.00     3   4.3398
#          69       0.00448     11.35      2.00     3   4.3491
#          71       0.01032      4.52      2.00     4   4.3786
#          72       0.00520     15.21      2.00     3   4.3814
#          73       0.01113      8.74      2.00     3   4.4117
#          74       0.01028      5.18      1.00     4   4.4197
#          76       0.01128      9.12      2.00     3   4.4262
#          77       0.01865      7.69      2.00     3   4.4552
#          79       0.00904     20.57      2.00     4   4.4640
#          80       0.01794      4.03      1.00     2   4.4720
#          81       0.00901     20.64      2.00     4   4.4880
#          82       0.01033      4.56      2.00     4   4.4965
#          85       0.01419     15.67      2.00     3   4.5505
#          86       0.00661     14.36      1.00     2   4.5523
#          87       0.00497      9.39      1.00     4   4.5583
#          88       0.00408      7.32      2.00     4   4.5589
#          89       0.00499      9.37      1.00     4   4.5595
#          91       0.01087      7.20      2.00     4   4.5811
#          92       0.00971      5.41      2.00     4   4.5912
#          96       0.01707      6.39      2.00     4   4.6255
#          98       0.01277     16.70      1.00     4   4.6290
#          99       0.00460      8.41      2.00     4   4.6487
#         100       0.01660      6.12      2.00     4   4.6528
#         102       0.01360      4.65      1.00     4   4.6582
#         103       0.01354      4.13      1.00     4   4.6600
#         105       0.00474      6.17      2.00     4   4.6800
#         106       0.00887     13.72      2.00     4   4.6812
#         108       0.01843      6.22      2.00     4   4.6877
#         109       0.01401     14.09      2.00     3   4.6896
#         110       0.00471      6.08      2.00     4   4.6905
#         112       0.00576     29.20      2.00     3   4.6958
#         113       0.00891     13.90      2.00     4   4.6962
#         114       0.00895     35.22      2.00     5   4.7335
#         115       0.00604      4.51      1.00     4   4.7392
#         117       0.00585     12.69      1.00     2   4.7465
#         118       0.00888     34.46      2.00     5   4.7580
#         121       0.01272     14.71      1.00     4   4.7731
#         123       0.00589     39.61      2.00     3   4.7999
#         124       0.00690      7.13      1.00     4   4.8004
#         126       0.01560      4.40      2.00     5   4.8141
#         128       0.00721      6.96      1.00     4   4.8226
#         129       0.02034      8.16      2.00     5   4.8384
#         130       0.00656     24.57      1.00     4   4.8393
#         131       0.00931      4.93      2.00     5   4.8442
#         133       0.01877      5.38      2.00     4   4.8520
#         134       0.00662     38.83      1.00     4   4.8533
#         135       0.00932      7.74      2.00     5   4.8635
#         136       0.01956      7.85      2.00     5   4.8657
#         137       0.00521     16.47      2.00     3   4.8663
#         138       0.00935      6.12      2.00     3   4.8709
#         140       0.01416      4.89      2.00     4   4.8775
#         141       0.01914      4.01      2.00     5   4.8935
#         142       0.05576     10.99      2.00     5   4.8944
#         143       0.01898      8.56      2.00     5   4.8958
#         144       0.01295      4.09      2.00     3   4.9042
#         145       0.00910     15.74      2.00     5   4.9281
#         146       0.00906     14.67      2.00     5   4.9295
#         147       0.00959      4.99      2.00     5   4.9366
#         149       0.00527     20.88      2.00     3   4.9635
#         151       0.01128      5.49      2.00     4   4.9777
#         154       0.01118      8.95      2.00     4   4.9827
#         155       0.01397      4.83      2.00     4   4.9858
#         157       0.01302      4.23      2.00     3   4.9955
#         158       0.00667      6.07      1.00     4   5.0021
#         160       0.00497     21.00      2.00     4   5.0097
#         161       0.01020      9.78      2.00     4   5.0143
#         162       0.00497     35.52      2.00     4   5.0169
#         167       0.00634      6.04      1.00     4   5.0505
#         170       0.01907      7.35      2.00     5   5.0610
#         171       0.00895      5.34      2.00     3   5.0625
#         172       0.01113      4.73      2.00     4   5.0738
#         174       0.01101      9.06      2.00     4   5.0790
#         175       0.01152      6.97      2.00     4   5.0903
#         176       0.00940     11.19      2.00     4   5.1159
#         177       0.01208      8.24      2.00     4   5.1282
#         178       0.00663      5.46      1.00     4   5.1389
#         179       0.00494     19.03      2.00     4   5.1396
#         180       0.00689      5.41      1.00     4   5.1513
#         182       0.00565      6.03      2.00     5   5.1551
#         183       0.00714      4.44      2.00     3   5.1575
#         185       0.00558      5.25      2.00     5   5.1793
#         186       0.00573      5.52      1.00     4   5.1802
#         187       0.00580     10.73      1.00     4   5.1806
#         189       0.02201      5.82      2.00     3   5.1936
#         192       0.00938     14.66      1.00     6   5.1981
#         193       0.01155      4.43      2.00     5   5.2044
#         194       0.01135     20.17      2.00     5   5.2046
#         195       0.01073     19.87      2.00     5   5.2067
#         197       0.01191      7.89      2.00     4   5.2202
#         198       0.01132      6.74      2.00     4   5.2310
#         199       0.01867      7.31      2.00     5   5.2312
#         200       0.01184     13.32      2.00     5   5.2338
#         201       0.00511     25.89      2.00     4   5.2419
#         202       0.01686      4.76      2.00     3   5.2436
#         203       0.01541      7.30      2.00     5   5.2446
#         204       0.02082      6.67      2.00     5   5.2463
#         206       0.02188      7.27      2.00     3   5.2515
#         207       0.01329      4.04      2.00     5   5.2599
#         208       0.01055     10.01      2.00     4   5.2700
#         209       0.02255      4.06      2.00     3   5.2742
#         210       0.00532     36.66      2.00     5   5.2831
#         211       0.01246      6.63      2.00     4   5.2845
#         213       0.01297      4.30      2.00     5   5.2871
#         214       0.02188      7.86      2.00     3   5.2884
#         215       0.00537     54.02      2.00     5   5.2953
#         216       0.01104      4.71      2.00     5   5.3012
#         217       0.01111     18.12      2.00     5   5.3015
#         218       0.02289      4.98      2.00     4   5.3023
#         219       0.01055     18.59      2.00     5   5.3037
#         220       0.01551      5.31      2.00     3   5.3050
#         222       0.02207     13.41      2.00     5   5.3085
#         225       0.01293     15.21      2.00     5   5.3379
#         228       0.01624      5.44      2.00     3   5.3461
#         229       0.02141     12.72      2.00     5   5.3490
#         230       0.00454      5.37      2.00     5   5.3521
#         232       0.02015      4.30      2.00     6   5.3601
#         233       0.02247     18.20      1.00     6   5.3608
#         234       0.01550      6.61      2.00     5   5.3617
#         235       0.02085      5.96      2.00     5   5.3661
#         237       0.02427      5.53      1.00     4   5.3794
#         238       0.01209      5.46      2.00     3   5.3840
#         239       0.02443      6.54      1.00     4   5.3864
#         240       0.00612      9.78      2.00     3   5.3912
#         241       0.02396      5.72      2.00     5   5.3924
#         242       0.01517      6.07      2.00     3   5.3938
#         243       0.02258      5.09      2.00     5   5.3947
#         245       0.01025     13.56      2.00     5   5.4019
#         247       0.01971      4.14      2.00     6   5.4102
#         248       0.02187     16.69      1.00     6   5.4107
#         250       0.00999      4.48      2.00     4   5.4126
#         252       0.01137      7.53      2.00     4   5.4270
#         253       0.00646      7.61      2.00     3   5.4302
#         254       0.01632      7.38      2.00     4   5.4329
#         257       0.01279      5.85      2.00     4   5.4381
#         258       0.02992      4.84      2.00     4   5.4400
#         259       0.01626      8.29      2.00     4   5.4440
#         260       0.00985      7.71      2.00     5   5.4482
#         261       0.00648      9.01      2.00     3   5.4486
#         262       0.01625      5.18      2.00     4   5.4507
#         263       0.00511     16.13      2.00     5   5.4536
#         264       0.00848      5.07      2.00     4   5.4543
#         265       0.00525     27.04      2.00     5   5.4590
#         266       0.01152      7.07      2.00     4   5.4660
#         267       0.00715     11.43      2.00     5   5.4677
#         268       0.01587     13.22      2.00     6   5.4715
#         269       0.01026     12.83      2.00     5   5.4764
#         270       0.01204      6.87      2.00     3   5.4772
#         271       0.01551      6.67      2.00     3   5.4798
#         272       0.01482      4.21      1.00     4   5.4794
#         274       0.00735     11.61      2.00     5   5.4906
#         275       0.00653      9.11      2.00     3   5.4918
#         276       0.01510      5.31      1.00     4   5.4917
#         277       0.01372     14.31      2.00     5   5.4915
#         280       0.01040      4.55      2.00     5   5.5015
#         281       0.00641      9.27      2.00     4   5.5042
#         282       0.01774      5.59      2.00     5   5.5046
#         283       0.00831      4.93      2.00     4   5.5048
#         284       0.01201      5.32      2.00     4   5.5074
#         286       0.01183      8.05      2.00     4   5.5120
#         287       0.01154      4.07      2.00     3   5.5146
#         289       0.01762      5.82      2.00     5   5.5191
#         290       0.00994      7.62      2.00     5   5.5191
#         291       0.01160      6.65      2.00     4   5.5275
#         292       0.00953      4.74      2.00     5   5.5333
#         294       0.02378      5.36      2.00     5   5.5478
#         296       0.02252      4.50      2.00     5   5.5503
#         298       0.01400      6.04      2.00     5   5.5554
#         299       0.01817     15.04      2.00     6   5.5568
#         300       0.01086      9.47      2.00     4   5.5628
#         301       0.01097      6.03      2.00     4   5.5655
#         302       0.01163      7.00      2.00     4   5.5680
#         303       0.01274      4.17      2.00     5   5.5726
#         304       0.00701      8.16      2.00     4   5.5753
#         305       0.01811     15.05      2.00     6   5.5809
#         306       0.00816     10.41      2.00     5   5.5827
#         307       0.01580     11.90      2.00     6   5.5894
#         308       0.00846     10.33      2.00     5   5.5933
#         309       0.01213      4.19      2.00     5   5.5984
#         310       0.01367      6.63      2.00     5   5.6044
#         311       0.00685      8.54      2.00     4   5.6055
#         312       0.01061      6.28      2.00     5   5.6096
#         313       0.01200      6.61      2.00     4   5.6126
#         315       0.00500      8.35      2.00     4   5.6189
#         316       0.00675      6.25      2.00     4   5.6191
#         319       0.01190      7.51      2.00     4   5.6206
#         323       0.00541      9.23      2.00     4   5.6247
#         326       0.01036      4.11      2.00     5   5.6359
#         330       0.02544      9.93      2.00     5   5.6454
#         331       0.01067      5.34      1.00     4   5.6462
#         332       0.01318     11.66      2.00     5   5.6508
#         333       0.00538      6.88      2.00     4   5.6528
#         334       0.01121      5.93      2.00     3   5.6541
#         335       0.01168      8.81      2.00     5   5.6555
#         336       0.01192      4.86      2.00     5   5.6551
#         338       0.01097      9.64      2.00     4   5.6660
#         339       0.01163     10.57      2.00     5   5.6660
#         340       0.00876      5.37      2.00     4   5.6685
#         342       0.01157      4.49      2.00     5   5.6697
#         343       0.01108      4.74      2.00     4   5.6702
#         345       0.00964     15.45      2.00     6   5.6723
#         346       0.01158      8.32      2.00     5   5.6731
#         347       0.01095      5.11      2.00     5   5.6748
#         348       0.01253     11.15      2.00     6   5.6776
#         349       0.01800      5.72      2.00     5   5.6964
#         351       0.01122     11.31      2.00     5   5.7063
#         352       0.01174      7.85      2.00     4   5.7075
#         353       0.01063      4.73      2.00     5   5.7084
#         354       0.01149      8.50      2.00     5   5.7090
#         355       0.00547      7.96      2.00     4   5.7092
#         356       0.01194      8.10      2.00     5   5.7095
#         357       0.01148     13.60      2.00     5   5.7195
#         358       0.02610      4.98      2.00     6   5.7216
#         359       0.02186      6.69      2.00     6   5.7225
#         360       0.01129      7.99      2.00     5   5.7231
#         361       0.01150      9.61      2.00     5   5.7236
#         362       0.02620     12.26      1.00     6   5.7239
#         363       0.01227      5.32      2.00     5   5.7245
#         364       0.01252      4.62      2.00     6   5.7255
#         365       0.00982      4.08      2.00     4   5.7259
#         366       0.00643     14.71      1.00     6   5.7270
#         367       0.01251      5.33      2.00     6   5.7271
#         368       0.01179      4.86      2.00     4   5.7316
#         369       0.00681     21.38      1.00     6   5.7373
#         371       0.00969     14.84      2.00     6   5.7438
#         372       0.00984      4.00      2.00     4   5.7506
#         373       0.00869      5.18      2.00     4   5.7668
#         374       0.01757      6.20      2.00     5   5.7703
#         375       0.01832      4.61      2.00     6   5.7748
#         377       0.01605     11.76      2.00     6   5.7799
#         378       0.00981      4.12      2.00     5   5.7823
#         379       0.01874     17.78      2.00     6   5.7823
#         380       0.02529      8.94      2.00     5   5.7847
#         382       0.01180      8.93      2.00     5   5.7880
#         383       0.01063      5.86      2.00     5   5.7898
#         384       0.01002     13.51      2.00     5   5.7897
#         385       0.01041      5.92      2.00     4   5.7911
#         386       0.01783      5.19      2.00     5   5.7913
#         389       0.01217      4.35      2.00     4   5.8203
#         390       0.01210      4.52      2.00     5   5.8213
#         392       0.01476      6.01      2.00     5   5.8255
#         393       0.01249      7.92      2.00     5   5.8259
#         395       0.01808     29.21      2.00     7   5.8263
#         396       0.01265      8.52      2.00     5   5.8296
#         398       0.01812     17.80      2.00     6   5.8321
#         399       0.00971      7.55      2.00     3   5.8360
#         400       0.01258      4.29      2.00     5   5.8367
#         401       0.01014      4.35      1.00     4   5.8404
#         402       0.01761      4.74      2.00     6   5.8491
#         404       0.01794     28.47      2.00     7   5.8508
#         406       0.02632      4.64      2.00     6   5.8657
#         407       0.02608     10.82      1.00     6   5.8681
#         408       0.01011      7.31      2.00     4   5.8712
#         409       0.01451      5.78      2.00     5   5.8734
#         410       0.01010      8.82      2.00     5   5.8767
#         411       0.01024      5.43      2.00     5   5.8794
#         413       0.01013     12.50      2.00     5   5.8831
#         416       0.01027      5.66      2.00     5   5.8873
#         417       0.01214      4.83      2.00     5   5.8921
#         418       0.01196      7.51      2.00     5   5.8922
#         419       0.00988     13.46      2.00     5   5.8938
#         421       0.01108      4.95      2.00     5   5.9080
#         422       0.01394      6.47      2.00     5   5.9232
#         424       0.00793      5.31      1.00     6   5.9307
#         425       0.05531      7.01      2.00     7   5.9305
#         426       0.01439      8.84      2.00     6   5.9314
#         427       0.01128      5.53      1.00     6   5.9313
#         428       0.01200      6.93      1.00     6   5.9315
#         429       0.03364      7.11      2.00     7   5.9312
#         430       0.01646     13.81      2.00     6   5.9333
#         431       0.01032      8.81      1.00     6   5.9332
#         432       0.01388     11.13      2.00     6   5.9335
#         433       0.01415      7.85      2.00     5   5.9337
#         434       0.01010      6.99      2.00     4   5.9342
#         435       0.00937      8.91      2.00     3   5.9402
#         436       0.01616      8.43      2.00     6   5.9448
#         437       0.01197      8.23      1.00     6   5.9456
#         438       0.01204      7.61      1.00     6   5.9455
#         439       0.01645      7.89      2.00     6   5.9460
#         440       0.01006     10.42      1.00     6   5.9472
#         442       0.00969     10.07      2.00     4   5.9572
#         443       0.01864      6.27      2.00     7   5.9575
#         444       0.05222      6.74      2.00     7   5.9580
#         445       0.01029      6.05      2.00     5   5.9585
#         446       0.03252      6.82      2.00     7   5.9586
#         447       0.01071      9.84      2.00     5   5.9601
#         452       0.01037      5.78      2.00     6   5.9784
#         456       0.06430      7.18      2.00     7   5.9893
#         457       0.03407      7.06      2.00     7   5.9908
#         460       0.01039      6.58      2.00     6   6.0022
#         461       0.01006      7.05      2.00     5   6.0066
#         462       0.01101      4.45      2.00     5   6.0100
#         463       0.00853      5.26      2.00     4   6.0188
#         465       0.01145      6.14      2.00     6   6.0210
#         466       0.01694     13.42      2.00     7   6.0210
#         468       0.01709     12.65      2.00     7   6.0223
#         469       0.00980      4.20      2.00     6   6.0260
#         470       0.00996      4.81      2.00     5   6.0399
#         471       0.01138      6.86      2.00     6   6.0445
#         472       0.00995      6.30      2.00     5   6.0481
#         473       0.00971      5.45      2.00     6   6.0497
#         474       0.00997      4.62      2.00     6   6.0497
#         475       0.01044      4.79      2.00     5   6.0558
#         476       0.01088     11.49      2.00     5   6.0574
#         477       0.00579      8.39      2.00     5   6.0590
#         478       0.00604      8.63      1.00     4   6.0660
#         479       0.01648      5.60      2.00     6   6.0712
#         480       0.01811      5.48      2.00     6   6.0729
#         483       0.01920      6.89      2.00     6   6.0776
#         485       0.01935      6.92      2.00     6   6.0950
#         486       0.01789      9.39      2.00     6   6.0947
#         487       0.01152      5.48      2.00     6   6.0993
#         490       0.01208      7.58      2.00     6   6.1020
#         492       0.01170     14.23      2.00     6   6.1036
#         493       0.01703      4.71      2.00     6   6.1034
#         494       0.01740      5.93      2.00     6   6.1034
#         495       0.01056      5.33      2.00     6   6.1037
#         496       0.01089      7.51      2.00     6   6.1048
#         497       0.01693      5.03      2.00     6   6.1065
#         498       0.01018      7.18      2.00     5   6.1081
#         499       0.01169      7.72      2.00     6   6.1080
#         500       0.01043      6.46      2.00     6   6.1091
#         501       0.01012      8.57      2.00     6   6.1092
#         502       0.01133     19.50      2.00     6   6.1108
#         503       0.01150      4.26      2.00     6   6.1135
#         504       0.01169      6.93      2.00     6   6.1151
#         505       0.01115      6.48      2.00     6   6.1245
#         507       0.01878      6.66      2.00     6   6.1434
#         508       0.01006      9.35      2.00     6   6.1501
#         509       0.01036     11.51      2.00     6   6.1501
#         511       0.01016      4.12      2.00     6   6.1528
#         513       0.06283      6.19      2.00     7   6.1540
#         515       0.03402      6.08      2.00     7   6.1560
#         516       0.01056     14.14      2.00     6   6.1615
#         517       0.01028     11.19      2.00     6   6.1615
#         519       0.01044      6.20      2.00     6   6.1651
#         520       0.01047      5.67      2.00     6   6.1651
#         521       0.01039      5.72      2.00     6   6.1657
#         522       0.01045      7.18      2.00     6   6.1657
#         527       0.01817      6.93      2.00     6   6.1740
#         529       0.01814      5.86      2.00     6   6.1825
#         534       0.01836      4.59      2.00     6   6.2082
#         535       0.01691      5.00      2.00     6   6.2082
#         536       0.01785      5.61      2.00     6   6.2082
#         537       0.01465     31.59      2.00     5   6.2094
#         538       0.00995      4.03      2.00     5   6.2104
#         539       0.01447      4.37      2.00     6   6.2104
#         540       0.01011      6.62      2.00     5   6.2117
#         545       0.01055      4.77      2.00     6   6.2319
#         546       0.01022     12.96      2.00     6   6.2335
#         547       0.00925      4.31      2.00     4   6.2356
#         550       0.01481     12.11      2.00     7   6.2479
#         551       0.01266      4.47      2.00     5   6.2503
#         552       0.00617      8.92      1.00     4   6.2606
#         554       0.01084      6.63      2.00     7   6.2723
#         556       0.01455     13.07      2.00     7   6.2722
#         557       0.01072      6.23      1.00     6   6.2740
#         558       0.01028     10.73      2.00     7   6.2744
#         559       0.01082     10.76      1.00     6   6.2744
#         560       0.00881      9.74      2.00     5   6.2753
#         561       0.00896      4.14      2.00     3   6.2767
#         563       0.01462      6.62      2.00     6   6.2910
#         565       0.01953     10.55      2.00     7   6.2981
#         567       0.02219      7.46      2.00     7   6.2996
#         569       0.02139     16.92      2.00     7   6.3017
#         571       0.01441      6.52      2.00     6   6.3135
#         572       0.01655     38.64      2.00     5   6.3140
#         573       0.01003      7.08      2.00     6   6.3205
#         575       0.01742      4.77      2.00     6   6.3229
#         577       0.01024     10.35      2.00     6   6.3251
#         578       0.01834      9.92      2.00     7   6.3260
#         579       0.05151     11.10      2.00     7   6.3259
#         582       0.02352      4.48      2.00     7   6.3277
#         583       0.02228      5.93      2.00     7   6.3277
#         585       0.01086      5.05      2.00     6   6.3342
#         586       0.00665      4.26      2.00     4   6.3351
#         589       0.01039     13.37      2.00     6   6.3358
#         590       0.02851      6.01      2.00     7   6.3374
#         591       0.05259      5.96      2.00     7   6.3380
#         592       0.04347      5.88      2.00     7   6.3398
#         594       0.02915      8.13      2.00     7   6.3528
#         595       0.01560     32.37      1.00     6   6.3529
#         598       0.01848      4.19      2.00     6   6.3621
#         599       0.01693     46.07      1.00     6   6.3674
#         600       0.01335      5.36      2.00     7   6.3752
#         601       0.01078      9.64      2.00     7   6.3751
#         602       0.01072      6.69      2.00     7   6.3753
#         603       0.01051     19.06      2.00     7   6.3770
#         604       0.01537     11.69      2.00     7   6.3771
#         605       0.01376     11.84      2.00     7   6.3771
#         606       0.00802      5.58      2.00     4   6.3788
#         608       0.00968      6.56      2.00     5   6.3791
#         609       0.00657     13.26      2.00     5   6.3799
#         610       0.02788      7.77      2.00     7   6.3799
#         611       0.02451      4.95      2.00     5   6.3807
#         612       0.00987      7.82      2.00     5   6.3869
#         613       0.01417      4.38      2.00     7   6.3868
#         614       0.01099     10.81      2.00     7   6.3875
#         615       0.01085      9.83      2.00     7   6.3876
#         616       0.01395      5.21      2.00     7   6.3880
#         617       0.01054     23.49      2.00     7   6.3892
#         621       0.02161      6.71      2.00     7   6.3965
#         622       0.02106     15.78      2.00     7   6.3987
#         624       0.03363     11.31      2.00     7   6.4014
#         625       0.03062      8.44      2.00     7   6.4102
#         628       0.04770     12.59      2.00     7   6.4294
#         629       0.02050      9.79      2.00     7   6.4302
#         631       0.02186      5.69      2.00     7   6.4306
#         633       0.01023      6.05      2.00     5   6.4418
#         634       0.03266     10.73      2.00     7   6.4418
#         637       0.00981      6.53      2.00     7   6.4452
#         638       0.00978      6.05      2.00     7   6.4471
#         639       0.01064      6.51      2.00     5   6.4480
#         640       0.00720     16.92      2.00     5   6.4776
#         641       0.00997      4.44      2.00     6   6.4838
#         642       0.01147      7.30      2.00     5   6.4840
#         644       0.01016      6.19      2.00     6   6.4901
#         650       0.01142      4.50      2.00     5   6.5090
#         656       0.00712     26.54      2.00     6   6.5233
#         657       0.02670      5.32      2.00     6   6.5251
#         658       0.00941     11.93      2.00     6   6.5279
#         659       0.00738     38.70      2.00     6   6.5310
#         664       0.02655      5.85      2.00     6   6.5363
#         666       0.01217      7.01      2.00     5   6.5414
#         667       0.01112      4.67      2.00     7   6.5458
#         670       0.01295      4.89      2.00     6   6.5471
#         671       0.01022     14.26      2.00     7   6.5474
#         672       0.01082      4.28      2.00     7   6.5475
#         673       0.01131      5.81      2.00     7   6.5487
#         675       0.01278      4.97      2.00     5   6.5506
#         677       0.01131      5.54      2.00     7   6.5511
#         678       0.01119      6.36      2.00     7   6.5512
#         681       0.01033     21.09      2.00     7   6.5528
#         683       0.02003      5.22      2.00     6   6.5581
#         685       0.01622      9.07      2.00     7   6.5605
#         687       0.02998      7.36      2.00     7   6.5752
#         689       0.02173      4.58      2.00     7   6.5829
#         690       0.02183      8.26      2.00     7   6.5836
#         692       0.01585      8.97      2.00     7   6.5835
#         693       0.04358     11.90      2.00     7   6.5841
#         699       0.01059      8.88      2.00     7   6.5939
#         701       0.01150     10.20      2.00     6   6.5971
#         702       0.01277      4.60      2.00     6   6.5977
#         703       0.01086     11.08      2.00     7   6.6035
#         705       0.01490      8.85      2.00     6   6.6039
#         707       0.02819      5.75      2.00     6   6.6042
#         713       0.01227      4.62      2.00     5   6.6119
#         714       0.01791      6.04      2.00     7   6.6141
#         720       0.02142      5.15      2.00     6   6.6197
#         723       0.00868     12.93      2.00     6   6.6300
#         724       0.02116      6.96      2.00     7   6.6483
#         725       0.01901      4.23      2.00     7   6.6489
#         726       0.02066      4.30      2.00     7   6.6507
#         727       0.01292      9.58      2.00     6   6.6525
#         728       0.01076     24.27      2.00     6   6.6533
#         731       0.01982      7.02      2.00     6   6.6567
#         734       0.02105      5.36      2.00     6   6.6603
#         736       0.01358     11.31      2.00     6   6.6653
#         738       0.01217      9.39      2.00     6   6.6681
#         743       0.01097      4.36      2.00     7   6.6935
#         744       0.00721      7.78      1.00     6   6.6946
#         745       0.01876      4.26      2.00     7   6.6974
#         746       0.02128      6.35      2.00     7   6.6972
#         748       0.02022      4.29      2.00     7   6.7018
#         751       0.00983      8.03      2.00     6   6.7117
#         756       0.00697      4.26      2.00     3   6.7148
#         757       0.01890      5.76      2.00     6   6.7145
#         759       0.01238      8.37      2.00     6   6.7175
#         760       0.01883     12.62      2.00     7   6.7211
#         765       0.02036      6.33      2.00     7   6.7428
#         767       0.01958      8.14      2.00     6   6.7446
#         769       0.03538      9.82      2.00     7   6.7448
#         771       0.01526     19.90      2.00     7   6.7474
#         772       0.02998      7.10      2.00     7   6.7477
#         774       0.01895      4.22      2.00     7   6.7493
#         778       0.01159     30.46      2.00     6   6.7560
#         780       0.02954      8.33      2.00     7   6.7583
#         781       0.02045      7.09      2.00     6   6.7599
#         782       0.01856      4.92      2.00     7   6.7599
#         783       0.01515      6.63      2.00     6   6.7634
#         786       0.02907      6.64      2.00     7   6.7653
#         788       0.01842      4.00      2.00     7   6.7670
#         790       0.01021      4.04      2.00     6   6.7672
#         794       0.00978     11.29      2.00     6   6.7840
#         797       0.01140     53.13      2.00     7   6.7967
#         798       0.01611      8.09      2.00     6   6.7986
#         804       0.01908      9.59      2.00     7   6.8002
#         806       0.01851      5.99      2.00     6   6.8014
#         808       0.02228      7.31      2.00     7   6.8012
#         814       0.00624      5.29      2.00     4   6.8059
#         815       0.01179     75.20      2.00     7   6.8094
#         816       0.01130      4.79      2.00     6   6.8097
#         817       0.01747      4.39      2.00     7   6.8117
#         818       0.02133      4.23      2.00     7   6.8116
#         819       0.01872     11.38      2.00     7   6.8133
#         821       0.02261      6.74      2.00     7   6.8153
#         825       0.02243      8.17      2.00     7   6.8159
#         828       0.01572      4.12      2.00     7   6.8175
#         831       0.01889     12.40      2.00     7   6.8179
#         835       0.00854      5.77      2.00     6   6.8290
#         836       0.01199      8.85      2.00     6   6.8290
#         838       0.01765      4.25      2.00     7   6.8314
#         839       0.01765      4.06      2.00     7   6.8318
#         841       0.00598      4.81      2.00     4   6.8351
#         842       0.00618      5.32      2.00     4   6.8426
#         843       0.01622     21.25      2.00     7   6.8520
#         845       0.00627      5.04      2.00     4   6.8583
#         846       0.01497      6.24      2.00     6   6.8618
#         847       0.00648      5.05      2.00     4   6.8619
#         850       0.02368      7.42      2.00     7   6.8802
#         853       0.02102      4.18      2.00     7   6.8819
#         855       0.02017     11.14      2.00     7   6.8836
#         857       0.00577      7.78      2.00     5   6.8885
#         859       0.00644      4.70      2.00     4   6.8908
#         862       0.01119      4.60      2.00     6   6.9044
#         863       0.03406      5.50      2.00     7   6.9091
#         865       0.02233      5.21      2.00     7   6.9183
#         866       0.01805      4.18      2.00     7   6.9198
#         867       0.01818      5.69      2.00     7   6.9235
#         868       0.01419      7.36      2.00     5   6.9309
#         869       0.01821      4.47      2.00     7   6.9306
#         871       0.00725     11.60      2.00     5   6.9442
#         872       0.01974      6.72      2.00     6   6.9465
#         873       0.00592      6.67      2.00     5   6.9494
#         877       0.01351      5.10      2.00     6   6.9528
#         878       0.01981      8.63      2.00     6   6.9581
#         880       0.01991      6.76      2.00     6   6.9648
#         881       0.02047      5.16      2.00     6   6.9650
#         882       0.02121      4.79      2.00     7   6.9663
#         883       0.01119     20.92      2.00     7   6.9672
#         886       0.02125      7.18      2.00     7   6.9706
#         887       0.01172     31.49      2.00     7   6.9730
#         889       0.00660      5.02      2.00     5   6.9756
#         890       0.00660      5.07      2.00     5   6.9756
#         891       0.02090      9.78      2.00     7   6.9770
#         892       0.02240      9.06      2.00     6   6.9800
#         898       0.02401      6.11      2.00     7   6.9845
#         902       0.02028      4.04      2.00     7   6.9861
#         904       0.01995     10.95      2.00     7   6.9877
#         906       0.01275      4.20      2.00     6   6.9926
#         907       0.02709      7.07      2.00     6   6.9930
#         910       0.00725     10.34      2.00     5   7.0054
#         911       0.02847      9.27      2.00     6   7.0057
#         912       0.01664     18.80      2.00     7   7.0055
#         913       0.02925      6.36      2.00     6   7.0147
#         914       0.02974      4.98      2.00     7   7.0143
#         915       0.02910      7.47      2.00     6   7.0157
#         916       0.01208      5.26      2.00     6   7.0256
#         917       0.01378      7.42      2.00     6   7.0292
#         918       0.01622      9.06      2.00     7   7.0338
#         919       0.01338      7.56      2.00     5   7.0353
#         920       0.02416      7.92      2.00     6   7.0411
#         921       0.01630      5.63      2.00     7   7.0469
#         923       0.01342      9.33      2.00     6   7.0523
#         925       0.01405      5.39      2.00     6   7.0539
#         926       0.02183      8.23      2.00     7   7.0540
#         927       0.03374      4.89      2.00     7   7.0644
#         928       0.01284      5.14      2.00     6   7.0764
#         929       0.01915      8.24      2.00     6   7.0764
#         930       0.00610      5.56      2.00     5   7.0793
#         931       0.00659      4.62      2.00     5   7.0797
#         932       0.00659      4.69      2.00     5   7.0797
#         933       0.02330      8.99      2.00     6   7.0821
#         934       0.01454     12.24      2.00     7   7.0963
#         935       0.01480     14.86      2.00     7   7.1073
#         936       0.00733     11.35      2.00     6   7.1191
#         937       0.01250      6.11      2.00     6   7.1266
#         938       0.01701      8.66      2.00     7   7.1292
#         939       0.00725     12.65      2.00     6   7.1331
#         940       0.02061      7.75      2.00     6   7.1342
#         943       0.01775      6.05      2.00     7   7.1499
#         945       0.02217      9.41      2.00     7   7.1513
#         946       0.03132      4.41      2.00     7   7.1576
#         947       0.01922      6.22      2.00     6   7.1598
#         949       0.01555     14.16      2.00     7   7.1644
#         950       0.00610     11.72      2.00     6   7.1669
#         951       0.01239     11.50      2.00     7   7.1691
#         952       0.01345      5.83      2.00     6   7.1801
#         953       0.01984      8.93      2.00     6   7.1801
#         954       0.01258     14.29      2.00     7   7.1800
#         955       0.01257      5.35      2.00     7   7.1833
#         956       0.01348      5.03      2.00     6   7.1843
#         957       0.01258     11.10      2.00     7   7.1872
#         958       0.01960     10.63      2.00     7   7.2199
#         959       0.01959     12.78      2.00     7   7.2199
#         960       0.02042      8.69      2.00     6   7.2216
#         961       0.02244      8.52      2.00     7   7.2220
#         962       0.02288      5.81      2.00     7   7.2220
#         963       0.00640     10.49      2.00     6   7.2228
#         964       0.02496      9.27      2.00     7   7.2226
#         965       0.02507     10.88      2.00     7   7.2226
#         966       0.01392     10.55      2.00     7   7.2231
#         967       0.01200      7.25      2.00     7   7.2256
#         968       0.02016     16.24      2.00     7   7.2335
#         969       0.02013     13.56      2.00     7   7.2335
#         970       0.01261     11.20      2.00     7   7.2368
#         971       0.02499     11.45      2.00     7   7.2371
#         972       0.02537     10.70      2.00     7   7.2371
#         973       0.02473     11.85      2.00     7   7.2377
#         974       0.02497     12.94      2.00     7   7.2377
#         975       0.01308     12.64      2.00     7   7.2386
#         976       0.01015      4.59      2.00     6   7.2395
#         978       0.01042      6.56      2.00     6   7.2646
#         979       0.01317      4.66      2.00     7   7.2667
#         981       0.01365      5.99      2.00     7   7.2710
#         982       0.01285      6.79      2.00     7   7.3014
#         983       0.02920     11.63      2.00     7   7.3016
#         984       0.01418      5.76      2.00     7   7.3015
#         985       0.01361      7.56      2.00     7   7.3016
#         986       0.01849      5.20      2.00     7   7.3035
#         987       0.01883      9.87      2.00     7   7.3034
#         988       0.01165      8.39      2.00     7   7.3033
#         989       0.01907     15.33      2.00     7   7.3033
#         990       0.02162      5.45      2.00     7   7.3056
#         991       0.01232      6.07      2.00     7   7.3395
#         992       0.01253      7.68      2.00     7   7.3436
#         993       0.01253      5.60      2.00     7   7.3508
#         994       0.01783      5.80      2.00     6   7.3545
#         998       0.01204      4.43      2.00     6   7.3860
#         999       0.01078      8.38      2.00     7   7.3903
#        1000       0.01507      5.00      2.00     7   7.3971
#        1001       0.01100     12.42      2.00     7   7.3971
#        1003       0.01687      7.94      2.00     7   7.4054
#        1004       0.03066      6.90      2.00     7   7.4061
#        1005       0.02925     10.48      2.00     7   7.4062
#        1006       0.01388      8.19      2.00     7   7.4061
#        1007       0.01378      8.49      2.00     7   7.4062
#        1008       0.01820      9.45      2.00     7   7.4067
#        1009       0.01152      9.30      2.00     7   7.4079
#        1010       0.01888     16.25      2.00     7   7.4079
#        1012       0.01271      5.50      2.00     6   7.4302
#        1013       0.01154      4.13      2.00     6   7.4322
#        1015       0.01562      5.41      2.00     6   7.4698
#        1016       0.01394      5.24      2.00     6   7.4717
#        1017       0.01149      4.17      2.00     6   7.4728
#        1018       0.01559      6.26      2.00     7   7.4737
#        1019       0.01411      5.41      2.00     7   7.4808
#        1021       0.01272      4.22      2.00     7   7.5135
#        1022       0.00953      6.03      2.00     6   7.5324
#        1023       0.01441      4.94      2.00     7   7.5607
#        1024       0.01075      7.25      2.00     7   7.5621
#        1025       0.01628      8.05      2.00     7   7.5715
#        1026       0.02027      4.84      2.00     7   7.5715
#        1027       0.02331      6.20      2.00     7   7.5769
#        1031       0.01364      4.02      2.00     7   7.6177
#        1032       0.02475      5.93      2.00     7   7.6343
#        1033       0.01549      4.73      2.00     7   7.6444
#        1034       0.01143      6.70      2.00     7   7.6563
#        1035       0.01606      7.61      2.00     7   7.6975
#        1038       0.02367     41.33      2.00     7   7.7230
#        1039       0.01123      4.12      2.00     6   7.7492
#        1041       0.01120      4.70      2.00     6   7.7862
#        1044       0.02687     50.38      2.00     7   7.8280
#        1045       0.01215      4.94      2.00     6   7.8476
#        1047       0.01011      4.50      2.00     6   7.8924
#        1048       0.01155      6.08      2.00     7   7.8927
#        1049       0.01202      4.41      2.00     6   7.8998
#        1050       0.01203      9.32      2.00     7   7.9010
#        1055       0.01253      4.92      2.00     7   7.9824
#        1058       0.01183     20.74      2.00     7   7.9916
#        1059       0.01207      4.36      2.00     7   8.0226
#        1060       0.02894      6.04      2.00     7   8.0259
#        1064       0.01309      5.27      2.00     7   8.0433
#        1065       0.01151      4.33      2.00     7   8.0631
#        1066       0.01148      6.71      2.00     7   8.0646
#        1073       0.01764      5.22      2.00     7   8.1113
#        1074       0.01349      5.69      2.00     7   8.1260
#        1075       0.02723      6.27      2.00     7   8.1303
#        1078       0.01473      4.99      2.00     6   8.3452
#        1079       0.00782     10.33      2.00     7   8.4025
#        1080       0.01634     15.88      2.00     7   8.4583
#        1081       0.01613     15.03      2.00     7   8.5190
#        1083       0.01357      4.51      2.00     7   8.7210
#        1084       0.02246      4.43      2.00     7   8.8043
#        1085       0.01487      5.13      2.00     7   8.8832
#   735/ 965 paths used
#  xsedge+50, used to normalize mu           1.0000E+00
#  -----------------------------------------------------------------------
#  omega    e    k    mu    mu0     chi     @#
    9726.206   -204.339  -7.200 -2.90505E-06 -2.86237E-06  1.68076E-05
    9728.940   -201.605  -7.150 -6.38993E-06 -6.33851E-06  1.73658E-05
    9731.655   -198.891  -7.100 -9.87480E-06 -9.81466E-06  1.75070E-05
    9734.350   -196.195  -7.050 -1.33597E-05 -1.32908E-05  1.74003E-05
    9737.027   -193.519  -7.000 -1.68446E-05 -1.67669E-05  1.73848E-05
    9739.684   -190.861  -6.950 -2.03294E-05 -2.02431E-05  1.77407E-05
    9742.322   -188.223  -6.900 -2.38143E-05 -2.37192E-05  1.85008E-05
    9744.942   -185.603  -6.850 -2.72215E-05 -2.71082E-05  1.95195E-05
    9747.542   -183.003  -6.800 -3.05407E-05 -3.03984E-05  2.04934E-05
    9750.123   -180.422  -6.750 -3.38599E-05 -3.36886E-05  2.11155E-05
    9752.686   -177.860  -6.700 -3.71791E-05 -3.69788E-05  2.13973E-05
    9755.229   -175.316  -6.650 -4.04983E-05 -4.02690E-05  2.15639E-05
    9757.753   -172.792  -6.600 -4.38175E-05 -4.35592E-05  2.19193E-05
    9760.258   -170.287  -6.550 -4.71368E-05 -4.68494E-05  2.26612E-05
    9762.744   -167.801  -6.500 -5.04560E-05 -5.01396E-05  2.37590E-05
    9765.211   -165.334  -6.450 -5.37088E-05 -5.33075E-05  2.51638E-05
    9767.659   -162.886  -6.400 -5.69188E-05 -5.63963E-05  2.65389E-05
    9770.088   -160.457  -6.350 -6.01287E-05 -5.94850E-05  2.75877E-05
    9772.498   -158.048  -6.300 -6.33386E-05 -6.25737E-05  2.83207E-05
    9774.888   -155.657  -6.250 -6.65485E-05 -6.56624E-05  2.89329E-05
    9777.260   -153.285  -6.200 -6.97584E-05 -6.87511E-05  2.97009E-05
    9779.613   -150.932  -6.150 -7.29684E-05 -7.18398E-05  3.08326E-05
    9781.946   -148.599  -6.100 -7.61783E-05 -7.49285E-05  3.23516E-05
    9784.261   -146.284  -6.050 -7.94994E-05 -7.79662E-05  3.43656E-05
    9786.556   -143.989  -6.000 -8.31800E-05 -8.08388E-05  3.72879E-05
    9788.833   -141.712  -5.950 -8.68607E-05 -8.37113E-05  4.00090E-05
    9791.090   -139.455  -5.900 -9.05413E-05 -8.65839E-05  4.24450E-05
    9793.329   -137.216  -5.850 -9.42219E-05 -8.94565E-05  4.46829E-05
    9795.548   -134.997  -5.800 -9.79026E-05 -9.23290E-05  4.69465E-05
    9797.748   -132.797  -5.750 -1.01583E-04 -9.52016E-05  4.94931E-05
    9799.929   -130.616  -5.700 -1.05264E-04 -9.80742E-05  5.24902E-05
    9802.092   -128.454  -5.650 -1.08944E-04 -1.00947E-04  5.59306E-05
    9804.235   -126.310  -5.600 -1.21784E-04 -1.03762E-04  6.43008E-05
    9806.359   -124.186  -5.550 -1.63164E-04 -1.06400E-04  8.84381E-05
    9808.464   -122.081  -5.500 -2.04544E-04 -1.09038E-04  1.14223E-04
    9810.550   -119.995  -5.450 -2.45925E-04 -1.11677E-04  1.41451E-04
    9812.617   -117.928  -5.400 -2.87305E-04 -1.14315E-04  1.70117E-04
    9814.665   -115.881  -5.350 -3.28685E-04 -1.16953E-04  2.00419E-04
    9816.693   -113.852  -5.300 -3.70065E-04 -1.19591E-04  2.32649E-04
    9818.703   -111.842  -5.250 -4.11445E-04 -1.22229E-04  2.67027E-04
    9820.694   -109.851  -5.200 -4.52826E-04 -1.24867E-04  3.03548E-04
    9822.666   -107.880  -5.150 -4.94206E-04 -1.27505E-04  3.41927E-04
    9824.618   -105.927  -5.100 -5.07994E-04 -1.30023E-04  3.80257E-04
    9826.552   -103.993  -5.050 -4.89821E-04 -1.32402E-04  3.94097E-04
    9828.466   -102.079  -5.000 -4.71648E-04 -1.34782E-04  3.67084E-04
    9830.362   -100.183  -4.950 -4.53476E-04 -1.37161E-04  2.97730E-04
    9832.238    -98.307  -4.900 -4.35303E-04 -1.39540E-04  1.96064E-04
    9834.095    -96.450  -4.850 -4.17130E-04 -1.41920E-04  8.10598E-05
    9835.934    -94.611  -4.800 -3.98957E-04 -1.44299E-04 -2.44334E-05
    9837.753    -92.792  -4.750 -3.80784E-04 -1.46678E-04 -9.98788E-05
    9839.553    -90.992  -4.700 -3.62611E-04 -1.49058E-04 -1.32691E-04
    9841.334    -89.211  -4.650 -3.44439E-04 -1.51437E-04 -1.21761E-04
    9843.097    -87.449  -4.600 -3.26266E-04 -1.53816E-04 -7.78859E-05
    9844.840    -85.706  -4.550 -3.15709E-04 -1.56006E-04 -5.60449E-05
    9846.564    -83.981  -4.500 -3.09327E-04 -1.58092E-04 -5.23310E-05
    9848.269    -82.277  -4.450 -3.02945E-04 -1.60178E-04 -4.80636E-05
    9849.955    -80.591  -4.400 -2.96563E-04 -1.62264E-04 -4.35010E-05
    9851.621    -78.924  -4.350 -2.90181E-04 -1.64350E-04 -3.87879E-05
    9853.269    -77.276  -4.300 -2.83799E-04 -1.66436E-04 -3.38915E-05
    9854.898    -75.647  -4.250 -2.77417E-04 -1.68522E-04 -2.85885E-05
    9856.508    -74.037  -4.200 -2.71034E-04 -1.70608E-04 -2.25107E-05
    9858.098    -72.447  -4.150 -2.64652E-04 -1.72694E-04 -1.52429E-05
    9859.670    -70.875  -4.100 -2.58270E-04 -1.74780E-04 -6.44495E-06
    9861.223    -69.323  -4.050 -2.51888E-04 -1.76866E-04  4.03586E-06
    9862.756    -67.789  -4.000 -2.45506E-04 -1.78952E-04  1.60990E-05
    9864.271    -66.275  -3.950 -2.42079E-04 -1.80910E-04  2.46913E-04
    9865.766    -64.779  -3.900 -2.43734E-04 -1.82646E-04  8.82005E-04
    9867.242    -63.303  -3.850 -2.45388E-04 -1.84383E-04  1.44894E-03
    9868.700    -61.845  -3.800 -2.47042E-04 -1.86119E-04  1.80476E-03
    9870.138    -60.407  -3.750 -2.48697E-04 -1.87856E-04  1.83491E-03
    9871.557    -58.988  -3.700 -2.50351E-04 -1.89592E-04  1.48355E-03
    9872.957    -57.588  -3.650 -2.52006E-04 -1.91329E-04  7.73273E-04
    9874.338    -56.207  -3.600 -2.53660E-04 -1.93065E-04 -1.91098E-04
    9875.701    -54.845  -3.550 -2.55315E-04 -1.94802E-04 -1.23694E-03
    9877.044    -53.502  -3.500 -2.56969E-04 -1.96539E-04 -2.15468E-03
    9878.368    -52.178  -3.450 -2.58624E-04 -1.98275E-04 -2.73958E-03
    9879.672    -50.873  -3.400 -2.60278E-04 -2.00012E-04 -2.83614E-03
    9880.958    -49.587  -3.350 -2.61933E-04 -2.01748E-04 -2.37576E-03
    9882.225    -48.320  -3.300 -2.63587E-04 -2.03485E-04 -1.39889E-03
    9883.473    -47.072  -3.250 -2.65242E-04 -2.05221E-04 -5.59711E-05
    9884.702    -45.844  -3.200 -2.67485E-04 -2.06576E-04  1.49278E-03
    9885.911    -44.634  -3.150 -2.69872E-04 -2.07838E-04  3.64804E-03
    9887.102    -43.443  -3.100 -2.72259E-04 -2.09100E-04  6.07537E-03
    9888.273    -42.272  -3.050 -2.74646E-04 -2.10362E-04  8.27078E-03
    9889.426    -41.119  -3.000 -2.77033E-04 -2.11624E-04  9.70725E-03
    9890.559    -39.986  -2.950 -2.79420E-04 -2.12886E-04  9.92661E-03
    9891.674    -38.871  -2.900 -2.81807E-04 -2.14148E-04  8.62380E-03
    9892.769    -37.776  -2.850 -2.84194E-04 -2.15410E-04  5.71079E-03
    9893.846    -36.700  -2.800 -2.86582E-04 -2.16672E-04  1.35094E-03
    9894.903    -35.642  -2.750 -2.88969E-04 -2.17934E-04 -4.04148E-03
    9895.941    -34.604  -2.700 -2.91356E-04 -2.19196E-04 -9.83794E-03
    9896.960    -33.585  -2.650 -2.93743E-04 -2.20458E-04 -1.52660E-02
    9897.960    -32.585  -2.600 -2.96130E-04 -2.21720E-04 -1.95068E-02
    9898.941    -31.604  -2.550 -2.98517E-04 -2.22982E-04 -2.18094E-02
    9899.903    -30.642  -2.500 -3.00904E-04 -2.24244E-04 -2.16072E-02
    9900.846    -29.699  -2.450 -3.03291E-04 -2.25506E-04 -1.86205E-02
    9901.770    -28.775  -2.400 -3.05678E-04 -2.26767E-04 -1.29262E-02
    9902.675    -27.870  -2.350 -3.08065E-04 -2.28029E-04 -4.98242E-03
    9903.561    -26.984  -2.300 -3.10452E-04 -2.29291E-04  4.40251E-03
    9904.428    -26.117  -2.250 -3.10237E-04 -2.30056E-04  1.10115E+00
    9905.276    -25.270  -2.200 -3.09461E-04 -2.30713E-04  2.26204E+00
    9906.104    -24.441  -2.150 -3.08686E-04 -2.31370E-04  2.15567E+00
    9906.914    -23.631  -2.100 -3.07910E-04 -2.32027E-04  4.10540E-01
    9907.704    -22.841  -2.050 -3.07135E-04 -2.32684E-04 -2.32462E+00
    9908.476    -22.069  -2.000 -3.06360E-04 -2.33341E-04 -4.79300E+00
    9909.228    -21.317  -1.950 -3.05584E-04 -2.33998E-04 -5.87385E+00
    9909.962    -20.583  -1.900 -3.04809E-04 -2.34655E-04 -5.16402E+00
    9910.676    -19.869  -1.850 -3.04033E-04 -2.35312E-04 -3.06929E+00
    9911.371    -19.174  -1.800 -3.03258E-04 -2.35970E-04 -4.39760E-01
    9912.048    -18.497  -1.750 -3.02482E-04 -2.36627E-04  1.93677E+00
    9912.705    -17.840  -1.700 -3.01707E-04 -2.37284E-04  3.64705E+00
    9913.343    -17.202  -1.650 -3.00931E-04 -2.37941E-04  4.63878E+00
    9913.962    -16.583  -1.600 -2.98117E-04 -2.38440E-04  7.51987E+00
    9914.562    -15.983  -1.550 -2.91568E-04 -2.38649E-04 -1.76213E+01
    9915.143    -15.402  -1.500 -2.84107E-04 -2.38775E-04  4.30076E+00
    9915.705    -14.840  -1.450 -2.75988E-04 -2.38808E-04  5.60889E+00
    9916.248    -14.297  -1.400 -2.67719E-04 -2.38738E-04  3.80623E+00
    9916.772    -13.773  -1.350 -2.60243E-04 -2.38556E-04  3.30022E+00
    9917.277    -13.268  -1.300 -2.55185E-04 -2.38247E-04  3.98379E+00
    9917.763    -12.782  -1.250 -2.54802E-04 -2.37794E-04  4.36694E+00
    9918.229    -12.316  -1.200 -2.60511E-04 -2.37181E-04  1.65356E+00
    9918.677    -11.868  -1.150 -2.71951E-04 -2.36382E-04 -2.79211E+00
    9919.106    -11.439  -1.100 -2.87886E-04 -2.35372E-04 -6.20832E+00
    9919.515    -11.030  -1.050 -3.07104E-04 -2.34117E-04 -6.16875E+00
    9919.906    -10.639  -1.000 -3.28301E-04 -2.32575E-04 -2.21884E+00
    9920.277    -10.268  -0.950 -3.50144E-04 -2.30699E-04  2.66744E+00
    9920.630     -9.915  -0.900 -3.71410E-04 -2.28435E-04  5.14272E+00
    9920.963     -9.582  -0.850 -3.91064E-04 -2.25705E-04  4.50591E+00
    9921.277     -9.268  -0.800 -4.08367E-04 -2.22432E-04  2.37292E+00
    9921.573     -8.972  -0.750 -4.22826E-04 -2.18516E-04  5.32880E-01
    9921.849     -8.696  -0.700 -4.34188E-04 -2.13849E-04 -4.19231E-01
    9922.106     -8.439  -0.650 -4.42408E-04 -2.08323E-04 -8.30705E-01
    9922.344     -8.201  -0.600 -4.47424E-04 -2.01799E-04 -1.13052E+00
    9922.563     -7.982  -0.550 -4.49472E-04 -1.94224E-04 -1.45888E+00
    9922.763     -7.782  -0.500 -4.48781E-04 -1.85594E-04 -1.74192E+00
    9922.944     -7.601  -0.450 -4.45712E-04 -1.76031E-04 -1.89969E+00
    9923.106     -7.439  -0.400 -4.40767E-04 -1.65806E-04 -1.91344E+00
    9923.249     -7.296  -0.350 -4.34509E-04 -1.55372E-04 -1.81625E+00
    9923.373     -7.172  -0.300 -4.27768E-04 -1.45295E-04 -1.65620E+00
    9923.478     -7.067  -0.250 -4.21210E-04 -1.36132E-04 -1.47769E+00
    9923.563     -6.982  -0.200 -4.15445E-04 -1.28401E-04 -1.31244E+00
    9923.630     -6.915  -0.150 -3.91990E-04 -1.03511E-04 -1.17799E+00
    9923.678     -6.867  -0.100 -3.11129E-04 -2.20051E-05 -1.11222E+00
    9923.706     -6.839  -0.050 -2.30268E-04  5.95007E-05 -1.04575E+00
    9923.716     -6.829   0.000 -1.49962E-04  1.40451E-04 -9.78864E-01
    9923.725     -6.820   0.050 -1.27842E-04  1.44226E-04 -9.15233E-01
    9923.754     -6.791   0.100 -1.05688E-04  1.48000E-04 -8.51736E-01
    9923.802     -6.744   0.150 -8.35720E-05  1.51775E-04 -7.88615E-01
    9923.868     -6.677   0.200 -3.84481E-05  1.58902E-04 -6.58812E-01
    9923.954     -6.591   0.250  1.78695E-05  1.67748E-04 -4.97998E-01
    9924.059     -6.486   0.300  8.15357E-05  1.77911E-04 -3.18522E-01
    9924.183     -6.363   0.350  1.46978E-04  1.88989E-04 -1.38063E-01
    9924.325     -6.220   0.400  2.06786E-04  2.00452E-04  2.06958E-02
    9924.487     -6.058   0.450  2.53355E-04  2.11752E-04  1.35187E-01
    9924.668     -5.877   0.500  2.79408E-04  2.22420E-04  1.84249E-01
    9924.868     -5.677   0.550  2.81392E-04  2.32150E-04  1.58522E-01
    9925.087     -5.458   0.600  2.60333E-04  2.40776E-04  6.27486E-02
    9925.326     -5.220   0.650  2.22226E-04  2.48249E-04 -8.33095E-02
    9925.583     -4.962   0.700  1.76840E-04  2.54558E-04 -2.48587E-01
    9925.859     -4.686   0.750  1.35341E-04  2.59794E-04 -3.98292E-01
    9926.154     -4.391   0.800  1.07658E-04  2.64024E-04 -5.01419E-01
    9926.469     -4.077   0.850  1.00045E-04  2.67316E-04 -5.38292E-01
    9926.802     -3.743   0.900  1.13825E-04  2.69750E-04 -5.04301E-01
    9927.154     -3.391   0.950  1.44726E-04  2.71389E-04 -4.12335E-01
    9927.526     -3.019   1.000  1.86875E-04  2.72316E-04 -2.80337E-01
    9927.916     -2.629   1.050  2.32501E-04  2.72589E-04 -1.32745E-01
    9928.326     -2.219   1.100  2.74265E-04  2.72282E-04  6.63373E-03
    9928.755     -1.791   1.150  3.06841E-04  2.71465E-04  1.19719E-01
    9929.202     -1.343   1.200  3.27338E-04  2.70205E-04  1.95749E-01
    9929.669     -0.876   1.250  3.35555E-04  2.68560E-04  2.32568E-01
    9930.155     -0.390   1.300  3.33870E-04  2.66598E-04  2.36769E-01
    9930.660      0.114   1.350  3.25544E-04  2.64370E-04  2.18414E-01
    9931.183      0.638   1.400  3.14365E-04  2.61934E-04  1.89969E-01
    9931.726      1.181   1.450  3.03643E-04  2.59338E-04  1.62945E-01
    9932.288      1.743   1.500  2.95537E-04  2.56626E-04  1.45287E-01
    9932.869      2.324   1.550  2.90713E-04  2.53832E-04  1.39814E-01
    9933.469      2.924   1.600  2.88464E-04  2.51000E-04  1.44196E-01
    9934.089      3.543   1.650  2.87146E-04  2.48155E-04  1.52340E-01
    9934.727      4.182   1.700  2.84853E-04  2.45323E-04  1.56751E-01
    9935.384      4.839   1.750  2.80216E-04  2.42529E-04  1.51632E-01
    9936.060      5.515   1.800  2.72924E-04  2.39789E-04  1.35229E-01
    9936.756      6.210   1.850  2.63816E-04  2.37118E-04  1.10476E-01
    9937.470      6.925   1.900  2.54536E-04  2.34531E-04  8.38881E-02
    9938.203      7.658   1.950  2.46818E-04  2.32037E-04  6.27889E-02
    9938.956      8.411   2.000  2.41707E-04  2.29644E-04  5.18746E-02
    9939.727      9.182   2.050  2.39622E-04  2.27346E-04  5.34219E-02
    9940.518      9.973   2.100  2.39732E-04  2.25102E-04  6.43968E-02
    9941.327     10.782   2.150  2.40654E-04  2.22876E-04  7.91732E-02
    9942.156     11.611   2.200  2.41007E-04  2.20691E-04  9.15433E-02
    9943.004     12.459   2.250  2.40115E-04  2.18889E-04  9.66867E-02
    9943.871     13.326   2.300  2.38311E-04  2.18092E-04  9.28700E-02
    9944.756     14.211   2.350  2.36024E-04  2.18181E-04  8.24038E-02
    9945.661     15.116   2.400  2.34290E-04  2.19169E-04  7.00723E-02
    9946.585     16.040   2.450  2.33127E-04  2.19923E-04  6.13404E-02
    9947.528     16.983   2.500  2.31767E-04  2.20006E-04  5.48030E-02
    9948.490     17.945   2.550  2.30097E-04  2.19747E-04  4.84061E-02
    9949.471     18.926   2.600  2.27959E-04  2.19333E-04  4.04884E-02
    9950.471     19.926   2.650  2.25213E-04  2.18857E-04  2.99337E-02
    9951.491     20.945   2.700  2.21809E-04  2.18363E-04  1.62791E-02
    9952.529     21.984   2.750  2.17810E-04  2.17891E-04 -3.81829E-04
    9953.586     23.041   2.800  2.13414E-04  2.17487E-04 -1.93128E-02
    9954.662     24.117   2.850  2.08903E-04  2.17180E-04 -3.92627E-02
    9955.758     25.213   2.900  2.04584E-04  2.16963E-04 -5.87007E-02
    9956.872     26.327   2.950  2.00737E-04  2.16810E-04 -7.61575E-02
    9958.006     27.461   3.000  1.97615E-04  2.16716E-04 -9.03948E-02
    9959.158     28.613   3.050  1.95389E-04  2.16686E-04 -1.00613E-01
    9960.330     29.785   3.100  1.94123E-04  2.16705E-04 -1.06478E-01
    9961.520     30.975   3.150  1.93814E-04  2.16787E-04 -1.08068E-01
    9962.730     32.185   3.200  1.94385E-04  2.16913E-04 -1.05704E-01
    9963.959     33.414   3.250  1.95741E-04  2.17089E-04 -9.98801E-02
    9965.207     34.661   3.300  1.97783E-04  2.17317E-04 -9.11165E-02
    9966.473     35.928   3.350  2.00395E-04  2.17579E-04 -7.98926E-02
    9967.759     37.214   3.400  2.03479E-04  2.17883E-04 -6.67430E-02
    9969.064     38.519   3.450  2.06923E-04  2.18229E-04 -5.22046E-02
    9970.388     39.843   3.500  2.10586E-04  2.18600E-04 -3.68711E-02
    9971.731     41.186   3.550  2.14349E-04  2.19006E-04 -2.13487E-02
    9973.093     42.548   3.600  2.18070E-04  2.19431E-04 -6.21780E-03
    9974.474     43.929   3.650  2.21643E-04  2.19878E-04  8.03041E-03
    9975.875     45.329   3.700  2.24979E-04  2.20337E-04  2.10392E-02
    9977.294     46.749   3.750  2.28036E-04  2.20812E-04  3.26256E-02
    9978.732     48.187   3.800  2.30789E-04  2.21296E-04  4.27205E-02
    9980.189     49.644   3.850  2.33233E-04  2.21780E-04  5.13598E-02
    9981.666     51.121   3.900  2.35369E-04  2.22265E-04  5.85638E-02
    9983.161     52.616   3.950  2.37185E-04  2.22746E-04  6.43236E-02
    9984.676     54.130   4.000  2.38653E-04  2.23217E-04  6.85459E-02
    9986.209     55.664   4.050  2.39733E-04  2.23678E-04  7.10885E-02
    9987.762     57.217   4.100  2.40365E-04  2.24117E-04  7.17409E-02
    9989.333     58.788   4.150  2.40505E-04  2.24534E-04  7.03355E-02
    9990.924     60.379   4.200  2.40118E-04  2.24928E-04  6.67401E-02
    9992.534     61.989   4.250  2.39198E-04  2.25296E-04  6.09472E-02
    9994.162     63.617   4.300  2.37756E-04  2.25629E-04  5.30632E-02
    9995.810     65.265   4.350  2.35861E-04  2.25941E-04  4.33314E-02
    9997.477     66.932   4.400  2.33569E-04  2.26205E-04  3.21211E-02
    9999.163     68.618   4.450  2.31009E-04  2.26444E-04  1.98884E-02
   10000.868     70.323   4.500  2.28279E-04  2.26637E-04  7.14384E-03
   10002.592     72.047   4.550  2.25516E-04  2.26795E-04 -5.56127E-03
   10004.335     73.790   4.600  2.22841E-04  2.26911E-04 -1.76929E-02
   10006.097     75.552   4.650  2.20375E-04  2.26989E-04 -2.87379E-02
   10007.878     77.333   4.700  2.18227E-04  2.27032E-04 -3.82517E-02
   10009.679     79.133   4.750  2.16473E-04  2.27030E-04 -4.58728E-02
   10011.498     80.953   4.800  2.15180E-04  2.26993E-04 -5.13469E-02
   10013.336     82.791   4.850  2.14379E-04  2.26923E-04 -5.45473E-02
   10015.194     84.648   4.900  2.14064E-04  2.26814E-04 -5.54838E-02
   10017.070     86.525   4.950  2.14216E-04  2.26681E-04 -5.42851E-02
   10018.965     88.420   5.000  2.14767E-04  2.26511E-04 -5.11934E-02
   10020.880     90.335   5.050  2.15656E-04  2.26320E-04 -4.65319E-02
   10022.814     92.268   5.100  2.16796E-04  2.26102E-04 -4.06556E-02
   10024.766     94.221   5.150  2.18105E-04  2.25861E-04 -3.39307E-02
   10026.738     96.193   5.200  2.19512E-04  2.25603E-04 -2.66805E-02
   10028.729     98.183   5.250  2.20957E-04  2.25330E-04 -1.91846E-02
   10030.738    100.193   5.300  2.22388E-04  2.25043E-04 -1.16605E-02
   10032.767    102.222   5.350  2.23780E-04  2.24751E-04 -4.27211E-03
   10034.815    104.270   5.400  2.25091E-04  2.24446E-04  2.84211E-03
   10036.882    106.337   5.450  2.26310E-04  2.24144E-04  9.55822E-03
   10038.968    108.423   5.500  2.27400E-04  2.23838E-04  1.57384E-02
   10041.073    110.528   5.550  2.28334E-04  2.23537E-04  2.12245E-02
   10043.197    112.652   5.600  2.29073E-04  2.23238E-04  2.58469E-02
   10045.340    114.795   5.650  2.29587E-04  2.22950E-04  2.94371E-02
   10047.502    116.957   5.700  2.29845E-04  2.22670E-04  3.18603E-02
   10049.683    119.138   5.750  2.29838E-04  2.22407E-04  3.30353E-02
   10051.884    121.339   5.800  2.29556E-04  2.22151E-04  3.29572E-02
   10054.103    123.558   5.850  2.29028E-04  2.21912E-04  3.17019E-02
   10056.341    125.796   5.900  2.28287E-04  2.21692E-04  2.94056E-02
   10058.599    128.054   5.950  2.27369E-04  2.21485E-04  2.62546E-02
   10060.875    130.330   6.000  2.26323E-04  2.21297E-04  2.24406E-02
   10063.171    132.626   6.050  2.25193E-04  2.21133E-04  1.81396E-02
   10065.485    134.940   6.100  2.24007E-04  2.20986E-04  1.35055E-02
   10067.819    137.274   6.150  2.22793E-04  2.20857E-04  8.65945E-03
   10070.172    139.626   6.200  2.21574E-04  2.20746E-04  3.70552E-03
   10072.543    141.998   6.250  2.20376E-04  2.20654E-04 -1.24615E-03
   10074.934    144.389   6.300  2.19223E-04  2.20579E-04 -6.06604E-03
   10077.344    146.799   6.350  2.18151E-04  2.20519E-04 -1.05947E-02
   10079.773    149.228   6.400  2.17203E-04  2.20477E-04 -1.46462E-02
   10082.221    151.676   6.450  2.16424E-04  2.20453E-04 -1.80232E-02
   10084.688    154.143   6.500  2.15844E-04  2.20436E-04 -2.05426E-02
   10087.174    156.629   6.550  2.15501E-04  2.20434E-04 -2.20649E-02
   10089.679    159.134   6.600  2.15407E-04  2.20441E-04 -2.25127E-02
   10092.203    161.658   6.650  2.15562E-04  2.20457E-04 -2.18867E-02
   10094.746    164.201   6.700  2.15943E-04  2.20477E-04 -2.02692E-02
   10097.308    166.763   6.750  2.16518E-04  2.20503E-04 -1.78109E-02
   10099.890    169.344   6.800  2.17237E-04  2.20530E-04 -1.47150E-02
   10102.490    171.945   6.850  2.18040E-04  2.20550E-04 -1.12152E-02
   10105.109    174.564   6.900  2.18885E-04  2.20575E-04 -7.54894E-03
   10107.748    177.202   6.950  2.19716E-04  2.20598E-04 -3.93884E-03
   10110.405    179.860   7.000  2.20479E-04  2.20607E-04 -5.72957E-04
   10113.082    182.536   7.050  2.21151E-04  2.20612E-04  2.40735E-03
   10115.777    185.232   7.100  2.21706E-04  2.20607E-04  4.91158E-03
   10118.492    187.947   7.150  2.22135E-04  2.20591E-04  6.90211E-03
   10121.225    190.680   7.200  2.22435E-04  2.20558E-04  8.38790E-03
   10123.978    193.433   7.250  2.22624E-04  2.20519E-04  9.41415E-03
   10126.750    196.205   7.300  2.22702E-04  2.20456E-04  1.00484E-02
   10129.541    198.996   7.350  2.22695E-04  2.20379E-04  1.03665E-02
   10132.351    201.805   7.400  2.22615E-04  2.20285E-04  1.04373E-02
   10135.179    204.634   7.450  2.22476E-04  2.20176E-04  1.03122E-02
   10138.027    207.482   7.500  2.22281E-04  2.20048E-04  1.00186E-02
   10140.894    210.349   7.550  2.22026E-04  2.19897E-04  9.55983E-03
   10143.781    213.235   7.600  2.21721E-04  2.19738E-04  8.92040E-03
   10146.686    216.140   7.650  2.21346E-04  2.19553E-04  8.07522E-03
   10149.610    219.065   7.700  2.20908E-04  2.19355E-04  7.00142E-03
   10152.553    222.008   7.750  2.20398E-04  2.19138E-04  5.68898E-03
   10155.515    224.970   7.800  2.19822E-04  2.18904E-04  4.14987E-03
   10158.497    227.951   7.850  2.19192E-04  2.18657E-04  2.42145E-03
   10161.497    230.952   7.900  2.18524E-04  2.18399E-04  5.66589E-04
   10164.516    233.971   7.950  2.17832E-04  2.18125E-04 -1.33103E-03
   10167.555    237.010   8.000  2.17148E-04  2.17846E-04 -3.17532E-03
   10170.612    240.067   8.050  2.16485E-04  2.17552E-04 -4.86735E-03
   10173.689    243.144   8.100  2.15871E-04  2.17254E-04 -6.31479E-03
   10176.785    246.239   8.150  2.15322E-04  2.16949E-04 -7.44083E-03
   10179.899    249.354   8.200  2.14855E-04  2.16643E-04 -8.19037E-03
   10183.033    252.488   8.250  2.14472E-04  2.16331E-04 -8.53358E-03
   10186.186    255.640   8.300  2.14181E-04  2.16022E-04 -8.46732E-03
   10189.357    258.812   8.350  2.13975E-04  2.15715E-04 -8.01390E-03
   10192.548    262.003   8.400  2.13839E-04  2.15404E-04 -7.21807E-03
   10195.758    265.213   8.450  2.13769E-04  2.15098E-04 -6.14320E-03
   10198.987    268.442   8.500  2.13751E-04  2.14802E-04 -4.86525E-03
   10202.235    271.690   8.550  2.13766E-04  2.14514E-04 -3.46720E-03
   10205.502    274.957   8.600  2.13793E-04  2.14230E-04 -2.03239E-03
   10208.788    278.243   8.650  2.13817E-04  2.13955E-04 -6.38360E-04
   10212.094    281.548   8.700  2.13829E-04  2.13690E-04  6.48622E-04
   10215.418    284.873   8.750  2.13815E-04  2.13434E-04  1.77776E-03
   10218.761    288.216   8.800  2.13771E-04  2.13189E-04  2.71642E-03
   10222.123    291.578   8.850  2.13691E-04  2.12953E-04  3.44911E-03
   10225.505    294.960   8.900  2.13578E-04  2.12729E-04  3.97605E-03
   10228.905    298.360   8.950  2.13440E-04  2.12521E-04  4.30909E-03
   10232.325    301.779   9.000  2.13272E-04  2.12320E-04  4.46735E-03
   10235.763    305.218   9.050  2.13085E-04  2.12133E-04  4.47198E-03
   10239.221    308.675   9.100  2.12880E-04  2.11956E-04  4.34268E-03
   10242.697    312.152   9.150  2.12661E-04  2.11791E-04  4.09551E-03
   10246.193    315.648   9.200  2.12429E-04  2.11634E-04  3.74258E-03
   10249.708    319.162   9.250  2.12185E-04  2.11486E-04  3.29317E-03
   10253.241    322.696   9.300  2.11927E-04  2.11343E-04  2.75621E-03
   10256.794    326.249   9.350  2.11668E-04  2.11214E-04  2.14295E-03
   10260.366    329.821   9.400  2.11400E-04  2.11089E-04  1.46933E-03
   10263.957    333.412   9.450  2.11124E-04  2.10964E-04  7.56900E-04
   10267.567    337.022   9.500  2.10855E-04  2.10848E-04  3.30975E-05
   10271.196    340.651   9.550  2.10595E-04  2.10737E-04 -6.70172E-04
   10274.844    344.299   9.600  2.10344E-04  2.10622E-04 -1.31951E-03
   10278.511    347.966   9.650  2.10114E-04  2.10511E-04 -1.88293E-03
   10282.197    351.652   9.700  2.09903E-04  2.10395E-04 -2.33307E-03
   10285.902    355.357   9.750  2.09726E-04  2.10284E-04 -2.65022E-03
   10289.627    359.082   9.800  2.09570E-04  2.10165E-04 -2.82446E-03
   10293.370    362.825   9.850  2.09439E-04  2.10039E-04 -2.85629E-03
   10297.132    366.587   9.900  2.09330E-04  2.09909E-04 -2.75632E-03
   10300.914    370.369   9.950  2.09238E-04  2.09772E-04 -2.54386E-03
   10304.714    374.169  10.000  2.09159E-04  2.09630E-04 -2.24387E-03
   10308.534    377.989  10.050  2.09086E-04  2.09481E-04 -1.88406E-03
   10312.372    381.827  10.100  2.09008E-04  2.09320E-04 -1.49163E-03
   10316.230    385.685  10.150  2.08918E-04  2.09146E-04 -1.09037E-03
   10320.107    389.561  10.200  2.08820E-04  2.08966E-04 -6.98798E-04
   10324.002    393.457  10.250  2.08706E-04  2.08775E-04 -3.29378E-04
   10327.917    397.372  10.300  2.08579E-04  2.08576E-04  1.09769E-05
   10331.851    401.306  10.350  2.08433E-04  2.08367E-04  3.19568E-04
   10335.804    405.259  10.400  2.08272E-04  2.08148E-04  5.95883E-04
   10339.776    409.230  10.450  2.08095E-04  2.07921E-04  8.39791E-04
   10343.767    413.221  10.500  2.07906E-04  2.07688E-04  1.04996E-03
   10347.777    417.231  10.550  2.07695E-04  2.07442E-04  1.22327E-03
   10351.806    421.261  10.600  2.07471E-04  2.07191E-04  1.35504E-03
   10355.854    425.309  10.650  2.07230E-04  2.06933E-04  1.43990E-03
   10359.921    429.376  10.700  2.06977E-04  2.06673E-04  1.47330E-03
   10364.007    433.462  10.750  2.06705E-04  2.06406E-04  1.45284E-03
   10368.112    437.567  10.800  2.06421E-04  2.06137E-04  1.37933E-03
   10372.237    441.692  10.850  2.06124E-04  2.05866E-04  1.25718E-03
   10376.380    445.835  10.900  2.05820E-04  2.05595E-04  1.09408E-03
   10380.542    449.997  10.950  2.05503E-04  2.05318E-04  9.00166E-04
   10384.724    454.179  11.000  2.05183E-04  2.05042E-04  6.86766E-04
   10388.924    458.379  11.050  2.04866E-04  2.04770E-04  4.65194E-04
   10393.144    462.599  11.100  2.04551E-04  2.04501E-04  2.45489E-04
   10397.383    466.837  11.150  2.04239E-04  2.04232E-04  3.59381E-05
   10401.640    471.095  11.200  2.03934E-04  2.03966E-04 -1.57263E-04
   10405.917    475.372  11.250  2.03639E-04  2.03707E-04 -3.29925E-04
   10410.213    479.668  11.300  2.03351E-04  2.03449E-04 -4.79413E-04
   10414.528    483.982  11.350  2.03076E-04  2.03199E-04 -6.04209E-04
   10418.861    488.316  11.400  2.02810E-04  2.02952E-04 -7.03468E-04
   10423.214    492.669  11.450  2.02556E-04  2.02714E-04 -7.76650E-04
   10427.586    497.041  11.500  2.02311E-04  2.02478E-04 -8.23407E-04
   10431.977    501.432  11.550  2.02079E-04  2.02249E-04 -8.43520E-04
   10436.387    505.842  11.600  2.01860E-04  2.02030E-04 -8.37133E-04
   10440.816    510.271  11.650  2.01651E-04  2.01814E-04 -8.04739E-04
   10445.265    514.719  11.700  2.01454E-04  2.01605E-04 -7.47596E-04
   10449.732    519.187  11.750  2.01270E-04  2.01405E-04 -6.67681E-04
   10454.218    523.673  11.800  2.01092E-04  2.01206E-04 -5.67972E-04
   10458.723    528.178  11.850  2.00920E-04  2.01011E-04 -4.52377E-04
   10463.248    532.703  11.900  2.00757E-04  2.00822E-04 -3.25639E-04
   10467.791    537.246  11.950  2.00601E-04  2.00640E-04 -1.93183E-04
   10472.354    541.808  12.000  2.00442E-04  2.00455E-04 -6.06925E-05
   10476.935    546.390  12.050  2.00290E-04  2.00276E-04  6.62379E-05
   10481.536    550.990  12.100  2.00142E-04  2.00105E-04  1.82595E-04
   10486.155    555.610  12.150  1.99985E-04  1.99928E-04  2.84457E-04
   10490.794    560.249  12.200  1.99824E-04  1.99750E-04  3.69181E-04
   10495.452    564.906  12.250  1.99666E-04  1.99579E-04  4.35589E-04
   10500.128    569.583  12.300  1.99498E-04  1.99401E-04  4.83860E-04
   10504.824    574.279  12.350  1.99326E-04  1.99223E-04  5.15201E-04
   10509.539    578.994  12.400  1.99148E-04  1.99042E-04  5.31374E-04
   10514.273    583.728  12.450  1.98962E-04  1.98855E-04  5.34140E-04
   10519.026    588.481  12.500  1.98772E-04  1.98667E-04  5.24953E-04
   10523.798    593.253  12.550  1.98576E-04  1.98475E-04  5.04551E-04
   10528.589    598.044  12.600  1.98371E-04  1.98277E-04  4.73006E-04
   10533.399    602.854  12.650  1.98155E-04  1.98069E-04  4.29801E-04
   10538.228    607.683  12.700  1.97934E-04  1.97860E-04  3.74355E-04
   10543.076    612.531  12.750  1.97708E-04  1.97648E-04  3.06317E-04
   10547.944    617.398  12.800  1.97465E-04  1.97420E-04  2.26010E-04
   10552.830    622.285  12.850  1.97218E-04  1.97192E-04  1.34829E-04
   10557.735    627.190  12.900  1.96966E-04  1.96959E-04  3.53690E-05
   10562.660    632.115  12.950  1.96704E-04  1.96718E-04 -6.86546E-05
   10567.603    637.058  13.000  1.96435E-04  1.96469E-04 -1.72563E-04
   10572.566    642.021  13.050  1.96158E-04  1.96211E-04 -2.71165E-04
   10577.547    647.002  13.100  1.95881E-04  1.95951E-04 -3.59198E-04
   10582.548    652.003  13.150  1.95599E-04  1.95683E-04 -4.31808E-04
   10587.567    657.022  13.200  1.95317E-04  1.95412E-04 -4.85081E-04
   10592.606    662.061  13.250  1.95032E-04  1.95133E-04 -5.16396E-04
   10597.664    667.119  13.300  1.94751E-04  1.94854E-04 -5.24552E-04
   10602.741    672.196  13.350  1.94472E-04  1.94572E-04 -5.10070E-04
   10607.837    677.291  13.400  1.94193E-04  1.94285E-04 -4.74808E-04
   10612.952    682.406  13.450  1.93915E-04  1.93997E-04 -4.21835E-04
   10618.085    687.540  13.500  1.93639E-04  1.93708E-04 -3.54995E-04
   10623.238    692.693  13.550  1.93362E-04  1.93416E-04 -2.78479E-04
   10628.411    697.865  13.600  1.93088E-04  1.93126E-04 -1.96345E-04
   10633.602    703.056  13.650  1.92815E-04  1.92837E-04 -1.12217E-04
   10638.812    708.267  13.700  1.92542E-04  1.92548E-04 -2.90622E-05
   10644.041    713.496  13.750  1.92269E-04  1.92259E-04  5.08644E-05
   10649.289    718.744  13.800  1.91997E-04  1.91973E-04  1.25961E-04
   10654.557    724.011  13.850  1.91731E-04  1.91693E-04  1.95081E-04
   10659.843    729.298  13.900  1.91463E-04  1.91414E-04  2.57225E-04
   10665.148    734.603  13.950  1.91197E-04  1.91138E-04  3.11420E-04
   10670.473    739.928  14.000  1.90934E-04  1.90866E-04  3.56516E-04
   10675.816    745.271  14.050  1.90674E-04  1.90599E-04  3.91088E-04
   10681.179    750.634  14.100  1.90418E-04  1.90339E-04  4.13530E-04
   10686.560    756.015  14.150  1.90160E-04  1.90080E-04  4.22229E-04
   10691.961    761.416  14.200  1.89903E-04  1.89824E-04  4.15707E-04
   10697.381    766.836  14.250  1.89649E-04  1.89574E-04  3.93039E-04
   10702.820    772.274  14.300  1.89393E-04  1.89326E-04  3.53969E-04
   10708.277    777.732  14.350  1.89142E-04  1.89085E-04  2.99238E-04
   10713.754    783.209  14.400  1.88890E-04  1.88846E-04  2.30629E-04
   10719.250    788.705  14.450  1.88644E-04  1.88615E-04  1.50999E-04
   10724.765    794.220  14.500  1.88392E-04  1.88380E-04  6.40607E-05
   10730.299    799.754  14.550  1.88147E-04  1.88151E-04 -2.57689E-05
   10735.852    805.307  14.600  1.87907E-04  1.87928E-04 -1.13836E-04
   10741.424    810.879  14.650  1.87665E-04  1.87702E-04 -1.95615E-04
   10747.015    816.470  14.700  1.87432E-04  1.87482E-04 -2.67021E-04
   10752.626    822.080  14.750  1.87193E-04  1.87254E-04 -3.24920E-04
   10758.255    827.710  14.800  1.86965E-04  1.87034E-04 -3.67045E-04
   10763.903    833.358  14.850  1.86738E-04  1.86812E-04 -3.92319E-04
   10769.570    839.025  14.900  1.86510E-04  1.86585E-04 -4.00660E-04
   10775.257    844.712  14.950  1.86284E-04  1.86357E-04 -3.92805E-04
   10780.962    850.417  15.000  1.86064E-04  1.86133E-04 -3.70198E-04
   10786.687    856.142  15.050  1.85836E-04  1.85898E-04 -3.34500E-04
   10792.430    861.885  15.100  1.85613E-04  1.85666E-04 -2.87611E-04
   10798.193    867.648  15.150  1.85384E-04  1.85427E-04 -2.31405E-04
   10803.975    873.429  15.200  1.85157E-04  1.85188E-04 -1.67691E-04
   10809.775    879.230  15.250  1.84927E-04  1.84945E-04 -9.82437E-05
   10815.595    885.050  15.300  1.84692E-04  1.84696E-04 -2.48877E-05
   10821.434    890.889  15.350  1.84456E-04  1.84446E-04  5.03001E-05
   10827.292    896.747  15.400  1.84211E-04  1.84188E-04  1.25031E-04
   10833.169    902.623  15.450  1.83963E-04  1.83926E-04  1.96657E-04
   10839.065    908.519  15.500  1.83708E-04  1.83659E-04  2.62228E-04
   10844.980    914.434  15.550  1.83447E-04  1.83389E-04  3.18596E-04
   10850.914    920.368  15.600  1.83184E-04  1.83118E-04  3.62691E-04
   10856.867    926.322  15.650  1.82911E-04  1.82839E-04  3.91790E-04
   10862.839    932.294  15.700  1.82631E-04  1.82557E-04  4.03706E-04
   10868.830    938.285  15.750  1.82343E-04  1.82270E-04  3.97229E-04
   10874.840    944.295  15.800  1.82050E-04  1.81982E-04  3.72183E-04
   10880.870    950.324  15.850  1.81750E-04  1.81690E-04  3.29668E-04
   10886.918    956.373  15.900  1.81449E-04  1.81399E-04  2.71887E-04
   10892.985    962.440  15.950  1.81138E-04  1.81102E-04  2.02058E-04
   10899.072    968.527  16.000  1.80833E-04  1.80810E-04  1.24139E-04
   10905.177    974.632  16.050  1.80520E-04  1.80512E-04  4.24450E-05
   10911.302    980.757  16.100  1.80206E-04  1.80213E-04 -3.87032E-05
   10917.445    986.900  16.150  1.79895E-04  1.79916E-04 -1.15377E-04
   10923.608    993.063  16.200  1.79590E-04  1.79623E-04 -1.84146E-04
   10929.790    999.245  16.250  1.79281E-04  1.79325E-04 -2.42430E-04
   10935.991   1005.445  16.300  1.78982E-04  1.79034E-04 -2.88510E-04
   10942.210   1011.665  16.350  1.78681E-04  1.78738E-04 -3.21316E-04
   10948.449   1017.904  16.400  1.78388E-04  1.78449E-04 -3.40471E-04
   10954.707   1024.162  16.450  1.78104E-04  1.78166E-04 -3.46164E-04
   10960.984   1030.439  16.500  1.77819E-04  1.77879E-04 -3.38928E-04
   10967.280   1036.735  16.550  1.77543E-04  1.77599E-04 -3.19481E-04
   10973.595   1043.050  16.600  1.77269E-04  1.77320E-04 -2.88854E-04
   10979.929   1049.384  16.650  1.76997E-04  1.77041E-04 -2.48241E-04
   10986.282   1055.737  16.700  1.76735E-04  1.76770E-04 -1.99031E-04
   10992.655   1062.109  16.750  1.76470E-04  1.76495E-04 -1.42973E-04
   10999.046   1068.501  16.800  1.76217E-04  1.76232E-04 -8.20697E-05
   11005.456   1074.911  16.850  1.75962E-04  1.75965E-04 -1.86202E-05
   11011.885   1081.340  16.900  1.75713E-04  1.75705E-04  4.48067E-05
   11018.334   1087.789  16.950  1.75465E-04  1.75446E-04  1.05496E-04
   11024.801   1094.256  17.000  1.75215E-04  1.75187E-04  1.60764E-04
   11031.288   1100.743  17.050  1.74967E-04  1.74930E-04  2.08136E-04
   11037.793   1107.248  17.100  1.74721E-04  1.74678E-04  2.45445E-04
   11044.318   1113.773  17.150  1.74469E-04  1.74422E-04  2.71119E-04
   11050.862   1120.316  17.200  1.74221E-04  1.74172E-04  2.84259E-04
   11057.424   1126.879  17.250  1.73970E-04  1.73920E-04  2.84621E-04
   11064.006   1133.461  17.300  1.73717E-04  1.73670E-04  2.72773E-04
   11070.607   1140.062  17.350  1.73463E-04  1.73420E-04  2.49823E-04
   11077.227   1146.681  17.400  1.73202E-04  1.73164E-04  2.17529E-04
   11083.866   1153.320  17.450  1.72943E-04  1.72912E-04  1.77900E-04
   11090.523   1159.978  17.500  1.72676E-04  1.72653E-04  1.33137E-04
   11097.200   1166.655  17.550  1.72417E-04  1.72402E-04  8.54371E-05
   11103.897   1173.351  17.600  1.72149E-04  1.72143E-04  3.69271E-05
   11110.612   1180.066  17.650  1.71874E-04  1.71876E-04 -1.05874E-05
   11117.346   1186.801  17.700  1.71605E-04  1.71615E-04 -5.55010E-05
   11124.099   1193.554  17.750  1.71330E-04  1.71346E-04 -9.64732E-05
   11130.871   1200.326  17.800  1.71054E-04  1.71077E-04 -1.32465E-04
   11137.663   1207.117  17.850  1.70777E-04  1.70805E-04 -1.62619E-04
   11144.473   1213.928  17.900  1.70496E-04  1.70528E-04 -1.86149E-04
   11151.302   1220.757  17.950  1.70218E-04  1.70253E-04 -2.02534E-04
   11158.151   1227.606  18.000  1.69931E-04  1.69967E-04 -2.11212E-04
   11165.018   1234.473  18.050  1.69650E-04  1.69686E-04 -2.11976E-04
   11171.905   1241.360  18.100  1.69363E-04  1.69398E-04 -2.04687E-04
   11178.810   1248.265  18.150  1.69074E-04  1.69106E-04 -1.89492E-04
   11185.735   1255.190  18.200  1.68787E-04  1.68816E-04 -1.66912E-04
   11192.679   1262.134  18.250  1.68494E-04  1.68518E-04 -1.37628E-04
   11199.641   1269.096  18.300  1.68201E-04  1.68218E-04 -1.02935E-04
   11206.623   1276.078  18.350  1.67914E-04  1.67925E-04 -6.42323E-05
   11213.624   1283.079  18.400  1.67616E-04  1.67619E-04 -2.32614E-05
   11220.644   1290.099  18.450  1.67323E-04  1.67320E-04  1.80611E-05
   11227.683   1297.138  18.500  1.67030E-04  1.67020E-04  5.77951E-05
   11234.741   1304.196  18.550  1.66736E-04  1.66721E-04  9.40590E-05
   11241.818   1311.273  18.600  1.66440E-04  1.66419E-04  1.25236E-04
   11248.914   1318.369  18.650  1.66137E-04  1.66112E-04  1.49895E-04
   11256.029   1325.484  18.700  1.65840E-04  1.65813E-04  1.67141E-04
   11263.163   1332.618  18.750  1.65543E-04  1.65513E-04  1.76389E-04
   11270.317   1339.771  18.800  1.65244E-04  1.65214E-04  1.77628E-04
   11277.489   1346.944  18.850  1.64944E-04  1.64915E-04  1.71181E-04
   11284.680   1354.135  18.900  1.64650E-04  1.64624E-04  1.57687E-04
   11291.891   1361.346  18.950  1.64349E-04  1.64327E-04  1.38101E-04
   11299.120   1368.575  19.000  1.64055E-04  1.64036E-04  1.13611E-04
   11306.369   1375.823  19.050  1.63761E-04  1.63747E-04  8.55602E-05
   11313.636   1383.091  19.100  1.63469E-04  1.63460E-04  5.52275E-05
   11320.923   1390.378  19.150  1.63182E-04  1.63178E-04  2.39635E-05
   11328.228   1397.683  19.200  1.62891E-04  1.62892E-04 -6.96902E-06
   11335.553   1405.008  19.250  1.62607E-04  1.62613E-04 -3.63175E-05
   11342.897   1412.352  19.300  1.62324E-04  1.62334E-04 -6.30400E-05
   11350.260   1419.714  19.350  1.62044E-04  1.62058E-04 -8.61445E-05
   11357.641   1427.096  19.400  1.61769E-04  1.61786E-04 -1.04870E-04
   11365.042   1434.497  19.450  1.61497E-04  1.61516E-04 -1.18606E-04
   11372.462   1441.917  19.500  1.61221E-04  1.61242E-04 -1.26969E-04
   11379.901   1449.356  19.550  1.60958E-04  1.60979E-04 -1.29792E-04
   11387.359   1456.814  19.600  1.60690E-04  1.60711E-04 -1.27193E-04
   11394.836   1464.291  19.650  1.60424E-04  1.60443E-04 -1.19374E-04
   11402.333   1471.787  19.700  1.60160E-04  1.60177E-04 -1.06947E-04
   11409.848   1479.303  19.750  1.59896E-04  1.59910E-04 -9.05455E-05
   11417.382   1486.837  19.800  1.59638E-04  1.59649E-04 -7.11248E-05
   11424.935   1494.390  19.850  1.59377E-04  1.59385E-04 -4.96252E-05
   11432.508   1501.963  19.900  1.59116E-04  1.59121E-04 -2.70834E-05
   11440.099   1509.554  19.950  1.58858E-04  1.58859E-04 -4.55075E-06
